A,06/23/2023,117.76,119.25,117.58,118.88,1912
A,06/22/2023,118.84,118.95,117.17,118.68,17359
A,06/21/2023,117.79,119.11,117.27,118.33,13875
A,06/20/2023,117.87,118.79,116.88,118.16,20239
A,06/16/2023,122.22,123.18,120.63,121.13,38820
A,06/15/2023,118.81,121.74,118.73,121.23,17893
A,06/14/2023,119.99,120.97,118.90,119.40,25030
A,06/13/2023,118.68,121.16,118.68,119.50,24809
A,06/12/2023,115.86,118.65,115.82,118.54,27466
A,06/09/2023,115.58,116.00,114.16,115.79,19812
A,06/08/2023,115.93,116.90,114.66,114.69,25537
A,06/07/2023,116.56,117.37,115.14,116.59,36257
A,06/06/2023,118.78,119.22,116.64,117.44,17587
A,06/05/2023,118.58,119.76,117.09,118.35,20913
A,06/02/2023,117.77,118.41,116.02,118.22,32592
A,06/01/2023,116.97,117.64,115.00,116.26,34280
A,05/31/2023,116.99,117.15,114.80,115.67,35602
A,05/30/2023,120.01,121.31,117.67,117.73,19886
A,05/26/2023,120.07,120.72,118.38,120.42,20445
A,05/25/2023,121.41,121.41,117.64,119.49,31708
A,05/24/2023,115.21,121.09,113.28,120.99,68327
A,05/23/2023,128.88,130.54,127.91,128.64,26793
A,05/22/2023,128.66,129.75,128.29,129.09,17228
A,05/19/2023,129.59,130.47,128.62,128.87,14066
A,05/18/2023,127.65,129.33,126.49,129.14,16254
A,05/17/2023,127.04,127.79,125.78,127.77,19657
A,05/16/2023,126.97,127.40,125.79,126.29,11806
A,05/15/2023,127.94,128.19,126.75,127.99,12627
A,05/12/2023,128.68,128.68,126.53,127.49,14225
A,05/11/2023,126.99,127.70,125.47,127.66,15578
A,05/10/2023,128.71,128.90,126.16,128.06,12527
A,05/09/2023,128.50,128.50,125.36,127.35,34350
A,05/08/2023,134.01,134.21,131.75,132.45,10037
A,05/05/2023,135.30,135.41,131.90,133.30,18901
A,05/04/2023,135.38,136.04,133.76,133.88,10103
A,05/03/2023,135.89,136.54,134.63,134.77,12331
A,05/02/2023,135.02,137.16,134.26,134.52,16274
A,05/01/2023,136.02,137.14,135.76,136.08,10119
A,04/28/2023,133.45,136.93,133.45,135.43,19388
A,04/27/2023,132.96,133.86,131.33,133.25,11124
A,04/26/2023,128.15,133.84,128.11,133.12,30038
A,04/25/2023,136.54,136.78,129.72,130.37,21549
A,04/24/2023,138.80,139.52,138.09,138.48,8108
A,04/21/2023,136.57,138.56,136.21,138.50,14860
A,04/20/2023,136.86,137.05,134.87,135.53,13202
A,04/19/2023,138.37,139.62,137.68,138.93,11784
A,04/18/2023,140.73,140.99,138.21,139.00,12183
A,04/17/2023,139.62,140.21,138.89,140.19,11155
A,04/14/2023,140.36,141.19,138.93,139.20,9530
A,04/13/2023,139.18,141.48,138.99,141.28,9909
A,04/12/2023,140.19,141.36,137.82,138.36,10163
A,04/11/2023,138.87,139.93,138.15,138.52,12350
A,04/10/2023,137.38,138.08,135.86,138.02,10770
A,04/06/2023,138.01,138.12,136.59,138.03,11459
A,04/05/2023,137.74,139.27,136.67,138.09,20136
A,04/04/2023,138.25,139.11,137.53,138.21,17781
A,04/03/2023,136.85,138.09,136.01,137.86,15489
A,03/31/2023,135.40,138.73,134.86,138.34,25357
A,03/30/2023,135.27,135.54,133.32,134.49,14444
A,03/29/2023,133.95,134.24,132.63,133.85,10027
A,03/28/2023,132.54,133.31,132.01,132.63,9330
A,03/27/2023,133.58,134.62,132.73,133.07,12163
A,03/24/2023,130.14,131.98,128.22,131.96,15441
A,03/23/2023,134.66,135.07,129.37,131.13,32977
A,03/22/2023,136.96,137.54,133.60,133.73,12598
A,03/21/2023,135.56,137.42,135.22,137.01,13242
A,03/20/2023,133.14,135.38,132.73,134.54,12011
A,03/17/2023,136.89,136.92,132.73,133.18,19465
A,03/16/2023,133.97,137.05,132.37,136.82,17875
A,03/15/2023,135.93,135.93,132.20,134.03,19987
A,03/14/2023,138.44,139.60,136.43,138.40,12552
A,03/13/2023,135.55,138.28,134.76,136.69,17649
A,03/10/2023,139.19,139.44,134.71,135.72,18959
A,03/09/2023,141.26,142.00,138.30,138.93,13288
A,03/08/2023,140.15,141.58,139.38,140.90,11304
A,03/07/2023,143.56,143.66,140.23,140.33,10704
A,03/06/2023,143.35,145.44,142.68,143.23,11534
A,03/03/2023,142.54,144.44,141.98,143.93,11477
A,03/02/2023,136.30,141.72,136.08,141.67,18449
A,03/01/2023,137.15,139.99,136.25,137.51,31307
A,02/28/2023,141.75,143.38,141.39,141.97,22004
A,02/27/2023,142.88,143.76,141.81,142.18,11421
A,02/24/2023,141.46,142.24,138.72,141.20,15219
A,02/23/2023,142.09,143.58,141.31,143.20,15115
A,02/22/2023,143.37,143.44,140.95,142.08,16442
A,02/21/2023,146.28,146.65,142.63,143.42,16908
A,02/17/2023,147.26,148.94,146.49,148.26,11939
A,02/16/2023,148.81,150.16,147.23,148.28,11003
A,02/15/2023,152.22,152.33,150.30,151.75,9629
A,02/14/2023,154.34,155.75,151.45,153.04,8425
A,02/13/2023,153.27,154.66,152.01,154.60,9253
A,02/10/2023,151.80,152.99,151.07,152.55,9347
A,02/09/2023,155.67,156.32,151.54,152.38,8518
A,02/08/2023,153.64,155.17,153.23,154.42,10652
A,02/07/2023,151.49,154.96,151.13,154.51,8759
A,02/06/2023,152.73,154.40,151.36,152.24,7714
A,02/03/2023,153.17,155.42,152.74,154.55,9476
A,02/02/2023,156.66,157.31,154.77,155.50,16894
A,02/01/2023,153.31,156.29,151.72,155.45,14756
A,01/31/2023,151.61,153.46,150.21,152.08,19896
A,01/30/2023,154.50,155.52,150.88,151.74,14007
A,01/27/2023,155.42,156.96,154.81,155.69,6462
A,01/26/2023,156.97,157.66,155.19,156.23,7731
A,01/25/2023,154.00,156.55,152.83,155.76,7352
A,01/24/2023,156.27,158.51,154.46,155.69,11208
A,01/23/2023,156.00,159.59,155.67,159.06,9748
A,01/20/2023,153.50,156.01,152.41,155.92,13436
A,01/19/2023,153.58,154.92,152.14,152.87,10152
A,01/18/2023,156.26,158.16,153.64,154.07,11506
A,01/17/2023,156.68,158.11,155.03,155.40,16022
A,01/13/2023,155.54,157.28,154.50,156.92,9069
A,01/12/2023,158.16,158.60,155.58,156.49,8091
A,01/11/2023,155.23,158.58,155.23,158.17,12365
A,01/10/2023,150.75,155.55,148.75,155.23,15647
A,01/09/2023,149.69,151.28,147.20,147.47,12676
A,01/06/2023,154.36,154.64,143.01,147.67,24447
A,01/05/2023,150.00,153.07,148.77,152.11,16916
A,01/04/2023,151.65,153.04,150.24,151.67,12470
A,01/03/2023,151.96,153.13,148.47,150.04,14142
A,12/30/2022,149.76,149.85,147.83,149.65,6987
A,12/29/2022,149.61,151.90,149.02,151.09,8539
A,12/28/2022,149.78,151.37,147.64,148.09,7821
A,12/27/2022,149.23,149.81,147.30,149.55,8795
A,12/23/2022,149.01,150.25,148.22,149.23,7791
A,12/22/2022,148.41,149.19,146.61,149.01,11667
A,12/21/2022,148.94,150.27,147.89,150.09,12368
A,12/20/2022,147.27,149.18,145.88,147.93,15481
A,12/19/2022,148.91,149.13,146.24,146.95,12739
A,12/16/2022,149.61,149.95,147.91,149.30,24116
A,12/15/2022,152.81,153.04,150.24,150.86,14722
A,12/14/2022,157.26,158.44,154.16,154.81,13275
A,12/13/2022,159.20,160.27,156.76,157.66,15304
A,12/12/2022,154.01,155.98,153.43,155.33,10671
A,12/09/2022,155.67,156.70,152.68,152.95,10122
A,12/08/2022,154.42,156.99,153.48,156.28,12898
A,12/07/2022,151.23,154.36,151.13,153.73,10083
A,12/06/2022,152.15,153.00,149.91,151.35,11704
A,12/05/2022,153.60,153.89,151.25,152.70,11159
A,12/02/2022,153.97,156.73,153.59,155.67,11831
A,12/01/2022,156.73,156.99,154.42,156.12,13707
A,11/30/2022,151.38,154.98,149.10,154.98,24481
A,11/29/2022,151.88,152.90,150.49,150.94,9545
A,11/28/2022,155.87,156.85,151.73,152.30,13843
A,11/25/2022,155.09,156.96,154.71,156.96,6426
A,11/23/2022,156.67,157.28,154.35,155.35,14437
A,11/22/2022,152.80,157.44,151.98,156.86,35123
A,11/21/2022,145.62,147.16,144.43,145.14,16174
A,11/18/2022,147.50,147.96,144.15,146.19,12700
A,11/17/2022,145.33,145.56,142.16,144.44,14417
A,11/16/2022,148.19,148.75,146.35,147.12,14641
A,11/15/2022,148.27,149.46,146.50,148.00,12991
A,11/14/2022,149.01,149.71,146.30,146.38,11949
A,11/11/2022,147.12,149.74,146.35,148.31,12274
A,11/10/2022,143.73,146.72,142.53,146.30,15740
A,11/09/2022,138.31,139.42,136.66,137.00,9454
A,11/08/2022,138.50,140.69,136.60,138.75,10281
A,11/07/2022,136.85,138.08,135.56,138.03,12136
A,11/04/2022,135.65,137.01,133.11,136.08,12612
A,11/03/2022,133.77,135.87,130.66,134.46,11943
A,11/02/2022,140.61,140.94,135.21,135.27,17991
A,11/01/2022,139.50,141.35,138.06,140.89,11812
A,10/31/2022,137.69,138.93,137.35,138.35,12647
A,10/28/2022,136.38,139.12,135.02,138.77,9018
A,10/27/2022,137.26,137.99,135.33,136.49,9271
A,10/26/2022,134.43,139.31,134.00,137.69,13818
A,10/25/2022,132.30,135.10,132.30,134.50,12059
A,10/24/2022,131.13,133.13,129.81,132.30,10416
A,10/21/2022,126.37,130.12,124.82,129.88,10669
A,10/20/2022,127.83,129.74,125.61,125.94,18952
A,10/19/2022,130.11,130.27,127.24,128.96,10339
A,10/18/2022,133.92,134.68,131.20,132.30,10356
A,10/17/2022,127.38,131.09,127.38,130.56,11979
A,10/14/2022,129.00,130.22,125.47,125.70,12172
A,10/13/2022,123.00,128.83,122.35,127.90,15445
A,10/12/2022,126.20,127.10,125.27,125.69,10687
A,10/11/2022,125.00,127.89,124.16,125.64,19454
A,10/10/2022,128.05,128.05,124.31,125.95,12427
A,10/07/2022,130.45,130.93,126.96,127.44,11546
A,10/06/2022,132.30,133.82,131.60,132.18,12069
A,10/05/2022,129.99,133.53,129.50,132.64,15575
A,10/04/2022,128.79,131.56,128.58,131.41,16263
A,10/03/2022,122.73,127.30,121.68,126.38,13378
A,09/30/2022,123.02,125.13,121.38,121.55,15919
A,09/29/2022,122.81,124.24,122.28,122.74,13104
A,09/28/2022,122.77,124.43,121.60,123.72,13581
A,09/27/2022,123.87,124.07,120.60,121.61,10403
A,09/26/2022,123.18,124.25,121.63,122.31,15963
A,09/23/2022,123.73,124.43,121.44,123.48,14782
A,09/22/2022,125.46,126.04,123.76,124.39,13749
A,09/21/2022,128.73,130.58,126.33,126.48,10768
A,09/20/2022,129.10,129.61,126.82,128.14,12743
A,09/19/2022,128.79,130.79,128.36,130.72,10448
A,09/16/2022,132.12,132.13,128.28,129.89,22705
A,09/15/2022,133.81,135.51,132.65,133.16,14409
A,09/14/2022,133.80,135.36,132.10,133.25,15768
A,09/13/2022,136.26,137.41,133.44,133.54,15746
A,09/12/2022,137.34,140.00,137.23,139.87,18507
A,09/09/2022,135.98,137.92,135.43,137.63,24252
A,09/08/2022,130.93,135.27,130.71,135.19,13519
A,09/07/2022,128.97,131.83,128.61,131.43,11984
A,09/06/2022,129.38,130.57,127.72,129.30,15335
A,09/02/2022,129.79,130.27,127.12,128.01,16881
A,09/01/2022,127.63,129.11,126.21,128.93,12820
A,08/31/2022,129.38,130.23,128.00,128.25,17791
A,08/30/2022,128.51,129.02,127.16,128.28,16424
A,08/29/2022,128.43,129.35,127.18,128.11,8673
A,08/26/2022,136.00,136.05,129.78,129.87,11674
A,08/25/2022,135.30,136.08,133.99,136.01,9688
A,08/24/2022,133.02,134.54,132.65,133.67,10156
A,08/23/2022,133.11,134.11,132.04,132.64,11221
A,08/22/2022,135.30,136.03,133.56,133.94,12482
A,08/19/2022,139.35,139.73,137.26,137.62,14749
A,08/18/2022,141.88,141.96,138.76,139.97,17381
A,08/17/2022,147.06,149.00,140.03,142.29,41059
A,08/16/2022,132.89,133.42,131.66,132.77,16345
A,08/15/2022,133.28,134.62,132.67,133.90,12219
A,08/12/2022,132.26,133.63,131.43,133.55,8657
A,08/11/2022,132.91,135.13,131.59,131.95,11592
A,08/10/2022,131.37,132.77,130.15,132.58,10214
A,08/09/2022,132.50,132.50,128.02,128.88,8946
A,08/08/2022,134.20,134.42,132.14,132.52,12570
A,08/05/2022,132.27,133.84,131.75,133.61,6744
A,08/04/2022,134.69,135.00,132.74,133.77,8955
A,08/03/2022,134.00,135.26,133.02,134.56,21123
A,08/02/2022,132.41,134.68,131.09,131.28,13965
A,08/01/2022,133.51,135.23,133.26,133.43,10678
A,07/29/2022,131.27,134.50,130.90,134.10,21893
A,07/28/2022,128.17,131.83,126.78,131.11,18602
A,07/27/2022,125.00,128.33,124.71,127.71,13946
A,07/26/2022,124.66,125.63,123.37,125.17,12109
A,07/25/2022,125.05,125.41,123.19,124.26,10018
A,07/22/2022,127.41,128.54,124.31,125.04,10751
A,07/21/2022,122.46,127.34,122.12,127.19,16809
A,07/20/2022,119.93,121.21,119.25,119.86,13082
A,07/19/2022,116.99,119.34,116.37,119.06,12953
A,07/18/2022,118.95,119.39,114.46,115.11,11702
A,07/15/2022,117.78,118.88,116.00,118.83,9631
A,07/14/2022,117.10,117.73,113.02,115.88,13172
A,07/13/2022,117.41,119.70,116.86,118.65,13726
A,07/12/2022,122.43,123.41,118.75,119.24,11954
A,07/11/2022,121.61,123.46,121.01,123.12,13003
A,07/08/2022,120.96,123.21,120.96,122.51,12559
A,07/07/2022,120.99,123.22,120.62,123.15,12134
A,07/06/2022,120.80,122.34,120.56,121.18,16420
A,07/05/2022,117.75,120.68,116.49,120.56,14837
A,07/01/2022,118.79,119.76,116.70,119.21,10975
A,06/30/2022,116.00,119.95,116.00,118.77,16043
A,06/29/2022,117.19,118.54,116.24,117.90,8886
A,06/28/2022,120.45,121.24,116.72,117.06,14251
A,06/27/2022,121.83,122.30,119.85,120.57,18034
A,06/24/2022,119.95,121.35,118.45,121.29,37771
A,06/23/2022,114.60,118.75,114.27,118.60,18014
A,06/22/2022,112.66,115.08,112.52,113.80,25493
A,06/21/2022,114.41,115.57,113.76,113.88,15862
A,06/17/2022,114.77,116.73,112.67,112.71,26633
A,06/16/2022,113.80,115.08,113.36,114.96,15946
A,06/15/2022,117.24,117.77,113.77,116.47,18861
A,06/14/2022,115.99,116.70,113.25,116.01,13140
A,06/13/2022,116.48,117.70,115.38,116.28,13820
A,06/10/2022,121.63,121.93,119.90,120.57,13747
A,06/09/2022,126.09,126.92,124.13,124.14,8143
A,06/08/2022,127.88,128.64,126.40,126.84,10482
A,06/07/2022,126.57,131.20,126.57,128.90,12303
A,06/06/2022,129.38,130.00,126.97,127.63,12629
A,06/03/2022,127.62,128.72,126.42,128.49,17210
A,06/02/2022,122.96,129.19,122.30,129.10,14444
A,06/01/2022,127.86,128.98,122.43,123.09,17543
A,05/31/2022,128.91,130.07,126.72,127.56,30638
A,05/27/2022,124.92,130.77,124.49,130.55,26933
A,05/26/2022,120.75,124.22,120.72,123.85,17680
A,05/25/2022,127.21,127.46,119.18,120.38,35244
A,05/24/2022,125.32,126.00,123.80,124.41,21444
A,05/23/2022,126.45,126.47,123.76,125.98,19980
A,05/20/2022,124.03,125.58,122.44,125.13,25847
A,05/19/2022,120.31,123.58,119.53,122.40,22967
A,05/18/2022,121.19,121.91,120.31,120.79,13359
A,05/17/2022,122.70,123.70,121.45,123.08,22130
A,05/16/2022,119.63,121.03,118.83,120.30,20116
A,05/13/2022,117.38,120.72,117.27,119.38,12268
A,05/12/2022,113.61,116.25,112.78,116.13,13287
A,05/11/2022,115.67,118.00,113.84,113.99,14911
A,05/10/2022,115.44,117.94,113.14,116.64,20249
A,05/09/2022,119.13,119.13,112.64,113.11,18508
A,05/06/2022,120.88,121.88,118.00,121.08,15934
A,05/05/2022,124.62,125.21,120.80,122.15,21015
A,05/04/2022,121.69,126.69,121.44,126.30,24541
A,05/03/2022,119.72,123.98,119.09,122.40,32077
A,05/02/2022,118.38,120.34,116.49,119.57,17423
A,04/29/2022,120.71,123.89,119.05,119.27,22575
A,04/28/2022,119.52,121.56,117.93,121.06,31499
A,04/27/2022,118.20,120.85,117.53,117.68,19618
A,04/26/2022,121.00,121.28,117.24,117.94,29280
A,04/25/2022,119.53,121.61,118.23,121.45,22351
A,04/22/2022,124.77,125.10,121.15,121.32,17644
A,04/21/2022,130.36,131.03,124.85,125.29,21548
A,04/20/2022,127.71,130.32,126.84,129.37,20111
A,04/19/2022,123.71,126.83,123.70,126.53,15332
A,04/18/2022,126.44,126.75,123.13,123.84,15949
A,04/14/2022,128.42,128.96,125.57,126.44,33317
A,04/13/2022,125.26,128.53,124.91,128.29,27002
A,04/12/2022,131.69,132.19,125.03,125.39,26566
A,04/11/2022,133.22,133.88,130.46,131.26,23062
A,04/08/2022,135.71,136.99,134.65,134.87,20612
A,04/07/2022,132.90,137.08,132.23,135.93,19423
A,04/06/2022,132.01,133.32,129.86,132.71,22379
A,04/05/2022,134.09,135.42,132.85,133.26,17855
A,04/04/2022,133.86,135.40,132.89,134.81,13759
A,04/01/2022,134.32,134.60,131.86,133.97,14577
A,03/31/2022,135.17,136.79,132.29,132.33,30052
A,03/30/2022,137.93,138.22,134.52,135.46,14397
A,03/29/2022,138.22,139.32,137.21,138.42,15894
A,03/28/2022,136.25,137.25,134.46,135.42,15655
A,03/25/2022,137.30,137.66,133.70,135.71,14036
A,03/24/2022,134.89,136.58,133.59,136.41,13467
A,03/23/2022,137.75,137.96,133.45,134.18,13367
A,03/22/2022,138.01,140.20,137.65,139.29,19716
A,03/21/2022,137.63,139.79,137.01,138.14,12851
A,03/18/2022,136.21,139.39,136.21,139.12,27389
A,03/17/2022,134.00,136.85,133.61,136.82,11631
A,03/16/2022,131.93,135.61,131.30,135.00,16725
A,03/15/2022,129.22,131.15,128.87,130.28,16473
A,03/14/2022,131.00,132.26,126.90,127.58,17371
A,03/11/2022,135.43,136.44,130.16,130.31,18154
A,03/10/2022,131.51,134.52,131.29,134.33,19110
A,03/09/2022,132.85,133.94,131.19,133.26,17799
A,03/08/2022,128.64,132.50,127.54,129.32,23588
A,03/07/2022,133.55,133.55,128.43,130.34,23675
A,03/04/2022,135.85,137.12,132.14,133.89,38245
A,03/03/2022,133.73,138.00,133.44,137.17,35913
A,03/02/2022,132.68,133.96,131.80,133.16,17079
A,03/01/2022,130.83,132.92,130.09,131.93,26340
A,02/28/2022,132.03,132.88,129.15,130.36,30287
A,02/25/2022,128.84,133.75,127.92,133.73,28696
A,02/24/2022,124.09,128.63,123.06,128.15,33781
A,02/23/2022,129.88,134.37,125.95,126.00,39260
A,02/22/2022,130.87,132.69,129.26,130.49,30303
A,02/18/2022,130.50,133.43,130.00,132.05,36118
A,02/17/2022,134.64,134.64,129.71,130.25,25660
A,02/16/2022,135.55,135.60,132.11,135.15,31712
A,02/15/2022,137.25,138.06,134.73,135.91,23642
A,02/14/2022,136.96,137.69,134.10,135.21,21935
