ACN,06/23/2023,299.32,302.26,297.70,301.84,5854
ACN,06/22/2023,298.21,307.57,296.00,307.25,48712
ACN,06/21/2023,316.49,317.67,313.09,313.20,30256
ACN,06/20/2023,317.26,320.63,315.01,317.40,33483
ACN,06/16/2023,325.92,327.93,319.09,319.54,52032
ACN,06/15/2023,319.18,325.08,315.34,323.77,31901
ACN,06/14/2023,316.02,318.36,313.30,315.05,24142
ACN,06/13/2023,315.32,317.47,313.39,315.16,39817
ACN,06/12/2023,307.83,311.85,307.54,311.48,26390
ACN,06/09/2023,309.13,311.17,306.64,308.72,22011
ACN,06/08/2023,310.87,310.87,306.71,307.33,18590
ACN,06/07/2023,309.48,312.00,307.16,311.03,24784
ACN,06/06/2023,302.88,309.31,301.76,308.04,24051
ACN,06/05/2023,305.34,307.40,301.89,304.45,34303
ACN,06/02/2023,307.50,312.20,306.62,311.39,22463
ACN,06/01/2023,305.73,306.09,300.09,305.20,23617
ACN,05/31/2023,304.68,310.35,303.00,305.92,48798
ACN,05/30/2023,306.21,318.91,305.00,308.43,61808
ACN,05/26/2023,293.83,308.60,293.64,303.60,43831
ACN,05/25/2023,288.51,293.15,285.18,291.76,35639
ACN,05/24/2023,286.03,288.29,284.90,286.82,27451
ACN,05/23/2023,289.16,291.04,287.12,288.10,22161
ACN,05/22/2023,289.37,291.77,288.87,290.95,20355
ACN,05/19/2023,288.60,291.35,287.35,289.91,16414
ACN,05/18/2023,284.54,287.92,284.26,287.48,18696
ACN,05/17/2023,281.19,286.37,280.23,284.63,24753
ACN,05/16/2023,277.09,280.70,276.36,279.19,18517
ACN,05/15/2023,276.31,278.53,274.62,277.51,27622
ACN,05/12/2023,273.13,277.30,272.50,277.19,26575
ACN,05/11/2023,270.31,272.44,268.18,272.27,25101
ACN,05/10/2023,265.85,269.91,264.42,268.89,27875
ACN,05/09/2023,262.95,264.49,261.68,263.48,17293
ACN,05/08/2023,266.02,267.00,263.47,264.82,18208
ACN,05/05/2023,269.22,270.38,264.39,265.65,25862
ACN,05/04/2023,273.28,273.78,265.68,266.50,25241
ACN,05/03/2023,278.12,279.58,274.82,275.18,18256
ACN,05/02/2023,279.86,280.38,274.03,276.74,17283
ACN,05/01/2023,279.09,279.91,277.45,279.42,11655
ACN,04/28/2023,273.72,280.43,273.72,280.29,20792
ACN,04/27/2023,273.85,276.49,270.83,275.45,18715
ACN,04/26/2023,271.85,273.57,270.20,271.21,18907
ACN,04/25/2023,275.86,276.71,270.59,270.70,19338
ACN,04/24/2023,275.80,277.62,274.86,277.25,13593
ACN,04/21/2023,275.73,277.83,275.40,276.33,15984
ACN,04/20/2023,277.28,277.57,274.00,275.55,25116
ACN,04/19/2023,278.80,280.00,277.51,279.90,21272
ACN,04/18/2023,281.36,281.41,278.41,279.96,18819
ACN,04/17/2023,278.78,281.82,278.78,279.98,28932
ACN,04/14/2023,283.29,284.95,277.78,279.25,26166
ACN,04/13/2023,283.37,285.42,279.72,285.27,31635
ACN,04/12/2023,288.39,288.65,282.94,283.76,21678
ACN,04/11/2023,283.01,287.66,282.55,286.33,28857
ACN,04/10/2023,277.99,281.73,276.36,281.68,14177
ACN,04/06/2023,280.66,282.24,278.86,281.70,20314
ACN,04/05/2023,286.24,286.90,280.91,281.33,23261
ACN,04/04/2023,284.44,287.43,284.22,285.84,21960
ACN,04/03/2023,283.16,286.46,283.16,285.84,24128
ACN,03/31/2023,283.12,285.96,282.61,285.81,29506
ACN,03/30/2023,281.00,283.04,280.78,282.66,22465
ACN,03/29/2023,276.00,280.26,276.00,279.94,22791
ACN,03/28/2023,273.92,276.16,272.60,275.00,27132
ACN,03/27/2023,270.73,274.36,270.64,273.96,37426
ACN,03/24/2023,270.45,272.08,264.82,272.00,41217
ACN,03/23/2023,260.00,274.61,259.30,271.66,51589
ACN,03/22/2023,257.26,261.32,253.03,253.27,30394
ACN,03/21/2023,254.88,258.50,253.94,257.62,28303
ACN,03/20/2023,250.72,253.89,250.01,252.55,31600
ACN,03/17/2023,254.55,255.73,248.42,250.00,64298
ACN,03/16/2023,244.95,253.80,243.53,252.92,40900
ACN,03/15/2023,247.50,247.97,242.80,246.17,44794
ACN,03/14/2023,256.37,256.73,249.96,252.48,29238
ACN,03/13/2023,253.11,255.26,249.24,251.31,32267
ACN,03/10/2023,260.14,260.34,251.60,252.95,29240
ACN,03/09/2023,266.15,266.70,258.72,259.76,19485
ACN,03/08/2023,263.43,265.59,262.49,263.66,14611
ACN,03/07/2023,269.22,270.04,263.71,264.20,20144
ACN,03/06/2023,270.20,272.05,269.08,269.63,16491
ACN,03/03/2023,267.91,269.72,265.99,269.20,15869
ACN,03/02/2023,263.88,266.19,261.62,265.26,22740
ACN,03/01/2023,265.01,265.97,261.75,263.59,16776
ACN,02/28/2023,264.69,268.49,262.75,265.55,20509
ACN,02/27/2023,269.57,269.99,265.47,266.25,13708
ACN,02/24/2023,267.40,267.40,264.24,266.53,17300
ACN,02/23/2023,270.77,272.30,267.81,271.23,18847
ACN,02/22/2023,270.63,272.49,268.16,269.63,18181
ACN,02/21/2023,272.00,273.15,268.78,269.15,24322
ACN,02/17/2023,278.78,279.40,274.91,277.05,27104
ACN,02/16/2023,283.03,285.46,278.64,281.22,18880
ACN,02/15/2023,282.00,287.83,281.97,287.65,18812
ACN,02/14/2023,285.47,288.14,283.35,284.77,16105
ACN,02/13/2023,284.37,288.41,284.37,288.35,12841
ACN,02/10/2023,281.35,284.57,281.02,283.96,13474
ACN,02/09/2023,287.42,289.38,284.42,285.16,17508
ACN,02/08/2023,285.88,289.18,283.98,284.71,11609
ACN,02/07/2023,282.55,288.85,282.50,287.82,13980
ACN,02/06/2023,286.00,287.80,283.44,284.48,12561
ACN,02/03/2023,288.22,289.68,286.76,289.22,21626
ACN,02/02/2023,289.51,295.79,286.86,294.10,27112
ACN,02/01/2023,276.60,285.27,275.70,283.60,17885
ACN,01/31/2023,274.94,279.05,273.91,279.05,18234
ACN,01/30/2023,273.57,277.45,273.31,274.32,17071
ACN,01/27/2023,273.26,279.42,272.94,277.27,20839
ACN,01/26/2023,275.79,277.33,270.87,274.26,19000
ACN,01/25/2023,270.74,273.75,265.66,273.16,25137
ACN,01/24/2023,276.71,278.12,272.98,274.87,21878
ACN,01/23/2023,278.56,282.87,277.43,279.34,25837
ACN,01/20/2023,274.50,281.07,272.81,280.47,32913
ACN,01/19/2023,277.28,278.95,272.59,272.89,21931
ACN,01/18/2023,284.57,287.28,276.98,277.90,21916
ACN,01/17/2023,283.05,287.75,282.34,284.88,27801
ACN,01/13/2023,280.32,282.66,278.98,282.14,21542
ACN,01/12/2023,282.74,287.97,282.37,283.84,24759
ACN,01/11/2023,274.93,281.19,274.71,281.08,23638
ACN,01/10/2023,273.34,276.29,271.27,274.93,18271
ACN,01/09/2023,271.92,278.49,271.51,273.75,21737
ACN,01/06/2023,264.64,270.49,261.37,269.21,15871
ACN,01/05/2023,267.42,268.14,261.40,262.98,24706
ACN,01/04/2023,273.43,274.98,267.01,269.34,20316
ACN,01/03/2023,269.20,273.42,267.05,270.26,22148
ACN,12/30/2022,265.54,266.89,262.60,266.84,13357
ACN,12/29/2022,265.59,270.87,265.59,268.38,15123
ACN,12/28/2022,266.10,269.14,262.67,263.12,13870
ACN,12/27/2022,265.92,267.22,263.70,265.31,9581
ACN,12/23/2022,265.79,266.71,263.31,266.09,12114
ACN,12/22/2022,264.44,265.93,260.64,264.76,21985
ACN,12/21/2022,264.48,270.71,264.41,268.92,34520
ACN,12/20/2022,253.52,262.43,253.50,261.90,29434
ACN,12/19/2022,263.16,264.26,254.16,255.40,40818
ACN,12/16/2022,274.67,275.00,263.25,264.48,59989
ACN,12/15/2022,287.43,288.39,279.28,281.12,28438
ACN,12/14/2022,294.05,297.29,287.86,291.45,24517
ACN,12/13/2022,302.96,303.93,292.93,295.35,35033
ACN,12/12/2022,285.64,292.95,284.48,292.34,20954
ACN,12/09/2022,289.39,291.77,287.88,288.41,18043
ACN,12/08/2022,288.00,294.06,286.84,292.15,20044
ACN,12/07/2022,285.10,287.06,282.19,286.69,17397
ACN,12/06/2022,291.27,292.48,282.28,285.41,19085
ACN,12/05/2022,295.77,297.20,290.58,292.74,16524
ACN,12/02/2022,299.05,302.15,296.47,300.13,16357
ACN,12/01/2022,302.45,305.13,300.00,302.83,17394
ACN,11/30/2022,286.62,300.97,286.23,300.93,25550
ACN,11/29/2022,289.31,290.62,286.62,287.98,10550
ACN,11/28/2022,293.26,294.97,289.78,290.60,11445
ACN,11/25/2022,294.30,297.52,294.30,296.40,6779
ACN,11/23/2022,293.08,296.39,292.40,294.53,12268
ACN,11/22/2022,288.85,293.75,287.16,292.89,14158
ACN,11/21/2022,285.50,288.83,285.09,287.02,13062
ACN,11/18/2022,290.61,290.90,283.04,286.50,13149
ACN,11/17/2022,285.81,289.69,283.35,287.14,15529
ACN,11/16/2022,292.75,293.08,290.11,291.51,15989
ACN,11/15/2022,293.00,296.45,290.03,292.65,19582
ACN,11/14/2022,286.15,292.82,284.98,288.91,21443
ACN,11/11/2022,287.21,291.74,280.62,290.09,26160
ACN,11/10/2022,278.18,287.31,277.37,287.02,30924
ACN,11/09/2022,266.32,269.19,265.37,266.44,18313
ACN,11/08/2022,271.09,274.90,266.12,269.03,24427
ACN,11/07/2022,262.75,269.11,261.37,269.07,21667
ACN,11/04/2022,259.93,264.16,256.13,261.16,21162
ACN,11/03/2022,266.64,268.41,256.02,256.88,31833
ACN,11/02/2022,279.77,283.21,272.10,272.45,17054
ACN,11/01/2022,287.06,288.19,280.56,281.47,15332
ACN,10/31/2022,283.48,287.93,283.27,283.90,23388
ACN,10/28/2022,279.06,288.22,279.06,287.78,23055
ACN,10/27/2022,281.18,282.80,278.45,278.84,19227
ACN,10/26/2022,278.50,283.63,278.00,279.87,17721
ACN,10/25/2022,275.49,281.15,275.49,280.61,16945
ACN,10/24/2022,272.77,276.94,270.12,275.31,21896
ACN,10/21/2022,261.53,269.89,260.68,269.57,28963
ACN,10/20/2022,264.28,269.66,260.63,261.78,19597
ACN,10/19/2022,262.18,264.68,259.78,264.06,24064
ACN,10/18/2022,267.69,269.75,261.96,264.05,20679
ACN,10/17/2022,257.91,262.87,257.62,262.22,25347
ACN,10/14/2022,261.13,261.79,252.06,252.72,17203
ACN,10/13/2022,243.67,259.17,242.95,257.46,34294
ACN,10/12/2022,252.38,253.93,249.93,250.07,16955
ACN,10/11/2022,256.20,257.31,251.27,252.98,22580
ACN,10/10/2022,261.49,261.49,255.93,257.85,15194
ACN,10/07/2022,266.48,266.86,258.29,259.71,19322
ACN,10/06/2022,273.59,275.71,269.20,269.47,23165
ACN,10/05/2022,271.35,276.94,269.58,274.34,18370
ACN,10/04/2022,270.40,274.94,269.92,274.31,31247
ACN,10/03/2022,260.27,267.10,258.67,264.89,18908
ACN,09/30/2022,258.71,264.05,256.95,257.30,28876
ACN,09/29/2022,258.92,261.11,255.69,258.27,25591
ACN,09/28/2022,257.00,263.71,256.03,261.93,25520
ACN,09/27/2022,259.47,263.20,254.27,256.34,24958
ACN,09/26/2022,258.04,262.36,257.06,257.54,23468
ACN,09/23/2022,259.14,260.36,256.20,259.98,28404
ACN,09/22/2022,265.09,271.46,261.94,262.32,33405
ACN,09/21/2022,269.90,274.94,265.24,265.42,26802
ACN,09/20/2022,271.61,271.90,267.63,270.24,23038
ACN,09/19/2022,270.38,275.34,270.20,274.98,20530
ACN,09/16/2022,273.07,274.11,270.13,272.68,37745
ACN,09/15/2022,277.23,280.49,271.63,273.86,21927
ACN,09/14/2022,280.94,282.58,276.03,278.53,23900
ACN,09/13/2022,288.10,289.94,280.34,281.52,17719
ACN,09/12/2022,293.87,296.81,292.67,295.26,17487
ACN,09/09/2022,289.40,292.09,288.90,290.55,20046
ACN,09/08/2022,284.20,288.30,282.36,287.96,17891
ACN,09/07/2022,282.16,288.04,279.39,286.76,18916
ACN,09/06/2022,283.94,286.22,281.35,283.46,23543
ACN,09/02/2022,292.57,293.16,282.82,284.07,18835
ACN,09/01/2022,288.02,289.03,284.13,288.79,20099
ACN,08/31/2022,294.65,295.92,287.43,288.46,24070
ACN,08/30/2022,297.54,298.00,289.67,292.50,16266
ACN,08/29/2022,295.00,297.87,293.20,295.14,16623
ACN,08/26/2022,309.83,309.91,298.00,298.13,17003
ACN,08/25/2022,307.12,310.69,305.88,309.77,17015
ACN,08/24/2022,306.68,307.98,303.86,306.26,16929
ACN,08/23/2022,308.08,311.27,306.50,306.70,12083
ACN,08/22/2022,309.33,312.85,308.51,310.00,15630
ACN,08/19/2022,316.90,317.75,313.57,315.29,16692
ACN,08/18/2022,319.00,320.86,316.42,319.46,13860
ACN,08/17/2022,317.42,320.33,315.62,318.45,15020
ACN,08/16/2022,318.19,322.88,318.12,320.78,15815
ACN,08/15/2022,317.68,320.96,317.59,320.33,10737
ACN,08/12/2022,315.74,320.94,314.44,320.44,17599
ACN,08/11/2022,317.75,319.87,313.79,314.42,12870
ACN,08/10/2022,315.00,317.77,314.37,316.48,14711
ACN,08/09/2022,308.10,311.08,307.82,309.79,13789
ACN,08/08/2022,310.50,312.81,308.52,310.33,14910
ACN,08/05/2022,304.87,309.59,304.31,309.35,15025
ACN,08/04/2022,309.19,310.81,307.40,310.61,16245
ACN,08/03/2022,302.08,309.41,301.62,308.17,13588
ACN,08/02/2022,302.38,306.58,299.41,302.48,17622
ACN,08/01/2022,302.53,306.78,301.04,304.74,14154
ACN,07/29/2022,304.53,307.76,302.92,306.26,18640
ACN,07/28/2022,296.98,304.50,294.77,303.68,18294
ACN,07/27/2022,288.95,299.51,287.95,297.53,18071
ACN,07/26/2022,287.91,288.71,283.66,285.18,16744
ACN,07/25/2022,288.24,289.56,285.45,289.29,13320
ACN,07/22/2022,287.50,291.09,285.80,288.01,14947
ACN,07/21/2022,281.18,288.23,280.76,288.01,15353
ACN,07/20/2022,280.00,283.66,279.45,281.66,18878
ACN,07/19/2022,272.39,280.50,271.74,280.04,19253
ACN,07/18/2022,273.00,275.30,267.99,268.65,20283
ACN,07/15/2022,271.63,272.85,266.86,271.52,17307
ACN,07/14/2022,268.51,270.00,261.77,268.67,18607
ACN,07/13/2022,268.20,275.10,267.33,272.17,21172
ACN,07/12/2022,274.60,279.29,272.44,273.67,22397
ACN,07/11/2022,276.77,278.04,273.32,274.87,18434
ACN,07/08/2022,277.65,279.81,275.18,279.07,19803
ACN,07/07/2022,277.26,279.76,274.41,279.40,21673
ACN,07/06/2022,277.96,279.21,274.97,275.94,22434
ACN,07/05/2022,276.28,276.41,269.68,275.17,31734
ACN,07/01/2022,277.58,282.37,276.28,280.65,23779
ACN,06/30/2022,276.27,280.66,275.32,277.65,25345
ACN,06/29/2022,278.42,281.15,275.25,279.81,23782
ACN,06/28/2022,293.09,296.53,283.49,283.80,21636
ACN,06/27/2022,298.94,301.00,291.64,292.62,20928
ACN,06/24/2022,285.41,299.61,284.97,299.37,41441
ACN,06/23/2022,276.00,286.28,275.00,285.83,34756
ACN,06/22/2022,279.09,290.36,279.09,286.40,29190
ACN,06/21/2022,278.15,284.31,277.67,282.73,25482
ACN,06/17/2022,272.61,278.59,270.93,275.38,43813
ACN,06/16/2022,274.42,275.40,269.09,270.90,27060
ACN,06/15/2022,276.98,285.85,276.10,281.19,25301
ACN,06/14/2022,274.65,277.25,272.61,275.12,20525
ACN,06/13/2022,276.66,281.31,274.86,276.50,23869
ACN,06/10/2022,290.89,291.22,285.98,286.01,21677
ACN,06/09/2022,300.65,302.62,294.75,295.43,24838
ACN,06/08/2022,305.00,307.41,301.73,302.64,14019
ACN,06/07/2022,300.43,306.89,300.41,306.53,13216
ACN,06/06/2022,310.00,312.32,303.78,304.73,13993
ACN,06/03/2022,302.30,306.82,301.92,304.95,17107
ACN,06/02/2022,299.96,306.76,297.88,306.62,13111
ACN,06/01/2022,304.13,306.71,297.38,298.65,17765
ACN,05/31/2022,302.40,303.32,296.70,298.46,39793
ACN,05/27/2022,293.44,304.17,293.44,304.15,27370
ACN,05/26/2022,282.77,292.88,281.11,291.55,27259
ACN,05/25/2022,278.33,281.34,275.24,279.64,18060
ACN,05/24/2022,279.82,281.03,273.05,279.31,20883
ACN,05/23/2022,281.28,283.93,276.16,283.39,21137
ACN,05/20/2022,275.58,278.40,268.17,276.65,29796
ACN,05/19/2022,270.15,278.00,269.70,273.61,26579
ACN,05/18/2022,286.87,287.25,272.42,274.16,26654
ACN,05/17/2022,294.68,294.68,288.20,291.07,15904
ACN,05/16/2022,284.68,288.97,282.05,286.17,15972
ACN,05/13/2022,282.39,288.67,280.99,286.77,23645
ACN,05/12/2022,278.00,281.66,274.79,281.21,20670
ACN,05/11/2022,285.91,288.49,280.46,280.94,23924
ACN,05/10/2022,290.00,292.40,283.75,287.59,24292
ACN,05/09/2022,290.99,292.49,285.86,287.49,24362
ACN,05/06/2022,295.65,297.06,289.71,295.74,22888
ACN,05/05/2022,310.71,312.20,294.61,298.70,21958
ACN,05/04/2022,303.15,315.88,300.81,314.86,18802
ACN,05/03/2022,306.68,307.62,302.71,304.82,20316
ACN,05/02/2022,300.46,306.05,297.25,304.60,24652
ACN,04/29/2022,310.00,311.98,299.80,300.36,29283
ACN,04/28/2022,308.16,316.14,305.62,313.84,21817
ACN,04/27/2022,302.98,309.31,302.38,303.10,17915
ACN,04/26/2022,311.62,315.11,302.10,303.10,20433
ACN,04/25/2022,309.39,317.13,306.24,316.82,20244
ACN,04/22/2022,321.02,323.84,310.31,310.80,18272
ACN,04/21/2022,326.19,330.32,321.34,322.31,18015
ACN,04/20/2022,324.03,328.38,322.62,323.67,20870
ACN,04/19/2022,312.71,320.80,312.15,320.57,17572
ACN,04/18/2022,318.52,321.00,310.83,313.60,24754
ACN,04/14/2022,326.88,328.28,319.29,319.47,29495
ACN,04/13/2022,324.34,327.35,323.24,325.59,20576
ACN,04/12/2022,329.73,333.95,326.25,326.73,18079
ACN,04/11/2022,336.10,337.42,324.86,327.27,24437
ACN,04/08/2022,342.43,344.30,338.27,338.92,21493
ACN,04/07/2022,338.99,344.81,337.81,341.77,22694
ACN,04/06/2022,338.29,341.93,334.54,340.26,22869
ACN,04/05/2022,341.50,345.30,341.50,342.82,28346
ACN,04/04/2022,341.99,344.76,340.05,344.47,23087
ACN,04/01/2022,338.59,341.30,336.35,340.64,20676
ACN,03/31/2022,337.50,343.75,337.23,337.23,25946
ACN,03/30/2022,336.57,340.71,336.48,338.46,17148
ACN,03/29/2022,339.00,341.06,337.00,340.69,22184
ACN,03/28/2022,326.58,330.89,325.34,330.74,19183
ACN,03/25/2022,327.58,329.51,324.26,327.71,17747
ACN,03/24/2022,320.36,325.42,320.00,325.29,14260
ACN,03/23/2022,325.00,327.18,320.29,320.50,17830
ACN,03/22/2022,324.00,328.75,323.26,327.47,20092
ACN,03/21/2022,323.37,326.35,320.92,324.50,22472
ACN,03/18/2022,321.87,324.48,316.51,323.95,73649
ACN,03/17/2022,339.00,344.46,318.33,319.50,45611
ACN,03/16/2022,320.67,325.46,315.54,324.91,32817
ACN,03/15/2022,311.30,316.92,310.25,316.23,26348
ACN,03/14/2022,309.07,313.15,303.90,307.68,31566
ACN,03/11/2022,314.41,318.72,311.21,311.58,38093
ACN,03/10/2022,305.00,310.16,304.02,309.52,19672
ACN,03/09/2022,311.03,312.69,307.75,309.42,28050
ACN,03/08/2022,303.71,309.01,297.36,301.62,28879
ACN,03/07/2022,313.18,314.00,304.60,305.02,28130
ACN,03/04/2022,314.55,316.32,310.00,314.16,18915
ACN,03/03/2022,322.84,323.69,315.60,318.95,20562
ACN,03/02/2022,315.42,320.26,312.55,318.33,21739
ACN,03/01/2022,317.00,317.38,309.76,311.35,25254
ACN,02/28/2022,318.69,319.45,311.91,316.02,31758
ACN,02/25/2022,317.33,323.17,316.39,322.51,25324
ACN,02/24/2022,303.65,316.58,300.71,316.17,37249
ACN,02/23/2022,322.77,324.82,312.59,313.16,21470
ACN,02/22/2022,320.01,327.98,317.79,321.11,24547
ACN,02/18/2022,324.41,326.49,320.10,321.18,23349
ACN,02/17/2022,332.92,332.92,322.25,322.91,19988
ACN,02/16/2022,325.87,335.44,325.11,333.72,26714
ACN,02/15/2022,332.72,333.33,327.35,329.41,21907
ACN,02/14/2022,323.08,327.87,321.47,326.13,26341
