ADC,06/23/2023,65.15,65.47,65.10,65.26,589
ADC,06/22/2023,66.06,66.07,64.76,65.40,10714
ADC,06/21/2023,65.31,65.62,64.60,65.19,10263
ADC,06/20/2023,65.79,65.79,64.80,65.46,7791
ADC,06/16/2023,65.97,66.18,65.47,65.84,16226
ADC,06/15/2023,65.77,65.90,65.22,65.87,7133
ADC,06/14/2023,65.50,66.26,65.22,65.77,7299
ADC,06/13/2023,65.44,66.00,65.18,65.35,6282
ADC,06/12/2023,65.33,65.68,64.83,65.59,7490
ADC,06/09/2023,65.83,65.83,65.26,65.39,4219
ADC,06/08/2023,65.38,66.07,65.28,65.67,5339
ADC,06/07/2023,65.68,65.97,65.35,65.70,7324
ADC,06/06/2023,65.60,65.64,65.12,65.40,5490
ADC,06/05/2023,64.89,65.63,64.67,65.23,6558
ADC,06/02/2023,64.63,65.30,64.41,64.98,8549
ADC,06/01/2023,64.54,64.93,63.85,64.25,4221
ADC,05/31/2023,64.37,64.89,63.97,64.49,9735
ADC,05/30/2023,64.71,65.14,63.91,64.23,5520
ADC,05/26/2023,64.39,64.74,63.86,64.59,4210
ADC,05/25/2023,65.50,65.61,63.96,64.19,4929
ADC,05/24/2023,65.00,65.42,64.51,65.30,5680
ADC,05/23/2023,65.72,66.34,65.30,65.31,6845
ADC,05/22/2023,66.07,66.53,65.58,65.61,6631
ADC,05/19/2023,66.31,66.86,65.69,65.93,11498
ADC,05/18/2023,65.65,66.22,65.36,66.06,9696
ADC,05/17/2023,65.44,65.84,64.97,65.72,8205
ADC,05/16/2023,66.79,66.79,65.32,65.34,3432
ADC,05/15/2023,67.41,67.50,66.80,66.86,4301
ADC,05/12/2023,66.42,67.01,66.09,66.84,4392
ADC,05/11/2023,66.93,67.14,66.03,66.41,4694
ADC,05/10/2023,68.27,68.27,66.90,67.40,6044
ADC,05/09/2023,67.55,67.68,66.70,67.04,5946
ADC,05/08/2023,67.93,68.16,67.39,67.72,5124
ADC,05/05/2023,68.28,68.99,67.24,68.16,6683
ADC,05/04/2023,66.47,67.51,65.99,67.50,6254
ADC,05/03/2023,67.06,67.34,66.25,66.51,6391
ADC,05/02/2023,67.10,67.24,66.47,66.75,7431
ADC,05/01/2023,67.67,68.12,67.12,67.41,4283
ADC,04/28/2023,67.82,68.77,67.45,67.99,7259
ADC,04/27/2023,66.01,67.99,66.01,67.76,6454
ADC,04/26/2023,66.48,67.01,66.14,66.28,5005
ADC,04/25/2023,66.41,67.28,66.33,66.82,5767
ADC,04/24/2023,67.19,67.24,66.23,66.68,3473
ADC,04/21/2023,67.38,67.62,66.62,67.09,2490
ADC,04/20/2023,67.17,67.60,66.83,67.21,4353
ADC,04/19/2023,66.94,67.39,66.55,67.21,3427
ADC,04/18/2023,67.30,67.71,66.74,67.31,5287
ADC,04/17/2023,66.21,67.68,66.10,67.47,6516
ADC,04/14/2023,66.61,67.15,65.58,66.10,8091
ADC,04/13/2023,66.02,66.43,65.15,66.36,8332
ADC,04/12/2023,67.62,67.62,65.95,66.07,6470
ADC,04/11/2023,67.38,67.68,66.61,67.10,6674
ADC,04/10/2023,66.71,67.56,66.05,67.52,5524
ADC,04/06/2023,67.65,67.70,66.28,66.81,4803
ADC,04/05/2023,67.32,67.69,66.87,67.04,4375
ADC,04/04/2023,67.86,68.04,67.22,67.66,5807
ADC,04/03/2023,68.58,69.05,67.56,67.86,6647
ADC,03/31/2023,67.78,68.66,67.71,68.61,12788
ADC,03/30/2023,67.82,68.23,67.23,67.51,7543
ADC,03/29/2023,67.54,67.80,67.03,67.55,5965
ADC,03/28/2023,66.69,67.55,66.40,67.22,5132
ADC,03/27/2023,67.47,67.47,66.58,67.00,7202
ADC,03/24/2023,64.92,67.11,64.64,67.09,6606
ADC,03/23/2023,65.20,66.03,64.80,64.94,6315
ADC,03/22/2023,67.04,67.19,64.94,64.95,7636
ADC,03/21/2023,68.40,68.81,66.75,67.27,8054
ADC,03/20/2023,68.82,69.33,68.44,68.84,5303
ADC,03/17/2023,68.28,68.69,67.03,68.36,16623
ADC,03/16/2023,68.05,69.32,67.70,68.24,7621
ADC,03/15/2023,67.99,69.15,67.65,68.67,8275
ADC,03/14/2023,69.65,69.89,68.15,68.57,10530
ADC,03/13/2023,66.44,68.69,66.26,68.42,10194
ADC,03/10/2023,69.33,69.70,66.43,66.78,7979
ADC,03/09/2023,69.60,70.15,69.16,69.40,7373
ADC,03/08/2023,70.25,70.55,69.62,69.81,4263
ADC,03/07/2023,70.44,70.57,69.73,70.09,6632
ADC,03/06/2023,70.70,71.12,70.39,70.51,6631
ADC,03/03/2023,71.01,71.01,70.38,70.62,8823
ADC,03/02/2023,70.06,70.59,69.67,70.49,6305
ADC,03/01/2023,70.45,70.60,69.18,70.06,9921
ADC,02/28/2023,71.29,72.04,70.77,70.78,14878
ADC,02/27/2023,72.26,72.35,70.86,71.36,6239
ADC,02/24/2023,72.73,73.00,71.53,71.84,5258
ADC,02/23/2023,73.34,73.74,72.96,73.27,5290
ADC,02/22/2023,73.76,74.28,72.72,73.04,6893
ADC,02/21/2023,74.58,74.96,73.31,73.58,7982
ADC,02/17/2023,74.89,75.01,73.94,74.80,8948
ADC,02/16/2023,73.11,75.09,72.87,74.58,6803
ADC,02/15/2023,73.01,74.00,72.21,73.88,7915
ADC,02/14/2023,72.86,72.88,71.67,71.78,9306
ADC,02/13/2023,72.79,73.17,72.56,72.93,8528
ADC,02/10/2023,71.68,73.03,71.57,72.68,7684
ADC,02/09/2023,73.50,73.72,71.69,71.80,9260
ADC,02/08/2023,73.70,73.96,73.06,73.30,10513
ADC,02/07/2023,73.67,74.16,73.15,73.71,9198
ADC,02/06/2023,73.85,74.33,73.14,74.21,11268
ADC,02/03/2023,74.50,74.50,72.81,74.07,134206
ADC,02/02/2023,74.38,75.71,74.06,74.71,16257
ADC,02/01/2023,74.38,74.96,73.12,74.38,12918
ADC,01/31/2023,72.52,74.83,71.34,74.63,22492
ADC,01/30/2023,73.82,74.68,73.63,74.15,5196
ADC,01/27/2023,74.30,74.70,74.10,74.27,5095
ADC,01/26/2023,74.20,74.47,73.58,74.36,3801
ADC,01/25/2023,73.76,74.32,73.31,74.01,4699
ADC,01/24/2023,73.42,74.29,73.42,73.77,4505
ADC,01/23/2023,74.61,74.98,73.89,74.33,5656
ADC,01/20/2023,74.34,74.40,73.32,74.31,3941
ADC,01/19/2023,73.88,74.58,73.43,74.13,5852
ADC,01/18/2023,74.86,75.09,73.08,73.74,5577
ADC,01/17/2023,75.10,75.58,74.81,74.86,16542
ADC,01/13/2023,74.63,75.08,74.31,74.82,4271
ADC,01/12/2023,74.16,75.17,73.67,75.13,6115
ADC,01/11/2023,71.74,73.85,71.61,73.67,7514
ADC,01/10/2023,71.91,72.19,71.03,71.36,4819
ADC,01/09/2023,70.73,72.37,70.31,72.12,10539
ADC,01/06/2023,69.17,70.79,69.17,70.78,5450
ADC,01/05/2023,70.45,70.51,68.78,69.04,6622
ADC,01/04/2023,70.79,72.02,70.39,70.65,6642
ADC,01/03/2023,72.01,72.01,70.03,70.58,4575
ADC,12/30/2022,71.13,71.38,70.11,70.93,4172
ADC,12/29/2022,70.63,71.62,70.55,71.39,3985
ADC,12/28/2022,71.43,71.66,70.32,70.45,5852
ADC,12/27/2022,71.51,71.65,70.84,71.20,6787
ADC,12/23/2022,70.57,71.54,70.11,71.50,5047
ADC,12/22/2022,70.92,71.25,69.56,70.56,5993
ADC,12/21/2022,70.08,71.49,70.03,71.03,5849
ADC,12/20/2022,70.20,70.31,69.53,69.83,5726
ADC,12/19/2022,70.40,71.08,70.14,70.30,11286
ADC,12/16/2022,70.25,71.16,69.49,70.66,47245
ADC,12/15/2022,70.76,71.77,70.37,71.17,10789
ADC,12/14/2022,71.32,72.22,70.93,71.23,10128
ADC,12/13/2022,72.77,73.00,71.14,71.59,8797
ADC,12/12/2022,71.81,71.98,71.26,71.63,9286
ADC,12/09/2022,72.29,72.54,71.68,71.68,5746
ADC,12/08/2022,72.17,72.89,71.85,72.21,6864
ADC,12/07/2022,71.40,72.50,71.33,71.99,9939
ADC,12/06/2022,70.65,71.52,70.40,71.41,10471
ADC,12/05/2022,70.50,71.11,69.88,70.52,7190
ADC,12/02/2022,69.91,71.27,69.77,70.70,7313
ADC,12/01/2022,70.26,70.83,69.59,70.20,5954
ADC,11/30/2022,68.82,69.98,67.91,69.95,15503
ADC,11/29/2022,68.08,69.18,68.00,69.04,4386
ADC,11/28/2022,70.32,70.49,68.28,68.43,9059
ADC,11/25/2022,70.30,70.51,70.02,70.47,2821
ADC,11/23/2022,70.67,70.87,69.95,70.31,6946
ADC,11/22/2022,70.29,70.95,70.18,70.66,6824
ADC,11/21/2022,70.00,70.72,69.85,70.30,11154
ADC,11/18/2022,70.24,70.48,69.24,69.98,8928
ADC,11/17/2022,68.48,69.16,67.94,69.10,7581
ADC,11/16/2022,69.74,69.81,68.87,68.90,5211
ADC,11/15/2022,70.81,70.81,68.93,69.59,8127
ADC,11/14/2022,69.09,70.41,68.68,69.61,7438
ADC,11/11/2022,70.94,70.94,68.61,69.31,12730
ADC,11/10/2022,69.99,71.29,68.77,70.43,10346
ADC,11/09/2022,68.18,69.69,67.89,68.61,10034
ADC,11/08/2022,68.19,68.67,67.54,68.14,10342
ADC,11/07/2022,68.76,68.95,67.56,68.09,5312
ADC,11/04/2022,67.83,69.00,67.45,68.29,5605
ADC,11/03/2022,66.04,68.02,65.53,67.81,8792
ADC,11/02/2022,67.50,68.22,66.07,66.48,7023
ADC,11/01/2022,69.09,69.32,68.53,68.53,4730
ADC,10/31/2022,67.88,68.87,67.73,68.70,5155
ADC,10/28/2022,66.76,68.55,66.76,68.35,5119
ADC,10/27/2022,67.20,68.10,66.92,67.25,5911
ADC,10/26/2022,66.89,67.22,66.21,66.76,4316
ADC,10/25/2022,65.71,66.77,65.65,66.53,7311
ADC,10/24/2022,65.81,65.93,65.09,65.51,5306
ADC,10/21/2022,64.60,65.31,63.69,65.28,6191
ADC,10/20/2022,64.49,65.59,64.13,64.36,5024
ADC,10/19/2022,65.20,65.42,63.99,64.60,6081
ADC,10/18/2022,65.27,66.04,64.92,65.75,7024
ADC,10/17/2022,64.48,65.42,64.14,64.47,8341
ADC,10/14/2022,66.82,67.13,63.34,63.49,7136
ADC,10/13/2022,64.70,66.02,64.10,65.89,5705
ADC,10/12/2022,65.19,65.99,64.20,65.52,5597
ADC,10/11/2022,63.90,65.36,63.72,65.24,7055
ADC,10/10/2022,65.03,65.40,64.20,64.22,8369
ADC,10/07/2022,63.95,65.67,63.64,64.91,8352
ADC,10/06/2022,65.88,65.88,64.10,64.28,6064
ADC,10/05/2022,66.25,66.31,64.49,65.77,10001
ADC,10/04/2022,68.04,68.65,66.41,66.76,12326
ADC,10/03/2022,68.27,68.27,66.34,67.61,9339
ADC,09/30/2022,66.45,67.98,66.02,67.58,24509
ADC,09/29/2022,65.80,66.14,64.92,65.74,32892
ADC,09/28/2022,68.48,69.47,67.51,69.15,7710
ADC,09/27/2022,69.59,69.99,67.96,68.01,6385
ADC,09/26/2022,70.77,70.85,68.67,69.37,8694
ADC,09/23/2022,70.28,71.79,70.28,71.16,9781
ADC,09/22/2022,70.59,71.03,69.77,70.89,7008
ADC,09/21/2022,71.12,72.27,70.77,70.80,4270
ADC,09/20/2022,72.07,72.07,70.51,70.70,5292
ADC,09/19/2022,72.12,72.76,71.63,72.65,8172
ADC,09/16/2022,71.52,73.15,71.26,72.71,34618
ADC,09/15/2022,73.49,74.26,72.03,72.11,8953
ADC,09/14/2022,74.54,74.79,72.84,73.47,9453
ADC,09/13/2022,74.53,75.31,73.88,74.16,4988
ADC,09/12/2022,74.73,76.10,74.73,75.76,6441
ADC,09/09/2022,74.48,75.00,73.87,74.76,8500
ADC,09/08/2022,75.86,76.06,74.37,74.40,7882
ADC,09/07/2022,75.97,76.37,75.79,76.24,6176
ADC,09/06/2022,75.20,76.40,75.15,76.12,10947
ADC,09/02/2022,75.79,75.79,73.88,74.10,7864
ADC,09/01/2022,74.69,75.34,74.56,75.18,5349
ADC,08/31/2022,76.20,76.65,75.25,75.32,7623
ADC,08/30/2022,77.43,77.43,75.82,75.97,3601
ADC,08/29/2022,76.72,77.72,76.25,77.27,3796
ADC,08/26/2022,78.14,78.23,76.97,77.05,4195
ADC,08/25/2022,77.96,78.41,77.68,78.21,3600
ADC,08/24/2022,77.65,78.20,77.59,77.84,3515
ADC,08/23/2022,78.88,78.88,77.06,77.65,5810
ADC,08/22/2022,79.12,79.22,78.35,78.69,4445
ADC,08/19/2022,79.15,79.60,78.78,79.31,4407
ADC,08/18/2022,79.95,80.29,79.27,79.37,3242
ADC,08/17/2022,79.76,80.37,79.29,79.94,4330
ADC,08/16/2022,80.30,80.44,79.76,80.08,4297
ADC,08/15/2022,78.98,80.38,78.79,80.35,7208
ADC,08/12/2022,78.92,79.30,78.33,78.97,5999
ADC,08/11/2022,78.11,78.97,77.90,78.51,5464
ADC,08/10/2022,78.27,78.39,77.36,78.12,4609
ADC,08/09/2022,77.63,78.01,77.36,77.83,5194
ADC,08/08/2022,77.05,77.77,76.84,77.47,3772
ADC,08/05/2022,75.50,76.83,75.41,76.80,5038
ADC,08/04/2022,76.45,76.72,75.57,75.86,7478
ADC,08/03/2022,79.98,79.98,76.03,76.24,7978
ADC,08/02/2022,78.77,79.06,77.47,77.88,7417
ADC,08/01/2022,79.23,79.35,78.36,78.56,5357
ADC,07/29/2022,78.77,79.82,78.51,79.59,4357
ADC,07/28/2022,77.77,79.02,77.47,79.00,4683
ADC,07/27/2022,76.99,77.52,76.54,77.42,4198
ADC,07/26/2022,77.00,77.54,76.83,76.89,5032
ADC,07/25/2022,76.39,77.26,76.01,77.18,6158
ADC,07/22/2022,76.10,76.42,75.55,76.23,5541
ADC,07/21/2022,76.00,76.15,75.30,75.63,4804
ADC,07/20/2022,76.42,76.92,75.32,76.20,10523
ADC,07/19/2022,75.26,76.29,74.89,76.26,6833
ADC,07/18/2022,74.99,75.20,74.20,74.73,5771
ADC,07/15/2022,74.44,74.96,73.62,74.78,8575
ADC,07/14/2022,71.04,73.56,70.71,73.44,4939
ADC,07/13/2022,72.35,73.02,72.04,72.06,5332
ADC,07/12/2022,73.62,74.22,72.53,73.27,6071
ADC,07/11/2022,73.42,73.89,72.92,73.70,10413
ADC,07/08/2022,72.86,73.56,72.66,73.35,5591
ADC,07/07/2022,73.45,73.48,72.45,72.74,7379
ADC,07/06/2022,72.73,73.60,72.73,73.11,12051
ADC,07/05/2022,73.28,73.28,71.64,72.70,6930
ADC,07/01/2022,71.77,73.76,71.51,73.53,8783
ADC,06/30/2022,72.99,73.13,71.97,72.13,8736
ADC,06/29/2022,73.00,73.77,72.75,73.19,7767
ADC,06/28/2022,74.20,74.67,73.27,73.45,7791
ADC,06/27/2022,73.97,74.65,73.31,73.87,7615
ADC,06/24/2022,72.70,74.35,72.28,74.12,16958
ADC,06/23/2022,71.42,73.03,71.28,72.52,9039
ADC,06/22/2022,69.10,71.46,69.10,70.95,5012
ADC,06/21/2022,69.01,70.48,69.01,69.40,6642
ADC,06/17/2022,69.28,70.03,68.31,68.80,17720
ADC,06/16/2022,67.54,68.94,67.54,68.68,8093
ADC,06/15/2022,67.00,69.72,66.94,68.70,9238
ADC,06/14/2022,67.75,68.05,66.14,67.00,8507
ADC,06/13/2022,69.00,69.60,67.59,68.07,8982
ADC,06/10/2022,69.52,70.56,68.86,70.35,7010
ADC,06/09/2022,70.57,71.14,69.77,69.98,5148
ADC,06/08/2022,71.40,71.60,70.35,70.75,4518
ADC,06/07/2022,70.13,71.93,70.08,71.90,6017
ADC,06/06/2022,69.90,70.74,69.43,70.31,8230
ADC,06/03/2022,70.30,70.60,69.34,69.46,4630
ADC,06/02/2022,71.28,71.28,69.39,70.46,7576
ADC,06/01/2022,70.06,70.55,69.10,70.16,8407
ADC,05/31/2022,68.40,69.96,68.02,69.57,15567
ADC,05/27/2022,68.83,69.51,68.39,69.04,14587
ADC,05/26/2022,68.35,69.12,68.20,68.36,32825
ADC,05/25/2022,70.00,71.29,69.85,70.93,5322
ADC,05/24/2022,68.46,70.38,67.86,70.33,7698
ADC,05/23/2022,68.65,69.01,67.77,68.44,5768
ADC,05/20/2022,68.33,68.49,67.64,68.27,8317
ADC,05/19/2022,67.72,68.46,67.27,67.82,7866
ADC,05/18/2022,68.55,69.10,67.42,67.92,6443
ADC,05/17/2022,69.21,69.25,68.44,68.92,5373
ADC,05/16/2022,68.30,69.07,68.30,68.70,8622
ADC,05/13/2022,67.83,68.56,67.45,68.38,8822
ADC,05/12/2022,66.63,67.30,65.75,67.25,9137
ADC,05/11/2022,65.87,67.12,65.69,66.46,8816
ADC,05/10/2022,67.69,67.71,64.40,65.83,10580
ADC,05/09/2022,67.02,67.85,66.45,66.98,8328
ADC,05/06/2022,67.51,68.05,66.58,67.58,5156
ADC,05/05/2022,68.92,69.20,67.27,68.01,5992
ADC,05/04/2022,67.45,69.16,67.45,69.04,7488
ADC,05/03/2022,66.26,67.92,65.96,67.51,8445
ADC,05/02/2022,67.97,68.38,64.88,66.17,6808
ADC,04/29/2022,70.24,70.25,67.79,67.92,6075
ADC,04/28/2022,70.15,70.83,69.34,70.73,4290
ADC,04/27/2022,70.46,70.70,69.59,69.62,6035
ADC,04/26/2022,70.78,71.14,70.14,70.42,5082
ADC,04/25/2022,72.00,72.33,69.56,70.91,6677
ADC,04/22/2022,71.50,72.40,71.48,72.14,8033
ADC,04/21/2022,72.34,72.34,71.59,71.74,6261
ADC,04/20/2022,71.53,72.19,70.63,71.90,7707
ADC,04/19/2022,70.47,71.32,70.47,71.30,5038
ADC,04/18/2022,69.94,70.44,69.65,70.29,6877
ADC,04/14/2022,69.79,70.10,69.51,69.96,5381
ADC,04/13/2022,69.28,69.96,69.27,69.57,7410
ADC,04/12/2022,68.83,69.02,68.28,68.86,7490
ADC,04/11/2022,68.44,68.66,68.14,68.38,5155
ADC,04/08/2022,67.53,68.42,67.21,68.28,7425
ADC,04/07/2022,67.35,67.97,66.71,67.53,7797
ADC,04/06/2022,66.75,67.95,66.40,67.64,4945
ADC,04/05/2022,67.00,67.58,66.22,66.82,5704
ADC,04/04/2022,67.39,67.39,66.07,66.66,4589
ADC,04/01/2022,66.77,67.68,66.52,67.48,4762
ADC,03/31/2022,65.60,67.61,65.44,66.36,11782
ADC,03/30/2022,67.38,67.50,65.01,65.05,21546
ADC,03/29/2022,66.35,68.06,66.35,67.79,9179
ADC,03/28/2022,65.36,65.88,65.15,65.68,4341
ADC,03/25/2022,64.81,65.50,64.52,65.44,5726
ADC,03/24/2022,64.40,64.77,63.93,64.60,3802
ADC,03/23/2022,64.89,64.96,63.83,64.12,3703
ADC,03/22/2022,64.18,64.97,63.77,64.45,4276
ADC,03/21/2022,64.03,64.49,63.58,64.01,5622
ADC,03/18/2022,64.77,64.86,63.86,64.05,10037
ADC,03/17/2022,63.69,64.84,63.58,64.33,3869
ADC,03/16/2022,63.96,64.37,62.75,64.08,5341
ADC,03/15/2022,63.29,63.89,62.94,63.51,3169
ADC,03/14/2022,64.17,64.37,62.63,62.95,4135
ADC,03/11/2022,64.81,65.05,63.92,64.12,3709
ADC,03/10/2022,63.11,64.43,62.97,64.34,4199
ADC,03/09/2022,64.32,64.60,63.81,63.90,5195
ADC,03/08/2022,63.44,64.81,63.19,63.26,11140
ADC,03/07/2022,65.80,65.80,63.49,63.52,5162
ADC,03/04/2022,64.68,65.89,64.39,65.80,3894
ADC,03/03/2022,64.87,65.15,63.83,65.13,3843
ADC,03/02/2022,63.89,64.62,63.70,64.43,5209
ADC,03/01/2022,64.43,64.96,63.31,63.75,4849
ADC,02/28/2022,64.44,65.19,63.45,64.15,6160
ADC,02/25/2022,63.96,65.22,63.78,64.97,5861
ADC,02/24/2022,62.05,64.17,61.62,63.96,6074
ADC,02/23/2022,63.82,64.25,62.56,62.62,5824
ADC,02/22/2022,63.78,64.02,62.78,63.29,9137
ADC,02/18/2022,63.58,64.29,63.38,63.61,5472
ADC,02/17/2022,63.13,63.67,62.71,63.53,6728
ADC,02/16/2022,62.98,63.72,62.88,63.36,3525
ADC,02/15/2022,63.09,63.41,62.72,62.86,4387
ADC,02/14/2022,63.10,63.52,62.51,62.76,5863
