ADT,06/23/2023,5.81,5.89,5.79,5.87,1656
ADT,06/22/2023,6.04,6.05,5.89,5.90,32338
ADT,06/21/2023,6.05,6.16,5.98,6.11,29561
ADT,06/20/2023,6.36,6.36,5.94,6.02,46305
ADT,06/16/2023,6.23,6.44,6.12,6.42,202842
ADT,06/15/2023,6.10,6.21,6.04,6.17,26371
ADT,06/14/2023,6.27,6.32,6.11,6.12,25953
ADT,06/13/2023,6.24,6.38,6.22,6.29,24359
ADT,06/12/2023,6.14,6.31,6.13,6.20,26294
ADT,06/09/2023,6.18,6.18,6.00,6.09,22410
ADT,06/08/2023,6.23,6.28,6.15,6.16,20745
ADT,06/07/2023,6.21,6.37,6.14,6.27,59498
ADT,06/06/2023,5.89,6.19,5.86,6.18,32470
ADT,06/05/2023,6.02,6.08,5.92,5.94,33675
ADT,06/02/2023,5.77,6.08,5.74,6.03,37957
ADT,06/01/2023,5.73,5.75,5.62,5.65,33752
ADT,05/31/2023,5.76,5.83,5.65,5.69,39821
ADT,05/30/2023,5.84,6.00,5.78,5.82,25630
ADT,05/26/2023,5.88,5.91,5.82,5.83,18490
ADT,05/25/2023,6.01,6.05,5.77,5.84,24618
ADT,05/24/2023,6.10,6.12,6.00,6.04,28649
ADT,05/23/2023,6.09,6.24,6.08,6.14,25364
ADT,05/22/2023,5.99,6.14,5.98,6.12,17246
ADT,05/19/2023,6.07,6.10,5.96,6.00,18058
ADT,05/18/2023,5.95,6.05,5.90,6.05,25694
ADT,05/17/2023,5.93,6.04,5.90,6.00,28692
ADT,05/16/2023,6.00,6.05,5.88,5.93,26016
ADT,05/15/2023,6.04,6.11,5.96,6.06,28270
ADT,05/12/2023,6.08,6.11,5.90,6.00,21036
ADT,05/11/2023,6.06,6.12,5.99,6.03,27537
ADT,05/10/2023,6.09,6.21,6.03,6.11,33131
ADT,05/09/2023,6.02,6.20,6.00,6.05,44676
ADT,05/08/2023,5.79,5.99,5.75,5.94,62552
ADT,05/05/2023,5.44,5.82,5.44,5.76,82201
ADT,05/04/2023,5.25,5.26,4.89,5.13,99433
ADT,05/03/2023,5.66,5.66,5.25,5.28,82034
ADT,05/02/2023,6.57,6.64,5.52,5.71,74719
ADT,05/01/2023,6.74,6.80,6.65,6.66,21885
ADT,04/28/2023,6.75,6.84,6.63,6.70,37780
ADT,04/27/2023,6.60,6.86,6.60,6.80,22083
ADT,04/26/2023,6.65,6.68,6.54,6.56,23696
ADT,04/25/2023,6.78,6.83,6.62,6.66,23345
ADT,04/24/2023,7.00,7.03,6.78,6.82,26151
ADT,04/21/2023,7.00,7.04,6.93,7.02,19424
ADT,04/20/2023,6.92,7.07,6.92,6.98,14738
ADT,04/19/2023,6.99,7.02,6.88,6.98,22066
ADT,04/18/2023,7.02,7.09,6.96,7.01,15495
ADT,04/17/2023,6.91,6.99,6.87,6.97,15214
ADT,04/14/2023,6.90,7.00,6.86,6.93,24238
ADT,04/13/2023,6.80,6.94,6.75,6.90,25218
ADT,04/12/2023,6.95,6.97,6.76,6.80,22913
ADT,04/11/2023,6.99,7.09,6.88,6.92,18764
ADT,04/10/2023,6.81,7.01,6.79,6.98,26067
ADT,04/06/2023,6.94,6.95,6.86,6.87,19982
ADT,04/05/2023,6.93,6.95,6.80,6.91,57584
ADT,04/04/2023,7.20,7.21,6.91,6.95,30555
ADT,04/03/2023,7.25,7.31,7.10,7.16,29023
ADT,03/31/2023,7.19,7.24,7.15,7.23,27969
ADT,03/30/2023,7.25,7.29,7.14,7.16,13311
ADT,03/29/2023,7.12,7.18,7.06,7.18,22032
ADT,03/28/2023,7.09,7.11,6.93,7.03,58810
ADT,03/27/2023,7.19,7.23,7.04,7.08,21806
ADT,03/24/2023,6.94,7.13,6.86,7.11,19522
ADT,03/23/2023,7.06,7.16,6.90,6.98,25922
ADT,03/22/2023,7.19,7.22,7.02,7.03,20511
ADT,03/21/2023,7.17,7.24,7.16,7.17,24476
ADT,03/20/2023,6.98,7.13,6.96,7.04,28500
ADT,03/17/2023,6.95,7.02,6.89,6.94,43453
ADT,03/16/2023,6.87,7.07,6.84,7.00,33962
ADT,03/15/2023,6.96,6.98,6.74,6.94,49340
ADT,03/14/2023,7.22,7.26,7.04,7.12,34547
ADT,03/13/2023,7.20,7.30,7.03,7.08,36690
ADT,03/10/2023,7.59,7.62,7.29,7.34,27092
ADT,03/09/2023,7.78,7.86,7.59,7.63,32294
ADT,03/08/2023,7.62,7.80,7.59,7.78,25615
ADT,03/07/2023,7.72,7.82,7.57,7.62,26914
ADT,03/06/2023,7.68,7.88,7.67,7.72,38836
ADT,03/03/2023,7.61,7.76,7.56,7.67,29656
ADT,03/02/2023,7.51,7.65,7.41,7.58,24255
ADT,03/01/2023,7.59,7.72,7.53,7.60,37221
ADT,02/28/2023,7.70,7.78,7.11,7.54,66303
ADT,02/27/2023,8.00,8.01,7.86,7.86,30972
ADT,02/24/2023,7.93,8.01,7.74,7.92,30290
ADT,02/23/2023,8.05,8.11,7.90,8.06,26057
ADT,02/22/2023,8.03,8.11,7.95,8.00,17867
ADT,02/21/2023,8.28,8.30,8.00,8.03,37082
ADT,02/17/2023,8.25,8.43,8.20,8.37,18880
ADT,02/16/2023,8.30,8.37,8.24,8.25,15600
ADT,02/15/2023,8.20,8.37,8.20,8.36,14877
ADT,02/14/2023,8.36,8.41,8.24,8.30,14790
ADT,02/13/2023,8.32,8.40,8.30,8.34,17314
ADT,02/10/2023,8.27,8.35,8.22,8.31,17332
ADT,02/09/2023,8.47,8.51,8.26,8.27,17264
ADT,02/08/2023,8.50,8.52,8.34,8.40,14387
ADT,02/07/2023,8.45,8.61,8.34,8.56,22721
ADT,02/06/2023,8.41,8.48,8.30,8.42,40484
ADT,02/03/2023,8.74,8.78,8.47,8.48,25841
ADT,02/02/2023,8.88,8.92,8.78,8.86,23832
ADT,02/01/2023,8.75,8.83,8.58,8.79,19334
ADT,01/31/2023,8.61,8.80,8.59,8.79,24619
ADT,01/30/2023,8.51,8.67,8.49,8.61,15905
ADT,01/27/2023,8.54,8.68,8.50,8.60,16805
ADT,01/26/2023,8.51,8.69,8.47,8.58,21518
ADT,01/25/2023,8.58,8.61,8.42,8.52,28618
ADT,01/24/2023,8.65,8.86,8.52,8.68,25344
ADT,01/23/2023,8.75,8.85,8.62,8.65,24222
ADT,01/20/2023,8.72,8.82,8.56,8.78,35874
ADT,01/19/2023,9.21,9.21,8.72,8.73,28232
ADT,01/18/2023,9.60,9.64,9.27,9.32,22101
ADT,01/17/2023,9.78,9.80,9.50,9.53,33565
ADT,01/13/2023,9.64,9.84,9.60,9.79,28208
ADT,01/12/2023,9.73,9.75,9.51,9.73,24679
ADT,01/11/2023,9.55,9.72,9.51,9.72,19925
ADT,01/10/2023,9.41,9.58,9.36,9.58,14468
ADT,01/09/2023,9.35,9.51,9.35,9.41,18561
ADT,01/06/2023,9.17,9.34,9.15,9.33,18739
ADT,01/05/2023,8.93,9.12,8.88,9.08,23651
ADT,01/04/2023,8.98,9.12,8.95,9.00,24197
ADT,01/03/2023,9.16,9.20,8.86,8.95,17871
ADT,12/30/2022,9.11,9.15,8.94,9.07,25497
ADT,12/29/2022,9.04,9.23,9.03,9.21,15124
ADT,12/28/2022,9.15,9.29,8.97,8.97,28378
ADT,12/27/2022,9.13,9.14,9.01,9.11,17743
ADT,12/23/2022,8.99,9.17,8.98,9.16,13380
ADT,12/22/2022,9.04,9.08,8.88,9.06,26542
ADT,12/21/2022,9.10,9.29,9.05,9.16,21674
ADT,12/20/2022,8.99,9.11,8.94,9.02,45569
ADT,12/19/2022,9.05,9.19,8.96,9.00,43370
ADT,12/16/2022,9.24,9.26,9.05,9.13,76035
ADT,12/15/2022,9.75,9.83,9.24,9.30,72526
ADT,12/14/2022,9.79,10.06,9.73,9.86,89734
ADT,12/13/2022,10.02,10.09,9.80,9.83,32384
ADT,12/12/2022,9.63,9.81,9.61,9.81,21498
ADT,12/09/2022,9.78,9.98,9.63,9.64,28159
ADT,12/08/2022,9.72,9.96,9.72,9.82,31280
ADT,12/07/2022,9.58,9.72,9.55,9.63,21413
ADT,12/06/2022,9.56,9.65,9.40,9.60,36127
ADT,12/05/2022,9.73,9.78,9.42,9.47,22156
ADT,12/02/2022,9.58,9.82,9.51,9.75,37229
ADT,12/01/2022,9.45,9.70,9.31,9.68,50660
ADT,11/30/2022,9.27,9.34,9.05,9.34,33492
ADT,11/29/2022,9.13,9.22,9.10,9.21,26038
ADT,11/28/2022,8.94,9.11,8.89,9.09,29950
ADT,11/25/2022,9.04,9.04,8.93,9.00,19365
ADT,11/23/2022,9.00,9.08,8.98,9.00,20306
ADT,11/22/2022,8.99,9.07,8.91,9.04,26034
ADT,11/21/2022,8.90,9.02,8.88,8.96,19664
ADT,11/18/2022,9.05,9.06,8.77,8.95,23064
ADT,11/17/2022,9.09,9.10,8.91,8.98,22210
ADT,11/16/2022,9.15,9.24,9.10,9.22,26364
ADT,11/15/2022,9.28,9.52,9.15,9.25,37617
ADT,11/14/2022,9.14,9.30,9.10,9.17,44293
ADT,11/11/2022,9.17,9.24,8.97,9.15,60882
ADT,11/10/2022,8.88,9.15,8.82,9.10,79776
ADT,11/09/2022,8.70,8.72,8.55,8.62,51534
ADT,11/08/2022,8.72,8.97,8.66,8.71,94994
ADT,11/07/2022,8.48,8.69,8.47,8.66,56803
ADT,11/04/2022,8.45,8.69,8.36,8.49,74150
ADT,11/03/2022,8.30,8.45,8.20,8.26,53797
ADT,11/02/2022,8.36,8.52,8.23,8.25,54100
ADT,11/01/2022,8.57,8.57,8.42,8.45,63542
ADT,10/31/2022,8.63,8.66,8.44,8.46,74409
ADT,10/28/2022,8.63,8.74,8.55,8.70,71984
ADT,10/27/2022,8.60,8.78,8.59,8.70,86538
ADT,10/26/2022,8.51,8.70,8.42,8.59,41952
ADT,10/25/2022,8.51,8.66,8.44,8.45,22963
ADT,10/24/2022,8.80,8.86,8.50,8.53,26496
ADT,10/21/2022,8.58,8.91,8.36,8.80,40380
ADT,10/20/2022,8.67,8.69,8.41,8.55,236826
ADT,10/19/2022,8.54,8.74,8.45,8.60,128095
ADT,10/18/2022,8.53,8.59,8.35,8.58,133435
ADT,10/17/2022,8.15,8.41,8.14,8.35,81083
ADT,10/14/2022,8.38,8.38,8.01,8.01,54577
ADT,10/13/2022,8.05,8.37,8.05,8.31,54389
ADT,10/12/2022,8.17,8.27,7.99,8.21,61408
ADT,10/11/2022,8.12,8.24,7.99,8.17,69898
ADT,10/10/2022,8.30,8.34,8.07,8.10,62792
ADT,10/07/2022,8.35,8.41,8.19,8.29,66838
ADT,10/06/2022,8.35,8.50,8.33,8.42,32930
ADT,10/05/2022,8.05,8.47,7.98,8.38,38057
ADT,10/04/2022,7.92,8.18,7.92,8.17,28913
ADT,10/03/2022,7.58,7.87,7.47,7.78,25281
ADT,09/30/2022,7.48,7.58,7.37,7.49,26414
ADT,09/29/2022,7.64,7.65,7.36,7.49,36037
ADT,09/28/2022,7.53,7.82,7.47,7.74,34406
ADT,09/27/2022,7.66,7.76,7.45,7.50,40103
ADT,09/26/2022,7.66,7.79,7.49,7.54,30774
ADT,09/23/2022,7.85,7.88,7.64,7.70,26478
ADT,09/22/2022,8.11,8.16,7.88,7.98,38305
ADT,09/21/2022,8.09,8.26,8.04,8.05,20240
ADT,09/20/2022,8.14,8.27,8.01,8.03,23063
ADT,09/19/2022,8.14,8.28,8.10,8.19,18294
ADT,09/16/2022,8.14,8.18,8.02,8.17,44635
ADT,09/15/2022,8.24,8.38,8.14,8.21,24922
ADT,09/14/2022,8.36,8.40,8.21,8.26,28300
ADT,09/13/2022,8.43,8.51,8.28,8.38,34729
ADT,09/12/2022,8.27,8.72,8.15,8.66,46626
ADT,09/09/2022,8.29,8.44,8.22,8.39,35439
ADT,09/08/2022,8.32,8.36,8.16,8.19,42607
ADT,09/07/2022,8.39,8.54,8.19,8.41,52106
ADT,09/06/2022,8.09,8.42,7.91,8.39,147703
ADT,09/02/2022,7.28,7.34,7.16,7.21,13759
ADT,09/01/2022,7.25,7.27,7.14,7.24,14520
ADT,08/31/2022,7.38,7.44,7.25,7.29,16873
ADT,08/30/2022,7.52,7.57,7.32,7.40,10541
ADT,08/29/2022,7.47,7.56,7.35,7.46,10975
ADT,08/26/2022,7.83,7.87,7.56,7.56,9743
ADT,08/25/2022,7.69,7.86,7.68,7.82,11805
ADT,08/24/2022,7.66,7.77,7.63,7.66,9612
ADT,08/23/2022,7.69,7.85,7.67,7.69,10115
ADT,08/22/2022,7.75,7.78,7.61,7.63,13004
ADT,08/19/2022,7.91,7.93,7.79,7.87,13222
ADT,08/18/2022,8.03,8.03,7.89,7.96,15055
ADT,08/17/2022,8.07,8.16,7.95,8.02,17811
ADT,08/16/2022,8.21,8.30,8.13,8.21,11296
ADT,08/15/2022,8.16,8.30,8.12,8.26,12283
ADT,08/12/2022,8.08,8.27,8.03,8.25,17294
ADT,08/11/2022,8.02,8.08,7.94,8.03,13445
ADT,08/10/2022,7.98,8.06,7.79,7.94,23230
ADT,08/09/2022,8.01,8.01,7.77,7.85,25955
ADT,08/08/2022,8.01,8.35,8.00,8.00,33048
ADT,08/05/2022,7.64,8.06,7.56,8.02,41536
ADT,08/04/2022,7.33,7.76,7.27,7.70,33470
ADT,08/03/2022,7.29,7.35,7.23,7.31,23008
ADT,08/02/2022,7.24,7.28,7.18,7.20,12194
ADT,08/01/2022,7.26,7.32,7.12,7.25,18346
ADT,07/29/2022,7.32,7.32,7.19,7.30,18150
ADT,07/28/2022,7.19,7.30,7.11,7.30,11872
ADT,07/27/2022,7.01,7.18,6.91,7.17,20573
ADT,07/26/2022,7.01,7.04,6.89,6.90,15781
ADT,07/25/2022,7.10,7.11,6.96,7.05,14179
ADT,07/22/2022,7.22,7.27,7.02,7.07,33816
ADT,07/21/2022,7.16,7.23,7.07,7.22,11276
ADT,07/20/2022,7.06,7.25,7.03,7.22,9077
ADT,07/19/2022,6.99,7.17,6.97,7.11,16318
ADT,07/18/2022,6.90,7.00,6.83,6.85,11313
ADT,07/15/2022,6.68,6.84,6.61,6.81,13014
ADT,07/14/2022,6.59,6.65,6.53,6.59,14584
ADT,07/13/2022,6.58,6.68,6.45,6.66,12974
ADT,07/12/2022,6.64,6.77,6.63,6.69,17641
ADT,07/11/2022,6.59,6.67,6.53,6.62,15195
ADT,07/08/2022,6.65,6.68,6.48,6.65,10263
ADT,07/07/2022,6.45,6.65,6.41,6.61,12002
ADT,07/06/2022,6.38,6.43,6.28,6.37,12406
ADT,07/05/2022,6.12,6.36,6.00,6.36,14999
ADT,07/01/2022,6.12,6.31,6.10,6.29,15545
ADT,06/30/2022,6.13,6.16,6.04,6.15,21568
ADT,06/29/2022,6.34,6.34,6.11,6.19,25123
ADT,06/28/2022,6.65,6.74,6.35,6.37,28003
ADT,06/27/2022,6.45,6.63,6.40,6.59,21616
ADT,06/24/2022,6.18,6.63,6.17,6.45,56216
ADT,06/23/2022,6.16,6.24,6.05,6.15,25080
ADT,06/22/2022,6.27,6.35,6.14,6.18,27485
ADT,06/21/2022,6.41,6.55,6.33,6.35,17882
ADT,06/17/2022,6.19,6.44,6.14,6.30,104758
ADT,06/16/2022,6.29,6.34,6.05,6.15,33173
ADT,06/15/2022,6.50,6.56,6.31,6.47,37463
ADT,06/14/2022,6.62,6.65,6.39,6.40,27201
ADT,06/13/2022,6.67,6.75,6.50,6.60,23756
ADT,06/10/2022,7.07,7.07,6.77,6.87,25192
ADT,06/09/2022,7.32,7.38,7.22,7.23,12934
ADT,06/08/2022,7.65,7.65,7.36,7.37,15101
ADT,06/07/2022,7.50,7.69,7.50,7.69,14770
ADT,06/06/2022,7.55,7.68,7.47,7.61,23359
ADT,06/03/2022,7.48,7.51,7.42,7.46,11976
ADT,06/02/2022,7.33,7.54,7.30,7.54,12664
ADT,06/01/2022,7.47,7.54,7.28,7.31,17454
ADT,05/31/2022,7.46,7.48,7.26,7.48,22214
ADT,05/27/2022,7.50,7.66,7.44,7.56,20654
ADT,05/26/2022,7.20,7.47,7.18,7.35,18471
ADT,05/25/2022,6.89,7.24,6.84,7.19,25741
ADT,05/24/2022,6.88,6.94,6.81,6.93,18045
ADT,05/23/2022,7.00,7.04,6.78,7.00,15051
ADT,05/20/2022,7.09,7.11,6.70,6.97,16122
ADT,05/19/2022,6.83,7.08,6.82,7.00,17607
ADT,05/18/2022,7.09,7.17,6.83,6.89,15574
ADT,05/17/2022,7.03,7.21,6.99,7.20,14098
ADT,05/16/2022,6.91,6.97,6.81,6.86,19196
ADT,05/13/2022,6.76,7.12,6.76,6.99,20451
ADT,05/12/2022,6.49,6.74,6.43,6.68,21276
ADT,05/11/2022,6.74,6.84,6.49,6.54,17192
ADT,05/10/2022,6.67,6.82,6.47,6.74,21450
ADT,05/09/2022,6.90,6.93,6.52,6.60,26464
ADT,05/06/2022,7.00,7.09,6.75,7.00,23155
ADT,05/05/2022,7.10,7.36,6.96,7.04,17288
ADT,05/04/2022,7.02,7.26,6.88,7.25,17808
ADT,05/03/2022,6.88,7.04,6.86,7.00,15572
ADT,05/02/2022,6.84,6.89,6.68,6.86,16157
ADT,04/29/2022,7.00,7.07,6.82,6.85,13799
ADT,04/28/2022,6.90,7.07,6.79,7.01,13236
ADT,04/27/2022,6.77,6.94,6.74,6.87,17520
ADT,04/26/2022,7.01,7.03,6.65,6.76,17966
ADT,04/25/2022,7.01,7.12,6.82,7.11,26383
ADT,04/22/2022,7.29,7.32,7.04,7.08,11875
ADT,04/21/2022,7.46,7.53,7.32,7.39,12529
ADT,04/20/2022,7.39,7.52,7.31,7.38,14475
ADT,04/19/2022,6.88,7.39,6.88,7.31,28166
ADT,04/18/2022,6.99,7.02,6.84,6.88,18817
ADT,04/14/2022,7.21,7.21,6.99,6.99,20057
ADT,04/13/2022,7.10,7.18,7.07,7.16,13507
ADT,04/12/2022,7.14,7.25,7.06,7.10,12454
ADT,04/11/2022,7.06,7.23,7.04,7.12,9091
ADT,04/08/2022,7.11,7.19,6.98,7.10,12100
ADT,04/07/2022,7.23,7.29,6.96,7.15,17876
ADT,04/06/2022,7.46,7.46,7.24,7.25,23107
ADT,04/05/2022,7.66,7.77,7.47,7.53,26028
ADT,04/04/2022,7.75,7.78,7.55,7.73,19509
ADT,04/01/2022,7.68,7.79,7.64,7.74,14620
ADT,03/31/2022,7.59,7.71,7.57,7.59,13906
ADT,03/30/2022,7.78,7.84,7.57,7.59,16756
ADT,03/29/2022,7.63,7.95,7.58,7.85,26804
ADT,03/28/2022,7.40,7.48,7.34,7.45,17783
ADT,03/25/2022,7.43,7.48,7.35,7.36,14429
ADT,03/24/2022,7.44,7.48,7.38,7.47,10995
ADT,03/23/2022,7.53,7.55,7.37,7.41,16467
ADT,03/22/2022,7.58,7.77,7.56,7.62,27452
ADT,03/21/2022,7.57,7.71,7.53,7.57,29921
ADT,03/18/2022,7.70,7.74,7.48,7.57,49565
ADT,03/17/2022,7.75,7.92,7.72,7.82,27024
ADT,03/16/2022,7.55,7.95,7.55,7.86,39023
ADT,03/15/2022,7.39,7.57,7.36,7.46,23767
ADT,03/14/2022,7.62,7.69,7.27,7.33,24075
ADT,03/11/2022,7.61,7.71,7.49,7.64,48662
ADT,03/10/2022,7.47,7.64,7.37,7.52,34400
ADT,03/09/2022,7.35,7.68,7.35,7.61,36114
ADT,03/08/2022,7.36,7.36,7.00,7.15,38961
ADT,03/07/2022,7.66,7.80,7.28,7.32,29999
ADT,03/04/2022,7.70,7.75,7.49,7.59,33751
ADT,03/03/2022,7.88,8.01,7.75,7.81,26485
ADT,03/02/2022,7.50,7.89,7.48,7.88,45841
ADT,03/01/2022,7.64,7.85,7.29,7.47,36676
ADT,02/28/2022,7.23,7.36,7.14,7.31,17238
ADT,02/25/2022,7.22,7.38,7.10,7.32,15970
ADT,02/24/2022,6.79,7.22,6.68,7.19,16248
ADT,02/23/2022,7.25,7.30,6.97,6.97,15354
ADT,02/22/2022,7.22,7.33,7.12,7.20,11613
ADT,02/18/2022,7.61,7.65,7.23,7.36,22083
ADT,02/17/2022,7.88,7.89,7.51,7.62,20243
ADT,02/16/2022,7.82,7.92,7.75,7.91,16505
ADT,02/15/2022,7.65,7.87,7.63,7.84,16611
ADT,02/14/2022,7.61,7.77,7.52,7.54,17393
