AFL,06/23/2023,67.23,67.38,66.91,67.30,1964
AFL,06/22/2023,67.52,67.71,67.10,67.54,18025
AFL,06/21/2023,67.20,67.97,66.58,67.53,29517
AFL,06/20/2023,68.92,69.00,67.72,67.80,28907
AFL,06/16/2023,69.88,70.28,69.32,69.43,55131
AFL,06/15/2023,68.67,69.83,68.50,69.76,20894
AFL,06/14/2023,69.65,70.22,68.57,68.76,23434
AFL,06/13/2023,68.72,69.86,68.13,69.40,31006
AFL,06/12/2023,68.75,69.10,68.14,68.74,15693
AFL,06/09/2023,68.31,69.08,68.04,68.97,17236
AFL,06/08/2023,68.24,68.38,67.51,68.21,19245
AFL,06/07/2023,67.73,68.62,67.44,68.40,19028
AFL,06/06/2023,67.45,67.79,67.09,67.67,17883
AFL,06/05/2023,66.86,67.60,66.86,67.13,20999
AFL,06/02/2023,65.42,66.80,65.31,66.60,26326
AFL,06/01/2023,64.67,64.91,64.30,64.69,27065
AFL,05/31/2023,64.99,65.16,64.10,64.21,39483
AFL,05/30/2023,64.52,65.30,64.17,65.24,27531
AFL,05/26/2023,64.55,65.19,64.47,64.49,21318
AFL,05/25/2023,64.54,65.08,64.34,64.61,18356
AFL,05/24/2023,65.76,65.76,64.49,64.56,21521
AFL,05/23/2023,66.70,66.93,66.02,66.04,19212
AFL,05/22/2023,66.84,67.21,66.22,66.58,19571
AFL,05/19/2023,67.45,67.58,66.61,66.88,18676
AFL,05/18/2023,66.19,67.06,65.92,66.91,17559
AFL,05/17/2023,65.54,66.69,65.42,66.19,20112
AFL,05/16/2023,65.62,65.79,65.01,65.16,17484
AFL,05/15/2023,66.13,66.39,65.80,66.09,20108
AFL,05/12/2023,66.80,67.09,65.59,66.11,16863
AFL,05/11/2023,66.11,66.77,65.81,66.67,22499
AFL,05/10/2023,67.57,67.79,66.14,66.72,21597
AFL,05/09/2023,67.53,67.89,67.04,67.42,14380
AFL,05/08/2023,68.06,68.28,67.57,67.64,15770
AFL,05/05/2023,67.86,68.27,67.01,67.59,24578
AFL,05/04/2023,66.89,66.90,65.17,66.82,34868
AFL,05/03/2023,68.84,69.15,67.33,67.36,20257
AFL,05/02/2023,69.57,69.62,68.12,68.64,29341
AFL,05/01/2023,69.85,70.69,69.22,70.36,28064
AFL,04/28/2023,69.43,70.37,68.53,69.85,41088
AFL,04/27/2023,65.97,69.57,64.94,69.47,37304
AFL,04/26/2023,65.28,65.93,64.89,65.39,27653
AFL,04/25/2023,65.81,66.19,65.28,65.77,23509
AFL,04/24/2023,65.91,66.34,65.80,66.08,18688
AFL,04/21/2023,66.44,66.49,65.04,65.98,22760
AFL,04/20/2023,66.90,67.08,66.19,66.48,16198
AFL,04/19/2023,67.11,67.30,66.66,66.94,18620
AFL,04/18/2023,66.93,67.15,66.39,66.89,20972
AFL,04/17/2023,65.94,66.59,65.31,66.57,22832
AFL,04/14/2023,66.55,66.90,65.81,66.21,19383
AFL,04/13/2023,65.78,66.46,65.60,66.30,22793
AFL,04/12/2023,65.98,66.51,65.53,65.98,21705
AFL,04/11/2023,65.00,65.99,64.88,65.71,18392
AFL,04/10/2023,64.31,64.98,64.06,64.97,17815
AFL,04/06/2023,64.61,64.80,64.12,64.56,23545
AFL,04/05/2023,63.48,64.74,63.08,64.46,22242
AFL,04/04/2023,65.10,65.10,63.46,63.91,19101
AFL,04/03/2023,64.45,65.18,64.08,64.66,19392
AFL,03/31/2023,64.51,64.67,64.00,64.52,27077
AFL,03/30/2023,64.67,64.79,63.91,64.29,19049
AFL,03/29/2023,64.34,64.48,63.72,64.29,16802
AFL,03/28/2023,63.08,63.62,62.95,63.56,16664
AFL,03/27/2023,63.76,64.10,62.93,63.11,23209
AFL,03/24/2023,61.76,62.99,61.30,62.88,21637
AFL,03/23/2023,62.82,63.52,62.17,62.53,21779
AFL,03/22/2023,64.81,64.97,63.12,63.13,19955
AFL,03/21/2023,64.68,65.15,64.47,64.70,29074
AFL,03/20/2023,61.76,63.79,61.17,63.38,31205
AFL,03/17/2023,62.22,62.22,60.69,61.29,72617
AFL,03/16/2023,60.49,62.84,60.32,62.48,30726
AFL,03/15/2023,61.36,61.65,60.20,61.24,34187
AFL,03/14/2023,63.43,64.08,62.58,63.12,33721
AFL,03/13/2023,62.65,63.66,61.70,62.16,50789
AFL,03/10/2023,64.35,65.06,63.73,64.03,36125
AFL,03/09/2023,66.50,66.50,64.53,64.84,29777
AFL,03/08/2023,67.16,67.21,65.54,66.12,23240
AFL,03/07/2023,68.34,68.38,66.75,67.06,18676
AFL,03/06/2023,68.37,68.79,68.14,68.22,21340
AFL,03/03/2023,67.52,68.60,67.20,68.44,18461
AFL,03/02/2023,67.80,67.99,66.75,67.56,19745
AFL,03/01/2023,68.19,69.22,67.93,68.12,23882
AFL,02/28/2023,68.43,68.75,68.02,68.15,30548
AFL,02/27/2023,68.73,69.14,68.11,68.23,16053
AFL,02/24/2023,67.59,68.79,67.52,68.57,16832
AFL,02/23/2023,68.63,69.12,67.60,68.00,19816
AFL,02/22/2023,68.11,68.61,67.82,68.36,20193
AFL,02/21/2023,68.96,69.13,67.83,68.13,18515
AFL,02/17/2023,69.00,69.55,68.95,69.37,17692
AFL,02/16/2023,68.66,69.73,68.52,69.13,16976
AFL,02/15/2023,68.84,69.32,68.61,69.27,16020
AFL,02/14/2023,70.36,70.59,69.17,69.21,21509
AFL,02/13/2023,69.81,71.13,69.60,71.01,22671
AFL,02/10/2023,69.64,69.94,69.43,69.88,16747
AFL,02/09/2023,70.91,71.14,69.54,69.63,18997
AFL,02/08/2023,69.61,70.88,69.26,70.46,22137
AFL,02/07/2023,69.07,70.25,69.04,69.95,22011
AFL,02/06/2023,69.19,69.73,68.65,69.58,21830
AFL,02/03/2023,68.89,69.85,68.59,69.39,33306
AFL,02/02/2023,73.56,73.56,68.35,68.90,55168
AFL,02/01/2023,73.35,73.75,72.64,73.28,31589
AFL,01/31/2023,73.03,73.57,72.29,73.50,47195
AFL,01/30/2023,72.65,73.60,72.11,73.04,17764
AFL,01/27/2023,72.98,73.26,72.56,72.91,23507
AFL,01/26/2023,73.20,73.37,72.01,72.96,28739
AFL,01/25/2023,72.45,73.11,72.19,73.09,24509
AFL,01/24/2023,72.12,72.82,70.80,72.80,23111
AFL,01/23/2023,71.04,72.04,70.78,71.54,24876
AFL,01/20/2023,70.98,71.11,70.03,71.05,88353
AFL,01/19/2023,71.60,71.80,70.67,70.68,23263
AFL,01/18/2023,72.39,72.94,71.78,71.88,25134
AFL,01/17/2023,72.91,73.08,72.13,72.44,31336
AFL,01/13/2023,71.52,72.90,70.72,72.85,19810
AFL,01/12/2023,72.13,72.41,71.55,71.80,20546
AFL,01/11/2023,71.98,72.29,71.40,71.91,24522
AFL,01/10/2023,71.74,72.25,71.35,72.00,21078
AFL,01/09/2023,73.50,73.65,71.43,71.45,32139
AFL,01/06/2023,72.15,74.01,71.50,73.84,31746
AFL,01/05/2023,71.80,72.11,71.20,71.50,26785
AFL,01/04/2023,72.22,72.44,71.67,71.92,31072
AFL,01/03/2023,71.98,72.34,71.18,71.58,31773
AFL,12/30/2022,71.66,72.15,71.43,71.94,14215
AFL,12/29/2022,71.77,72.38,71.61,72.08,15877
AFL,12/28/2022,72.50,72.50,71.46,71.47,16134
AFL,12/27/2022,72.00,72.62,71.75,72.24,16993
AFL,12/23/2022,70.91,71.81,70.91,71.75,14676
AFL,12/22/2022,71.39,71.50,70.29,70.91,22368
AFL,12/21/2022,71.21,72.20,70.73,71.46,26697
AFL,12/20/2022,69.24,70.82,69.16,70.66,33788
AFL,12/19/2022,69.23,69.77,68.43,68.92,25543
AFL,12/16/2022,68.42,69.29,68.29,69.02,70017
AFL,12/15/2022,69.63,69.79,68.84,69.33,26981
AFL,12/14/2022,70.77,71.56,70.06,70.39,25613
AFL,12/13/2022,71.88,72.07,70.23,70.67,30005
AFL,12/12/2022,69.90,70.92,69.37,70.82,22753
AFL,12/09/2022,70.05,70.67,69.79,69.96,16714
AFL,12/08/2022,71.60,71.68,70.07,70.32,23814
AFL,12/07/2022,70.84,72.01,70.39,71.20,19699
AFL,12/06/2022,71.05,71.42,70.44,71.09,24143
AFL,12/05/2022,71.81,71.90,70.70,71.04,23783
AFL,12/02/2022,71.48,72.39,70.98,72.34,18473
AFL,12/01/2022,72.45,72.48,71.61,71.91,21773
AFL,11/30/2022,70.57,72.44,69.90,71.93,48781
AFL,11/29/2022,70.70,71.30,70.46,70.88,30891
AFL,11/28/2022,71.89,72.31,70.80,70.99,27063
AFL,11/25/2022,72.19,72.70,72.10,72.50,10480
AFL,11/23/2022,71.74,72.54,71.57,72.00,18592
AFL,11/22/2022,71.71,72.43,71.03,71.99,30404
AFL,11/21/2022,70.91,71.49,70.62,71.37,24524
AFL,11/18/2022,71.41,71.93,70.55,70.94,30106
AFL,11/17/2022,70.01,70.69,69.80,70.59,18533
AFL,11/16/2022,70.68,71.37,70.47,70.81,25947
AFL,11/15/2022,69.12,70.76,69.12,70.23,37417
AFL,11/14/2022,70.16,70.79,68.69,68.71,40948
AFL,11/11/2022,70.25,70.71,69.30,70.30,32643
AFL,11/10/2022,69.00,70.10,68.28,69.97,34780
AFL,11/09/2022,68.23,68.90,67.46,67.52,30550
AFL,11/08/2022,67.52,68.48,66.90,67.98,20637
AFL,11/07/2022,67.39,67.94,66.75,67.82,20115
AFL,11/04/2022,66.89,67.92,66.31,67.18,28849
AFL,11/03/2022,65.95,66.36,65.39,65.97,28704
AFL,11/02/2022,66.56,68.12,66.23,66.69,39558
AFL,11/01/2022,64.97,66.88,64.36,66.81,38701
AFL,10/31/2022,64.62,65.31,64.20,65.11,51698
AFL,10/28/2022,63.01,64.82,62.89,64.79,25577
AFL,10/27/2022,62.40,63.32,62.36,62.70,23316
AFL,10/26/2022,62.31,62.90,61.91,61.96,22761
AFL,10/25/2022,61.41,62.14,61.27,61.95,24490
AFL,10/24/2022,61.18,62.19,60.95,61.88,23481
AFL,10/21/2022,59.33,61.06,59.18,60.97,24859
AFL,10/20/2022,60.00,60.33,58.92,59.15,22436
AFL,10/19/2022,59.95,60.50,59.46,60.14,17629
AFL,10/18/2022,60.70,60.89,59.47,60.19,22436
AFL,10/17/2022,60.04,60.45,59.27,59.63,23615
AFL,10/14/2022,60.01,60.81,58.97,59.13,24373
AFL,10/13/2022,56.60,59.85,56.26,59.69,26387
AFL,10/12/2022,58.02,58.47,57.39,57.41,20297
AFL,10/11/2022,57.80,58.99,57.69,58.10,25925
AFL,10/10/2022,58.21,58.89,57.49,58.02,19450
AFL,10/07/2022,58.80,58.98,57.31,57.69,24042
AFL,10/06/2022,59.36,59.76,59.04,59.14,17955
AFL,10/05/2022,59.32,60.02,59.20,59.67,16493
AFL,10/04/2022,58.46,60.05,58.16,60.01,23659
AFL,10/03/2022,56.97,58.05,56.12,57.86,22937
AFL,09/30/2022,56.79,57.44,56.07,56.20,28716
AFL,09/29/2022,56.84,57.10,56.04,56.58,24217
AFL,09/28/2022,56.38,57.58,56.11,57.21,25255
AFL,09/27/2022,57.32,57.50,56.03,56.57,22770
AFL,09/26/2022,57.40,57.92,56.56,56.83,25116
AFL,09/23/2022,58.11,58.35,57.07,57.79,26442
AFL,09/22/2022,60.15,60.15,58.61,58.67,24190
AFL,09/21/2022,61.00,61.20,59.78,59.79,26704
AFL,09/20/2022,60.08,60.72,59.70,60.53,25753
AFL,09/19/2022,58.95,60.38,58.77,60.37,18021
AFL,09/16/2022,59.42,59.59,58.62,59.50,76042
AFL,09/15/2022,60.23,60.39,59.48,59.56,34316
AFL,09/14/2022,60.84,61.16,59.66,60.13,34139
AFL,09/13/2022,61.63,61.90,60.63,60.79,30903
AFL,09/12/2022,62.00,62.79,61.91,62.50,20950
AFL,09/09/2022,62.00,62.30,61.75,61.88,21489
AFL,09/08/2022,60.77,61.76,60.09,61.67,30684
AFL,09/07/2022,59.31,60.98,59.25,60.86,28222
AFL,09/06/2022,59.56,59.77,59.03,59.53,31173
AFL,09/02/2022,59.99,60.81,59.15,59.40,24008
AFL,09/01/2022,59.47,59.56,58.54,59.52,27113
AFL,08/31/2022,60.22,60.52,59.39,59.42,27401
AFL,08/30/2022,60.78,61.06,60.03,60.13,18191
AFL,08/29/2022,60.30,61.27,60.17,60.82,20145
AFL,08/26/2022,62.53,62.57,60.83,60.87,19967
AFL,08/25/2022,61.72,62.26,61.56,62.24,14804
AFL,08/24/2022,61.59,61.78,61.20,61.55,16894
AFL,08/23/2022,61.90,62.28,61.47,61.59,22881
AFL,08/22/2022,62.93,63.15,62.04,62.21,23431
AFL,08/19/2022,64.44,64.50,63.41,63.68,22449
AFL,08/18/2022,64.00,64.66,63.78,64.55,16950
AFL,08/17/2022,63.36,64.19,63.29,63.90,17169
AFL,08/16/2022,63.87,64.35,63.68,63.99,25282
AFL,08/15/2022,63.41,64.40,63.32,64.07,17599
AFL,08/12/2022,62.73,64.06,62.66,64.03,20769
AFL,08/11/2022,62.19,62.96,62.05,62.64,21874
AFL,08/10/2022,61.15,61.84,60.83,61.71,19815
AFL,08/09/2022,59.79,60.65,59.48,60.42,19658
AFL,08/08/2022,60.00,60.20,59.51,59.58,22173
AFL,08/05/2022,59.43,59.75,59.16,59.43,21072
AFL,08/04/2022,59.27,59.50,59.01,59.17,26428
AFL,08/03/2022,58.72,59.16,57.91,59.01,31350
AFL,08/02/2022,58.41,59.97,57.54,58.74,54984
AFL,08/01/2022,56.84,56.95,56.05,56.71,25000
AFL,07/29/2022,56.60,57.54,56.35,57.30,37577
AFL,07/28/2022,55.89,56.47,55.22,56.42,21775
AFL,07/27/2022,55.78,56.34,55.30,56.00,18140
AFL,07/26/2022,55.89,56.36,55.46,55.64,19434
AFL,07/25/2022,55.70,56.27,55.48,56.06,14923
AFL,07/22/2022,55.22,55.61,54.75,55.28,17989
AFL,07/21/2022,54.70,55.08,54.01,55.03,18214
AFL,07/20/2022,54.62,55.08,54.37,54.70,24872
AFL,07/19/2022,54.93,55.42,54.63,54.97,32670
AFL,07/18/2022,54.66,55.21,53.94,54.17,18850
AFL,07/15/2022,54.04,54.57,53.75,54.31,20328
AFL,07/14/2022,53.27,53.90,53.04,53.45,21739
AFL,07/13/2022,55.04,55.37,54.07,54.59,20650
AFL,07/12/2022,55.70,56.90,55.22,55.74,19468
AFL,07/11/2022,56.13,56.66,55.70,56.04,20555
AFL,07/08/2022,56.75,56.80,56.20,56.25,18141
AFL,07/07/2022,56.51,56.95,56.22,56.35,23047
AFL,07/06/2022,55.10,56.20,54.80,55.94,22413
AFL,07/05/2022,55.16,55.52,54.12,55.52,20788
AFL,07/01/2022,55.32,56.31,55.11,56.24,22512
AFL,06/30/2022,54.87,55.96,54.47,55.33,26819
AFL,06/29/2022,56.14,56.36,55.39,55.46,19669
AFL,06/28/2022,56.62,57.19,55.86,55.90,23251
AFL,06/27/2022,55.97,56.03,55.31,55.89,19275
AFL,06/24/2022,54.01,55.93,53.71,55.79,32478
AFL,06/23/2022,54.14,54.48,53.17,53.65,19548
AFL,06/22/2022,53.34,54.23,53.34,53.96,19946
AFL,06/21/2022,54.15,54.41,53.44,54.18,22682
AFL,06/17/2022,53.07,53.65,52.48,53.05,51305
AFL,06/16/2022,53.24,53.25,52.07,53.01,37760
AFL,06/15/2022,54.22,54.86,53.43,54.23,26506
AFL,06/14/2022,54.06,54.57,53.28,53.71,21386
AFL,06/13/2022,54.70,54.85,53.49,53.74,30544
AFL,06/10/2022,56.30,56.51,55.62,55.63,23757
AFL,06/09/2022,58.75,58.75,57.42,57.43,18508
AFL,06/08/2022,59.03,59.44,58.59,58.72,18246
AFL,06/07/2022,58.87,59.68,58.58,59.63,22983
AFL,06/06/2022,59.40,59.73,58.75,59.16,17937
AFL,06/03/2022,59.50,59.55,58.68,58.82,22385
AFL,06/02/2022,59.67,59.89,58.84,59.69,21853
AFL,06/01/2022,60.63,60.84,59.20,59.81,22672
AFL,05/31/2022,59.91,60.96,59.40,60.57,78624
AFL,05/27/2022,59.31,60.48,58.98,60.41,29874
AFL,05/26/2022,58.33,59.39,57.86,59.12,28947
AFL,05/25/2022,57.01,58.24,56.91,57.80,40814
AFL,05/24/2022,56.31,57.18,55.62,57.08,28000
AFL,05/23/2022,55.97,56.98,55.51,56.53,23465
AFL,05/20/2022,55.67,55.96,54.18,55.09,43721
AFL,05/19/2022,55.71,56.55,54.93,55.60,24923
AFL,05/18/2022,56.91,56.97,56.15,56.32,27280
AFL,05/17/2022,56.82,57.50,56.48,57.24,19102
AFL,05/16/2022,56.28,56.52,55.51,56.19,25374
AFL,05/13/2022,56.33,56.70,55.84,56.28,30604
AFL,05/12/2022,56.81,56.99,55.12,56.11,26085
AFL,05/11/2022,57.71,58.34,56.77,56.88,23517
AFL,05/10/2022,58.06,58.84,56.76,57.34,25488
AFL,05/09/2022,57.75,58.15,57.10,57.56,31292
AFL,05/06/2022,57.88,58.49,57.43,58.23,30087
AFL,05/05/2022,58.95,59.31,57.52,58.03,24165
AFL,05/04/2022,57.75,59.78,57.68,59.68,24262
AFL,05/03/2022,57.71,58.78,57.32,57.92,27583
AFL,05/02/2022,57.78,58.19,56.33,57.30,32391
AFL,04/29/2022,59.06,59.19,57.07,57.28,50429
AFL,04/28/2022,60.50,60.50,57.76,59.26,42927
AFL,04/27/2022,61.12,61.61,60.34,60.82,31997
AFL,04/26/2022,61.68,62.31,60.74,60.77,23329
AFL,04/25/2022,62.70,62.80,60.84,62.40,36443
AFL,04/22/2022,65.23,65.36,63.30,63.37,26978
AFL,04/21/2022,67.00,67.20,65.42,65.50,24935
AFL,04/20/2022,65.60,66.90,65.16,66.62,30920
AFL,04/19/2022,65.64,65.96,64.86,65.49,22475
AFL,04/18/2022,65.11,65.89,65.11,65.52,19830
AFL,04/14/2022,64.97,65.58,64.57,65.33,17130
AFL,04/13/2022,64.63,65.17,64.11,64.99,18218
AFL,04/12/2022,65.29,65.95,64.53,64.89,18784
AFL,04/11/2022,65.75,66.29,65.09,65.19,19291
AFL,04/08/2022,65.56,66.03,65.31,65.52,24106
AFL,04/07/2022,64.89,65.53,63.89,65.17,26056
AFL,04/06/2022,63.88,65.22,63.48,65.07,33753
AFL,04/05/2022,63.61,64.35,63.27,63.77,18595
AFL,04/04/2022,64.62,64.66,63.28,63.61,18824
AFL,04/01/2022,64.87,65.17,64.22,64.84,21474
AFL,03/31/2022,65.45,66.01,64.37,64.39,30022
AFL,03/30/2022,65.38,65.83,65.02,65.50,19089
AFL,03/29/2022,65.82,66.11,64.77,65.32,16781
AFL,03/28/2022,65.31,65.32,64.55,65.28,18473
AFL,03/25/2022,64.27,65.54,64.23,65.53,19161
AFL,03/24/2022,63.90,64.55,63.81,64.49,12162
AFL,03/23/2022,64.20,64.47,63.72,63.74,18601
AFL,03/22/2022,64.00,64.81,63.88,64.46,24537
AFL,03/21/2022,63.41,63.72,62.99,63.40,20136
AFL,03/18/2022,62.74,63.09,61.91,62.95,61025
AFL,03/17/2022,62.03,62.90,61.70,62.90,21067
AFL,03/16/2022,61.97,62.64,61.30,62.62,30040
AFL,03/15/2022,61.15,61.53,60.55,61.26,21661
AFL,03/14/2022,60.74,61.43,60.21,60.84,22122
AFL,03/11/2022,60.38,60.81,59.90,59.96,21864
AFL,03/10/2022,59.73,60.11,59.25,59.96,24689
AFL,03/09/2022,60.75,61.24,60.18,60.39,29297
AFL,03/08/2022,59.68,61.00,59.13,59.23,30736
AFL,03/07/2022,59.37,59.69,58.90,59.03,35196
AFL,03/04/2022,59.86,60.60,59.48,60.10,27897
AFL,03/03/2022,60.38,61.29,60.20,61.16,32128
AFL,03/02/2022,59.08,60.45,58.60,60.14,29445
AFL,03/01/2022,60.53,60.81,58.26,58.48,37467
AFL,02/28/2022,60.29,61.52,59.75,61.09,33309
AFL,02/25/2022,60.21,62.13,59.77,61.95,37711
AFL,02/24/2022,59.92,59.98,58.50,59.62,47112
AFL,02/23/2022,63.05,63.33,61.48,61.59,26486
AFL,02/22/2022,63.21,63.32,62.28,62.77,26447
AFL,02/18/2022,62.87,63.68,62.87,63.17,48942
AFL,02/17/2022,63.86,64.17,62.97,63.20,33566
AFL,02/16/2022,64.23,64.86,63.96,64.52,29989
AFL,02/15/2022,64.50,65.04,64.34,64.56,26483
AFL,02/14/2022,65.12,65.59,63.71,64.22,38638
