ALKS,06/23/2023,33.43,33.55,33.06,33.17,3477
ALKS,06/22/2023,32.86,33.64,32.82,33.63,19578
ALKS,06/21/2023,32.50,33.30,32.27,32.93,15586
ALKS,06/20/2023,32.34,32.49,31.85,32.43,9573
ALKS,06/16/2023,32.33,32.41,31.86,32.19,15382
ALKS,06/15/2023,31.78,32.10,31.65,31.93,9439
ALKS,06/14/2023,31.48,31.83,31.20,31.76,9271
ALKS,06/13/2023,31.28,31.77,31.11,31.48,16522
ALKS,06/12/2023,31.28,31.46,30.97,31.22,8535
ALKS,06/09/2023,31.35,31.54,31.03,31.13,8890
ALKS,06/08/2023,31.15,32.28,31.03,31.54,21722
ALKS,06/07/2023,30.67,31.73,30.66,31.05,19870
ALKS,06/06/2023,30.00,30.42,29.78,30.40,12817
ALKS,06/05/2023,29.29,29.90,29.21,29.46,6954
ALKS,06/02/2023,29.40,29.57,28.93,29.51,8227
ALKS,06/01/2023,29.03,29.42,28.72,29.28,7384
ALKS,05/31/2023,29.20,29.64,28.73,28.93,14038
ALKS,05/30/2023,29.11,29.30,28.56,29.18,8740
ALKS,05/26/2023,29.39,29.69,29.23,29.32,5857
ALKS,05/25/2023,29.22,29.66,29.10,29.38,9218
ALKS,05/24/2023,29.75,29.75,29.05,29.35,8911
ALKS,05/23/2023,30.23,30.37,29.76,29.78,7229
ALKS,05/22/2023,30.48,30.65,29.99,30.23,7429
ALKS,05/19/2023,30.44,30.67,30.32,30.48,7223
ALKS,05/18/2023,30.75,30.93,29.98,30.18,9993
ALKS,05/17/2023,31.07,31.23,30.81,31.00,11605
ALKS,05/16/2023,30.56,31.13,30.38,31.02,10455
ALKS,05/15/2023,31.23,31.33,30.91,31.00,9970
ALKS,05/12/2023,31.32,31.35,31.00,31.16,10258
ALKS,05/11/2023,31.34,31.34,31.06,31.18,11121
ALKS,05/10/2023,30.97,31.47,30.95,31.37,11310
ALKS,05/09/2023,30.97,31.33,30.92,30.92,11813
ALKS,05/08/2023,29.46,31.02,29.38,30.91,20864
ALKS,05/05/2023,28.84,29.49,28.82,29.45,10126
ALKS,05/04/2023,28.53,28.79,28.31,28.71,6732
ALKS,05/03/2023,28.59,28.85,28.01,28.65,12759
ALKS,05/02/2023,28.50,28.81,28.27,28.51,13311
ALKS,05/01/2023,28.61,29.05,28.47,28.64,11424
ALKS,04/28/2023,28.22,28.85,27.76,28.55,11970
ALKS,04/27/2023,28.37,28.56,27.68,28.34,15872
ALKS,04/26/2023,29.65,30.13,28.24,28.38,25225
ALKS,04/25/2023,29.29,30.74,29.19,30.51,30205
ALKS,04/24/2023,29.30,29.49,28.93,29.18,8980
ALKS,04/21/2023,29.08,29.51,29.01,29.38,17265
ALKS,04/20/2023,29.28,29.30,28.91,29.00,8572
ALKS,04/19/2023,29.19,29.34,28.82,29.30,6813
ALKS,04/18/2023,29.46,29.46,29.03,29.25,6658
ALKS,04/17/2023,29.57,29.86,29.26,29.44,13753
ALKS,04/14/2023,29.58,29.77,28.88,29.35,8610
ALKS,04/13/2023,28.99,29.99,28.97,29.88,14942
ALKS,04/12/2023,28.98,29.34,28.86,28.97,7441
ALKS,04/11/2023,29.17,29.43,28.75,28.84,9879
ALKS,04/10/2023,29.05,29.24,28.88,28.92,10602
ALKS,04/06/2023,29.54,29.54,29.04,29.22,12095
ALKS,04/05/2023,29.12,29.68,29.12,29.37,9863
ALKS,04/04/2023,28.67,29.11,28.40,29.10,10567
ALKS,04/03/2023,28.06,28.70,27.81,28.67,10289
ALKS,03/31/2023,27.75,28.27,27.74,28.19,12322
ALKS,03/30/2023,28.01,28.07,27.62,27.82,11959
ALKS,03/29/2023,27.29,27.97,27.28,27.92,10948
ALKS,03/28/2023,27.00,27.40,27.00,27.29,12340
ALKS,03/27/2023,26.59,27.20,26.44,27.01,9679
ALKS,03/24/2023,25.73,26.53,25.48,26.49,9277
ALKS,03/23/2023,25.98,26.15,25.43,25.75,8510
ALKS,03/22/2023,26.44,26.44,25.80,25.83,8687
ALKS,03/21/2023,26.74,26.86,26.44,26.52,5643
ALKS,03/20/2023,26.18,26.66,26.09,26.63,5689
ALKS,03/17/2023,26.66,26.66,25.97,26.03,18450
ALKS,03/16/2023,26.43,26.89,26.24,26.68,10542
ALKS,03/15/2023,26.46,26.76,26.24,26.62,9061
ALKS,03/14/2023,26.87,26.96,26.47,26.82,9321
ALKS,03/13/2023,26.44,27.25,26.38,26.62,7734
ALKS,03/10/2023,26.95,26.95,26.01,26.61,13421
ALKS,03/09/2023,27.00,27.14,26.85,26.90,10697
ALKS,03/08/2023,27.02,27.14,26.63,26.86,6651
ALKS,03/07/2023,27.22,27.38,26.92,27.04,6243
ALKS,03/06/2023,27.07,27.25,26.90,27.22,6830
ALKS,03/03/2023,27.15,27.50,26.93,27.25,7104
ALKS,03/02/2023,27.27,27.49,27.09,27.19,8472
ALKS,03/01/2023,26.80,27.56,26.80,27.38,12882
ALKS,02/28/2023,27.08,27.38,26.72,26.74,14497
ALKS,02/27/2023,27.26,27.39,27.10,27.19,11577
ALKS,02/24/2023,27.17,27.45,27.00,27.18,11889
ALKS,02/23/2023,27.65,27.89,27.23,27.36,12915
ALKS,02/22/2023,27.57,28.01,27.57,27.77,14399
ALKS,02/21/2023,27.89,28.17,27.62,27.77,11842
ALKS,02/17/2023,28.30,28.67,27.73,28.07,14172
ALKS,02/16/2023,29.49,29.49,27.36,28.18,30556
ALKS,02/15/2023,27.46,27.46,26.53,26.99,17767
ALKS,02/14/2023,27.48,27.92,27.47,27.67,10982
ALKS,02/13/2023,27.14,27.72,26.95,27.69,9329
ALKS,02/10/2023,27.25,27.25,26.92,27.09,8079
ALKS,02/09/2023,27.05,28.30,26.97,27.10,8955
ALKS,02/08/2023,27.09,27.18,26.76,26.79,9357
ALKS,02/07/2023,27.05,27.26,26.59,27.18,7627
ALKS,02/06/2023,27.33,27.54,26.92,27.10,7623
ALKS,02/03/2023,27.51,27.89,27.27,27.35,8620
ALKS,02/02/2023,28.62,28.62,27.36,27.62,9217
ALKS,02/01/2023,28.57,29.00,28.19,28.69,10204
ALKS,01/31/2023,28.79,29.04,28.53,28.64,10936
ALKS,01/30/2023,29.04,29.28,28.74,28.79,10498
ALKS,01/27/2023,28.62,29.05,28.50,29.02,10710
ALKS,01/26/2023,28.31,28.55,28.16,28.50,10225
ALKS,01/25/2023,27.95,28.58,27.95,28.34,16335
ALKS,01/24/2023,27.17,27.98,27.05,27.98,8182
ALKS,01/23/2023,27.60,27.71,27.12,27.34,15031
ALKS,01/20/2023,28.13,28.82,27.69,27.72,17861
ALKS,01/19/2023,27.56,28.02,27.38,27.89,15426
ALKS,01/18/2023,28.68,28.68,27.60,27.66,17922
ALKS,01/17/2023,27.94,28.62,27.26,28.54,22175
ALKS,01/13/2023,27.46,27.61,27.02,27.31,12783
ALKS,01/12/2023,26.75,27.58,26.56,27.56,13015
ALKS,01/11/2023,27.02,27.02,26.24,26.84,13176
ALKS,01/10/2023,26.21,27.24,26.03,27.09,15331
ALKS,01/09/2023,27.01,27.22,25.87,26.14,18044
ALKS,01/06/2023,26.35,27.65,26.09,27.11,20422
ALKS,01/05/2023,25.28,25.41,25.00,25.31,6826
ALKS,01/04/2023,25.94,26.15,25.11,25.33,11130
ALKS,01/03/2023,26.13,26.33,25.77,25.87,9680
ALKS,12/30/2022,26.15,26.21,25.73,26.13,7810
ALKS,12/29/2022,25.35,26.33,25.23,26.24,11850
ALKS,12/28/2022,25.18,25.50,24.91,25.26,10846
ALKS,12/27/2022,25.47,25.64,25.13,25.19,7413
ALKS,12/23/2022,25.49,25.89,25.33,25.49,10262
ALKS,12/22/2022,25.83,25.97,25.52,25.61,9436
ALKS,12/21/2022,25.81,26.23,25.53,25.98,7891
ALKS,12/20/2022,25.13,25.88,25.13,25.72,8783
ALKS,12/19/2022,25.56,25.60,24.80,25.24,11025
ALKS,12/16/2022,24.82,25.60,24.69,25.52,20668
ALKS,12/15/2022,25.62,25.62,25.00,25.09,9960
ALKS,12/14/2022,25.32,25.82,25.03,25.62,11285
ALKS,12/13/2022,25.38,25.70,24.96,25.54,16591
ALKS,12/12/2022,24.63,25.37,24.50,25.28,37312
ALKS,12/09/2022,25.42,25.48,24.67,24.70,9268
ALKS,12/08/2022,25.37,25.72,25.16,25.48,7085
ALKS,12/07/2022,25.00,25.32,24.82,25.27,11630
ALKS,12/06/2022,25.28,25.32,24.79,25.00,7920
ALKS,12/05/2022,26.05,26.07,25.33,25.51,10394
ALKS,12/02/2022,25.13,26.17,24.85,26.09,19537
ALKS,12/01/2022,24.89,25.38,24.72,25.20,11332
ALKS,11/30/2022,24.21,24.82,23.96,24.78,14438
ALKS,11/29/2022,24.00,24.33,23.71,24.02,8521
ALKS,11/28/2022,24.22,24.39,23.82,23.97,11198
ALKS,11/25/2022,24.28,24.52,24.11,24.20,6369
ALKS,11/23/2022,24.53,24.73,24.02,24.27,24311
ALKS,11/22/2022,24.01,24.79,23.94,24.50,20410
ALKS,11/21/2022,23.52,23.86,23.19,23.74,11651
ALKS,11/18/2022,22.90,23.66,22.81,23.44,13494
ALKS,11/17/2022,22.68,23.14,22.31,22.57,16151
ALKS,11/16/2022,22.60,22.66,22.09,22.38,11374
ALKS,11/15/2022,23.11,23.13,22.39,22.58,17800
ALKS,11/14/2022,23.68,23.81,22.76,22.79,17635
ALKS,11/11/2022,24.28,24.28,22.99,23.59,17597
ALKS,11/10/2022,24.27,24.56,23.73,24.29,18503
ALKS,11/09/2022,23.11,24.15,23.11,23.68,14211
ALKS,11/08/2022,23.30,24.12,23.15,23.19,16909
ALKS,11/07/2022,23.88,24.16,23.28,23.32,22212
ALKS,11/04/2022,24.10,24.40,23.44,23.98,19899
ALKS,11/03/2022,24.83,25.36,24.11,24.14,24564
ALKS,11/02/2022,23.75,24.98,22.71,24.06,41044
ALKS,11/01/2022,22.79,23.36,22.60,23.25,15422
ALKS,10/31/2022,23.32,23.32,22.58,22.70,17087
ALKS,10/28/2022,22.82,23.36,22.49,23.33,19984
ALKS,10/27/2022,22.96,23.28,22.66,22.74,21081
ALKS,10/26/2022,22.98,23.10,22.50,22.66,19682
ALKS,10/25/2022,22.29,23.19,22.25,23.08,28769
ALKS,10/24/2022,22.28,22.50,22.06,22.27,13624
ALKS,10/21/2022,22.08,22.32,21.76,22.26,25187
ALKS,10/20/2022,22.38,22.63,21.85,21.99,23155
ALKS,10/19/2022,22.70,22.77,22.31,22.38,20158
ALKS,10/18/2022,23.26,23.57,22.78,22.87,17210
ALKS,10/17/2022,22.86,23.26,22.69,23.12,18916
ALKS,10/14/2022,23.23,23.48,22.55,22.62,19878
ALKS,10/13/2022,21.96,22.93,21.92,22.72,19901
ALKS,10/12/2022,22.60,22.78,21.93,22.18,13876
ALKS,10/11/2022,21.97,22.61,21.75,22.60,24437
ALKS,10/10/2022,22.18,22.38,21.92,21.94,16696
ALKS,10/07/2022,22.65,22.78,22.10,22.13,17528
ALKS,10/06/2022,23.02,23.02,22.59,22.81,15562
ALKS,10/05/2022,22.80,23.38,22.70,23.13,12691
ALKS,10/04/2022,23.01,23.31,22.73,23.01,16299
ALKS,10/03/2022,22.66,23.22,22.34,22.95,19586
ALKS,09/30/2022,22.51,22.74,22.28,22.33,16995
ALKS,09/29/2022,22.88,22.97,22.32,22.46,11976
ALKS,09/28/2022,22.40,22.99,22.21,22.93,20598
ALKS,09/27/2022,22.15,22.38,21.81,22.02,8593
ALKS,09/26/2022,22.32,22.52,21.95,22.00,10275
ALKS,09/23/2022,22.37,22.45,21.96,22.32,9960
ALKS,09/22/2022,22.43,22.64,22.07,22.47,5673
ALKS,09/21/2022,23.28,23.33,22.39,22.43,7803
ALKS,09/20/2022,22.74,23.33,22.32,23.26,12701
ALKS,09/19/2022,23.20,23.41,22.69,22.90,15862
ALKS,09/16/2022,23.77,23.80,22.98,23.37,20416
ALKS,09/15/2022,23.74,23.93,23.52,23.77,5784
ALKS,09/14/2022,23.62,23.95,23.47,23.76,10765
ALKS,09/13/2022,24.16,24.27,23.48,23.61,11854
ALKS,09/12/2022,24.00,24.49,24.00,24.22,7428
ALKS,09/09/2022,24.09,24.23,23.90,24.01,8499
ALKS,09/08/2022,24.02,24.30,23.58,24.06,13412
ALKS,09/07/2022,23.89,24.21,23.85,24.14,12723
ALKS,09/06/2022,24.55,24.55,23.80,23.95,8975
ALKS,09/02/2022,24.55,25.02,24.39,24.51,10848
ALKS,09/01/2022,23.64,24.39,23.41,24.36,13375
ALKS,08/31/2022,24.46,24.54,23.64,23.67,15546
ALKS,08/30/2022,24.24,24.28,23.78,24.25,16069
ALKS,08/29/2022,24.43,24.54,24.10,24.12,8249
ALKS,08/26/2022,25.00,25.06,24.52,24.54,11537
ALKS,08/25/2022,25.39,25.64,24.90,24.94,10040
ALKS,08/24/2022,24.99,25.34,24.82,25.21,5839
ALKS,08/23/2022,24.88,25.11,24.51,24.91,8212
ALKS,08/22/2022,25.25,25.44,24.92,24.99,8101
ALKS,08/19/2022,25.24,25.49,25.07,25.26,12874
ALKS,08/18/2022,25.72,25.78,25.12,25.24,13177
ALKS,08/17/2022,26.23,26.42,25.53,25.61,9309
ALKS,08/16/2022,26.42,26.80,26.04,26.45,9483
ALKS,08/15/2022,25.96,26.82,25.96,26.60,15036
ALKS,08/12/2022,25.47,26.16,25.33,26.15,12808
ALKS,08/11/2022,25.63,25.76,25.24,25.47,9168
ALKS,08/10/2022,25.75,25.78,25.43,25.65,11663
ALKS,08/09/2022,25.81,26.10,25.44,25.60,22302
ALKS,08/08/2022,25.82,26.22,25.61,25.75,30613
ALKS,08/05/2022,25.70,25.92,25.24,25.77,17923
ALKS,08/04/2022,25.33,26.01,25.26,25.90,14896
ALKS,08/03/2022,25.75,26.09,25.25,25.32,11490
ALKS,08/02/2022,25.09,25.86,24.86,25.63,18109
ALKS,08/01/2022,25.50,25.50,24.75,25.17,18736
ALKS,07/29/2022,26.46,26.57,25.52,25.60,25635
ALKS,07/28/2022,27.89,27.89,26.27,26.55,34008
ALKS,07/27/2022,29.12,29.47,27.60,27.83,31598
ALKS,07/26/2022,29.08,29.95,28.70,29.39,16077
ALKS,07/25/2022,28.82,29.24,28.57,29.04,9686
ALKS,07/22/2022,29.13,29.27,28.54,28.82,11220
ALKS,07/21/2022,29.35,29.43,28.88,29.05,10109
ALKS,07/20/2022,29.70,29.88,28.36,29.35,14768
ALKS,07/19/2022,29.72,30.07,29.44,29.76,11285
ALKS,07/18/2022,30.27,30.81,29.20,29.38,16524
ALKS,07/15/2022,30.23,30.43,29.53,29.93,11773
ALKS,07/14/2022,30.04,30.19,29.43,29.68,9536
ALKS,07/13/2022,30.27,31.39,30.16,30.55,9637
ALKS,07/12/2022,30.97,31.15,30.21,30.73,10269
ALKS,07/11/2022,31.78,32.10,30.84,30.90,12863
ALKS,07/08/2022,31.29,32.02,30.52,31.85,12040
ALKS,07/07/2022,31.83,32.23,31.17,31.48,14576
ALKS,07/06/2022,31.57,32.13,30.61,31.87,29293
ALKS,07/05/2022,30.17,31.53,30.04,31.43,13075
ALKS,07/01/2022,29.73,30.58,29.58,30.53,8723
ALKS,06/30/2022,30.11,30.52,29.63,29.79,11024
ALKS,06/29/2022,30.42,30.57,29.90,30.29,10739
ALKS,06/28/2022,29.78,30.58,29.73,30.39,11061
ALKS,06/27/2022,29.89,30.14,29.56,29.77,6255
ALKS,06/24/2022,29.69,30.21,29.39,29.71,22083
ALKS,06/23/2022,28.22,29.70,28.15,29.56,12785
ALKS,06/22/2022,27.45,28.69,27.28,28.07,17129
ALKS,06/21/2022,28.42,28.61,27.62,27.65,12066
ALKS,06/17/2022,27.31,28.86,27.31,28.03,31047
ALKS,06/16/2022,27.04,27.48,26.74,27.01,10789
ALKS,06/15/2022,27.38,27.79,26.98,27.63,7160
ALKS,06/14/2022,27.46,27.62,26.58,27.19,8772
ALKS,06/13/2022,26.82,27.36,26.60,27.34,10841
ALKS,06/10/2022,27.55,27.76,27.09,27.46,12175
ALKS,06/09/2022,29.50,29.58,28.10,28.13,6544
ALKS,06/08/2022,28.95,29.25,28.66,28.97,8277
ALKS,06/07/2022,28.22,29.18,27.94,28.95,8134
ALKS,06/06/2022,29.64,29.64,28.10,28.34,10709
ALKS,06/03/2022,29.68,30.09,29.21,29.31,11221
ALKS,06/02/2022,30.00,30.50,28.64,29.75,9406
ALKS,06/01/2022,29.81,30.27,29.34,29.97,11930
ALKS,05/31/2022,30.30,30.57,29.44,29.85,18098
ALKS,05/27/2022,29.50,30.78,29.23,30.54,18243
ALKS,05/26/2022,28.88,29.54,28.32,29.36,8854
ALKS,05/25/2022,28.37,29.49,28.20,28.85,13138
ALKS,05/24/2022,29.00,29.20,28.24,28.35,12709
ALKS,05/23/2022,30.30,30.44,29.13,29.30,9878
ALKS,05/20/2022,29.79,30.60,29.10,30.00,18407
ALKS,05/19/2022,28.61,29.70,28.61,29.48,10185
ALKS,05/18/2022,29.13,29.77,28.64,28.87,12437
ALKS,05/17/2022,29.22,29.86,28.75,29.69,13360
ALKS,05/16/2022,26.76,28.96,26.67,28.93,17265
ALKS,05/13/2022,26.93,27.46,26.63,26.88,20026
ALKS,05/12/2022,26.30,27.36,26.14,26.57,14682
ALKS,05/11/2022,26.84,27.54,26.25,26.40,16098
ALKS,05/10/2022,27.24,27.82,26.53,26.95,25231
ALKS,05/09/2022,27.16,27.63,26.33,26.60,16975
ALKS,05/06/2022,27.66,28.32,27.33,27.63,17565
ALKS,05/05/2022,28.55,28.90,27.43,27.90,19323
ALKS,05/04/2022,29.03,29.24,27.81,28.95,14234
ALKS,05/03/2022,28.88,29.28,28.42,29.00,14996
ALKS,05/02/2022,28.79,29.58,28.38,28.88,16465
ALKS,04/29/2022,28.41,30.45,28.33,28.85,19628
ALKS,04/28/2022,32.22,32.79,28.67,29.79,34872
ALKS,04/27/2022,30.67,31.37,29.53,30.38,40047
ALKS,04/26/2022,28.19,28.74,27.02,27.14,14360
ALKS,04/25/2022,27.84,28.48,27.49,28.47,9454
ALKS,04/22/2022,29.24,29.77,28.16,28.20,14402
ALKS,04/21/2022,29.60,29.79,29.16,29.26,14613
ALKS,04/20/2022,29.06,29.85,28.65,29.45,18419
ALKS,04/19/2022,29.05,29.37,28.33,28.48,14032
ALKS,04/18/2022,29.12,29.34,28.50,28.90,14148
ALKS,04/14/2022,28.86,29.42,28.63,29.36,13530
ALKS,04/13/2022,29.10,29.65,28.51,28.74,22525
ALKS,04/12/2022,28.65,29.23,28.36,28.72,11728
ALKS,04/11/2022,29.43,29.78,28.62,28.69,8896
ALKS,04/08/2022,29.64,30.01,29.39,29.63,9693
ALKS,04/07/2022,29.50,29.90,29.11,29.61,11374
ALKS,04/06/2022,28.44,29.92,28.12,29.53,20249
ALKS,04/05/2022,28.60,29.26,28.38,28.57,7638
ALKS,04/04/2022,28.21,29.02,27.99,28.71,14088
ALKS,04/01/2022,26.45,28.10,26.17,28.06,18454
ALKS,03/31/2022,26.68,27.02,26.16,26.31,12925
ALKS,03/30/2022,27.98,28.35,26.42,26.57,35119
ALKS,03/29/2022,27.77,28.32,27.46,27.99,16175
ALKS,03/28/2022,27.25,27.63,27.25,27.48,7422
ALKS,03/25/2022,26.62,27.79,26.15,27.43,10376
ALKS,03/24/2022,26.19,26.74,25.78,26.57,6072
ALKS,03/23/2022,25.91,26.46,25.80,26.09,7113
ALKS,03/22/2022,25.84,26.38,25.37,26.10,10377
ALKS,03/21/2022,25.96,26.35,25.68,25.89,9092
ALKS,03/18/2022,26.17,26.52,25.68,26.12,24386
ALKS,03/17/2022,25.35,25.89,24.98,25.89,9416
ALKS,03/16/2022,25.25,25.42,24.46,25.39,10379
ALKS,03/15/2022,23.62,24.89,23.05,24.87,12567
ALKS,03/14/2022,23.38,24.43,23.00,23.57,13877
ALKS,03/11/2022,24.93,25.33,24.09,24.38,6895
ALKS,03/10/2022,24.49,25.10,24.44,24.88,7054
ALKS,03/09/2022,24.34,25.08,24.15,24.71,10342
ALKS,03/08/2022,23.43,24.91,23.40,23.88,9633
ALKS,03/07/2022,23.12,23.75,22.90,23.56,12458
ALKS,03/04/2022,23.09,23.71,22.96,23.18,7101
ALKS,03/03/2022,23.67,23.75,23.33,23.49,7493
ALKS,03/02/2022,24.03,24.33,23.58,23.66,6332
ALKS,03/01/2022,24.76,25.14,23.79,23.93,8935
ALKS,02/28/2022,24.43,24.98,23.95,24.86,14089
ALKS,02/25/2022,24.73,25.23,24.20,24.81,10371
ALKS,02/24/2022,23.48,25.00,23.47,24.75,15990
ALKS,02/23/2022,25.00,25.15,24.06,24.13,13393
ALKS,02/22/2022,24.65,25.62,24.36,25.01,12683
ALKS,02/18/2022,25.17,26.06,25.00,25.08,20197
ALKS,02/17/2022,26.47,26.77,24.68,25.35,17818
ALKS,02/16/2022,23.74,26.83,23.68,26.79,24644
ALKS,02/15/2022,23.03,23.49,22.80,23.31,15091
ALKS,02/14/2022,23.46,23.59,22.93,23.07,9019
