ALLY,06/23/2023,26.45,26.66,26.39,26.59,4048
ALLY,06/22/2023,27.22,27.28,26.49,26.88,37615
ALLY,06/21/2023,27.75,27.79,27.36,27.44,48689
ALLY,06/20/2023,28.06,28.19,27.63,27.80,58029
ALLY,06/16/2023,28.77,28.78,28.22,28.37,57858
ALLY,06/15/2023,28.08,28.88,27.83,28.68,44005
ALLY,06/14/2023,28.96,29.25,28.00,28.37,50221
ALLY,06/13/2023,28.16,29.07,28.06,28.92,42787
ALLY,06/12/2023,27.60,28.29,27.60,27.96,33109
ALLY,06/09/2023,28.49,28.53,27.95,28.00,29591
ALLY,06/08/2023,28.50,28.72,28.24,28.40,38101
ALLY,06/07/2023,28.34,28.74,28.14,28.53,43400
ALLY,06/06/2023,27.67,28.55,27.56,28.18,32571
ALLY,06/05/2023,28.22,28.22,27.47,27.64,36500
ALLY,06/02/2023,27.69,28.57,27.56,28.22,64427
ALLY,06/01/2023,26.91,27.42,26.36,27.12,29732
ALLY,05/31/2023,26.67,27.08,26.20,26.67,61020
ALLY,05/30/2023,26.84,27.16,26.47,27.05,45469
ALLY,05/26/2023,26.37,26.72,26.06,26.62,20629
ALLY,05/25/2023,26.41,26.65,25.99,26.30,26927
ALLY,05/24/2023,26.63,26.93,26.25,26.49,22084
ALLY,05/23/2023,26.92,27.48,26.83,26.94,36027
ALLY,05/22/2023,26.67,26.97,26.26,26.88,29089
ALLY,05/19/2023,27.14,27.21,26.19,26.43,51990
ALLY,05/18/2023,26.17,27.30,26.10,27.28,48468
ALLY,05/17/2023,25.46,26.33,25.27,26.13,35674
ALLY,05/16/2023,25.45,25.80,25.02,25.07,37527
ALLY,05/15/2023,25.22,25.74,25.05,25.56,28048
ALLY,05/12/2023,25.49,25.50,24.77,25.07,29414
ALLY,05/11/2023,24.96,25.39,24.79,25.29,31756
ALLY,05/10/2023,25.88,26.01,25.03,25.31,49279
ALLY,05/09/2023,24.60,25.44,24.57,25.28,27581
ALLY,05/08/2023,25.50,25.54,24.91,25.06,36550
ALLY,05/05/2023,25.09,25.36,24.69,25.32,48039
ALLY,05/04/2023,24.35,24.68,23.72,24.33,63126
ALLY,05/03/2023,25.27,25.76,24.80,24.91,46001
ALLY,05/02/2023,25.95,25.95,24.48,25.09,51764
ALLY,05/01/2023,26.33,26.57,26.00,26.03,23454
ALLY,04/28/2023,25.57,26.52,25.42,26.38,32619
ALLY,04/27/2023,26.11,26.20,25.60,26.00,40705
ALLY,04/26/2023,25.83,26.17,25.51,25.84,27612
ALLY,04/25/2023,25.73,26.22,25.55,25.58,46895
ALLY,04/24/2023,26.21,26.31,25.48,26.11,41784
ALLY,04/21/2023,26.09,26.25,25.49,25.86,70138
ALLY,04/20/2023,26.91,26.98,25.91,26.38,75418
ALLY,04/19/2023,26.89,27.87,26.10,27.45,76207
ALLY,04/18/2023,26.97,27.14,26.61,26.85,94546
ALLY,04/17/2023,26.43,27.19,26.32,27.09,49651
ALLY,04/14/2023,27.21,27.46,26.44,26.84,38655
ALLY,04/13/2023,26.38,26.64,26.13,26.52,45360
ALLY,04/12/2023,27.41,27.56,26.03,26.37,66943
ALLY,04/11/2023,26.67,27.30,26.43,27.19,49627
ALLY,04/10/2023,25.93,26.49,25.68,26.30,41836
ALLY,04/06/2023,25.79,26.39,25.56,26.06,49677
ALLY,04/05/2023,25.32,25.71,25.13,25.55,45597
ALLY,04/04/2023,25.85,25.93,25.17,25.86,69028
ALLY,04/03/2023,25.61,25.86,24.97,25.36,41216
ALLY,03/31/2023,25.24,25.54,25.03,25.49,29991
ALLY,03/30/2023,25.40,25.55,24.72,25.14,55746
ALLY,03/29/2023,24.71,24.99,24.45,24.94,30378
ALLY,03/28/2023,24.18,24.47,23.97,24.23,57018
ALLY,03/27/2023,25.10,25.32,24.12,24.22,66036
ALLY,03/24/2023,23.67,24.27,23.30,24.22,66831
ALLY,03/23/2023,24.53,25.24,23.49,24.01,73890
ALLY,03/22/2023,25.21,26.00,24.47,24.55,90854
ALLY,03/21/2023,24.50,25.80,24.50,25.30,116344
ALLY,03/20/2023,22.72,24.73,22.70,23.50,190529
ALLY,03/17/2023,22.90,22.97,22.01,22.29,98312
ALLY,03/16/2023,22.88,24.12,22.31,23.44,107182
ALLY,03/15/2023,22.17,23.57,21.58,23.53,150953
ALLY,03/14/2023,24.99,26.13,22.68,23.05,185106
ALLY,03/13/2023,24.58,24.64,22.02,23.05,276698
ALLY,03/10/2023,26.73,26.85,25.13,25.82,137593
ALLY,03/09/2023,29.31,29.45,27.34,27.38,85804
ALLY,03/08/2023,29.44,29.75,29.18,29.44,27415
ALLY,03/07/2023,30.01,30.32,29.35,29.42,33006
ALLY,03/06/2023,30.57,30.80,29.90,30.06,37063
ALLY,03/03/2023,30.47,30.68,30.12,30.53,33161
ALLY,03/02/2023,29.60,30.35,29.43,30.20,33077
ALLY,03/01/2023,30.12,30.44,29.95,30.07,40273
ALLY,02/28/2023,29.69,30.26,29.61,30.05,54285
ALLY,02/27/2023,30.72,30.80,29.56,29.61,33905
ALLY,02/24/2023,29.87,30.25,29.55,30.22,34488
ALLY,02/23/2023,30.34,30.57,29.78,30.49,35329
ALLY,02/22/2023,29.86,30.32,29.53,30.06,46410
ALLY,02/21/2023,30.49,30.60,29.76,29.80,47857
ALLY,02/17/2023,31.20,31.26,30.48,31.05,43313
ALLY,02/16/2023,31.58,31.90,31.17,31.29,50517
ALLY,02/15/2023,32.37,32.55,31.95,32.24,45601
ALLY,02/14/2023,32.94,33.30,31.86,32.61,64664
ALLY,02/13/2023,32.31,33.37,32.22,33.21,46237
ALLY,02/10/2023,32.48,32.82,32.22,32.54,29197
ALLY,02/09/2023,33.56,33.71,32.60,32.69,45552
ALLY,02/08/2023,34.02,34.28,33.21,33.64,49627
ALLY,02/07/2023,33.28,34.75,33.28,34.56,51599
ALLY,02/06/2023,34.10,34.38,33.23,33.44,69467
ALLY,02/03/2023,34.29,35.24,33.98,34.76,46136
ALLY,02/02/2023,34.18,35.78,34.18,35.20,104476
ALLY,02/01/2023,31.79,34.33,31.59,33.84,82843
ALLY,01/31/2023,31.42,32.52,31.12,32.49,51048
ALLY,01/30/2023,31.89,32.22,31.57,31.60,47372
ALLY,01/27/2023,32.50,32.83,32.10,32.33,48533
ALLY,01/26/2023,32.79,32.95,31.64,32.28,61914
ALLY,01/25/2023,30.86,32.92,30.80,32.67,81335
ALLY,01/24/2023,32.50,32.83,31.30,31.36,68268
ALLY,01/23/2023,31.64,32.64,31.40,32.30,120357
ALLY,01/20/2023,29.00,31.61,28.80,31.43,335636
ALLY,01/19/2023,26.12,26.44,25.23,26.19,120316
ALLY,01/18/2023,26.96,27.40,26.79,27.01,46413
ALLY,01/17/2023,27.06,27.61,26.94,27.04,43549
ALLY,01/13/2023,26.59,27.18,26.39,27.06,44443
ALLY,01/12/2023,27.44,27.58,26.43,27.04,72557
ALLY,01/11/2023,26.94,27.63,26.88,27.23,74121
ALLY,01/10/2023,25.75,26.71,25.75,26.71,49969
ALLY,01/09/2023,26.54,26.69,26.16,26.20,81332
ALLY,01/06/2023,25.23,26.16,25.07,26.07,62485
ALLY,01/05/2023,24.32,25.14,24.21,25.11,52775
ALLY,01/04/2023,24.94,25.55,24.61,25.24,61030
ALLY,01/03/2023,24.25,24.83,23.98,24.42,52783
ALLY,12/30/2022,24.00,24.54,23.99,24.45,31433
ALLY,12/29/2022,23.65,24.47,23.64,24.36,36438
ALLY,12/28/2022,23.75,23.88,23.17,23.52,30402
ALLY,12/27/2022,23.93,23.96,23.53,23.68,27072
ALLY,12/23/2022,23.48,23.98,23.27,23.93,30595
ALLY,12/22/2022,23.35,23.50,22.34,23.48,60666
ALLY,12/21/2022,23.79,24.33,23.77,24.03,41576
ALLY,12/20/2022,23.36,23.97,23.21,23.48,60130
ALLY,12/19/2022,24.47,24.66,23.32,23.47,66100
ALLY,12/16/2022,24.58,24.99,24.06,24.55,94111
ALLY,12/15/2022,24.97,25.11,24.50,24.93,64038
ALLY,12/14/2022,25.76,26.09,25.14,25.48,56594
ALLY,12/13/2022,26.99,27.84,25.74,25.94,53070
ALLY,12/12/2022,24.92,25.80,24.75,25.73,62719
ALLY,12/09/2022,24.65,25.08,24.45,25.01,36486
ALLY,12/08/2022,25.21,25.29,24.65,24.83,38323
ALLY,12/07/2022,25.12,25.51,24.92,25.00,42172
ALLY,12/06/2022,24.99,25.39,24.57,25.36,61904
ALLY,12/05/2022,25.70,25.86,24.94,25.10,51629
ALLY,12/02/2022,25.60,26.25,25.58,26.12,47876
ALLY,12/01/2022,26.05,26.50,25.35,25.92,74173
ALLY,11/30/2022,26.45,27.01,25.48,27.01,67125
ALLY,11/29/2022,26.16,26.69,26.01,26.51,37905
ALLY,11/28/2022,26.20,26.39,25.91,26.08,29057
ALLY,11/25/2022,26.40,26.78,26.40,26.67,9823
ALLY,11/23/2022,26.16,26.66,25.95,26.53,24110
ALLY,11/22/2022,26.17,26.50,25.95,26.24,24907
ALLY,11/21/2022,25.83,26.14,25.81,25.89,33715
ALLY,11/18/2022,26.86,26.95,25.58,26.01,36380
ALLY,11/17/2022,26.48,26.51,25.50,26.22,53335
ALLY,11/16/2022,27.20,27.58,26.60,27.05,55103
ALLY,11/15/2022,28.70,28.86,27.21,27.29,51624
ALLY,11/14/2022,29.10,29.34,28.01,28.02,46690
ALLY,11/11/2022,28.91,29.88,28.79,29.50,54808
ALLY,11/10/2022,26.34,29.08,26.24,28.68,89932
ALLY,11/09/2022,25.39,25.57,24.83,24.84,63325
ALLY,11/08/2022,25.80,26.36,25.43,25.80,36316
ALLY,11/07/2022,26.08,26.18,25.25,25.82,38060
ALLY,11/04/2022,25.69,26.17,25.27,25.68,44713
ALLY,11/03/2022,26.12,26.23,25.13,25.19,51852
ALLY,11/02/2022,27.34,28.06,26.66,26.66,60296
ALLY,11/01/2022,28.06,28.22,27.40,27.67,35127
ALLY,10/31/2022,27.93,28.09,27.51,27.56,37727
ALLY,10/28/2022,27.50,28.33,27.23,28.29,32109
ALLY,10/27/2022,27.63,27.92,26.78,27.19,50070
ALLY,10/26/2022,26.76,27.59,26.61,27.18,37608
ALLY,10/25/2022,26.48,27.62,26.48,27.12,63623
ALLY,10/24/2022,26.43,26.76,25.91,26.58,60191
ALLY,10/21/2022,26.07,26.47,25.49,26.07,81433
ALLY,10/20/2022,25.79,26.98,25.33,26.26,91969
ALLY,10/19/2022,26.00,27.70,25.64,26.43,173366
ALLY,10/18/2022,28.11,29.05,27.91,28.71,139761
ALLY,10/17/2022,30.30,30.51,29.97,30.11,37797
ALLY,10/14/2022,30.41,30.70,29.20,29.25,39263
ALLY,10/13/2022,28.38,30.36,27.84,30.17,43645
ALLY,10/12/2022,28.73,29.44,28.43,29.05,32128
ALLY,10/11/2022,28.55,29.92,28.48,28.79,46594
ALLY,10/10/2022,29.36,29.63,28.47,28.75,37385
ALLY,10/07/2022,29.87,29.98,28.98,29.11,42437
ALLY,10/06/2022,30.18,30.68,29.87,30.30,34701
ALLY,10/05/2022,30.10,30.91,29.98,30.69,35798
ALLY,10/04/2022,29.92,30.82,29.92,30.82,50381
ALLY,10/03/2022,28.42,29.42,27.96,29.23,42911
ALLY,09/30/2022,28.44,28.76,27.77,27.83,50911
ALLY,09/29/2022,28.68,28.92,27.97,28.53,46611
ALLY,09/28/2022,28.23,29.41,28.00,29.29,49428
ALLY,09/27/2022,29.01,29.21,28.00,28.10,55590
ALLY,09/26/2022,29.42,30.05,28.39,28.51,59209
ALLY,09/23/2022,30.00,30.26,29.16,29.85,59933
ALLY,09/22/2022,31.50,31.74,30.44,30.68,36757
ALLY,09/21/2022,32.52,32.75,31.50,31.53,29372
ALLY,09/20/2022,32.57,32.65,31.81,32.16,44925
ALLY,09/19/2022,32.09,33.27,32.08,33.02,37570
ALLY,09/16/2022,32.05,32.61,31.60,32.48,70462
ALLY,09/15/2022,31.91,33.16,31.91,32.65,45459
ALLY,09/14/2022,32.15,32.20,31.17,31.78,51689
ALLY,09/13/2022,33.20,33.34,31.95,31.99,50989
ALLY,09/12/2022,34.20,34.83,34.15,34.40,29686
ALLY,09/09/2022,33.80,34.04,33.53,33.87,30234
ALLY,09/08/2022,32.45,33.49,32.18,33.45,32103
ALLY,09/07/2022,31.99,32.94,31.96,32.85,25726
ALLY,09/06/2022,32.93,33.07,31.83,32.14,36270
ALLY,09/02/2022,33.47,33.70,32.42,32.69,40838
ALLY,09/01/2022,33.00,33.08,32.18,32.79,43047
ALLY,08/31/2022,33.53,33.83,33.07,33.20,47711
ALLY,08/30/2022,33.50,33.70,33.01,33.36,33461
ALLY,08/29/2022,34.00,34.14,33.15,33.19,48761
ALLY,08/26/2022,36.02,36.20,34.31,34.39,38054
ALLY,08/25/2022,35.00,35.94,34.87,35.91,36814
ALLY,08/24/2022,34.32,35.00,34.12,34.76,31352
ALLY,08/23/2022,34.31,35.10,34.26,34.36,32372
ALLY,08/22/2022,34.65,34.82,34.12,34.22,39683
ALLY,08/19/2022,35.90,36.12,35.10,35.16,42835
ALLY,08/18/2022,36.00,36.39,35.74,36.30,37447
ALLY,08/17/2022,36.11,36.42,35.53,35.95,55601
ALLY,08/16/2022,37.78,37.88,35.55,36.90,96375
ALLY,08/15/2022,35.26,35.83,34.90,35.67,28040
ALLY,08/12/2022,36.00,36.11,35.31,35.81,21433
ALLY,08/11/2022,35.46,36.27,35.46,35.69,39318
ALLY,08/10/2022,33.85,35.31,33.85,34.86,34922
ALLY,08/09/2022,33.48,33.59,32.57,32.96,25309
ALLY,08/08/2022,32.97,34.65,32.96,33.47,50001
ALLY,08/05/2022,32.60,33.12,32.41,32.58,27458
ALLY,08/04/2022,32.97,33.07,32.52,32.76,24595
ALLY,08/03/2022,32.71,33.18,32.56,33.00,32712
ALLY,08/02/2022,33.15,33.24,32.14,32.14,29386
ALLY,08/01/2022,32.94,33.87,32.66,33.43,35712
ALLY,07/29/2022,32.50,33.36,32.35,33.07,32156
ALLY,07/28/2022,32.95,33.06,31.96,32.60,33367
ALLY,07/27/2022,32.18,33.07,31.96,32.93,27957
ALLY,07/26/2022,32.73,32.89,31.68,31.79,33151
ALLY,07/25/2022,32.98,33.36,32.07,33.08,49307
ALLY,07/22/2022,34.17,34.64,33.20,33.48,31624
ALLY,07/21/2022,33.60,34.03,33.08,34.01,37325
ALLY,07/20/2022,33.00,33.92,32.95,33.88,43217
ALLY,07/19/2022,33.00,34.17,32.43,33.32,84579
ALLY,07/18/2022,35.08,35.48,34.37,34.57,45702
ALLY,07/15/2022,34.05,34.53,33.26,34.43,30487
ALLY,07/14/2022,32.68,33.17,32.08,33.14,42183
ALLY,07/13/2022,33.30,33.90,33.05,33.64,32930
ALLY,07/12/2022,33.69,34.98,33.61,34.06,34125
ALLY,07/11/2022,34.08,34.68,34.04,34.11,25120
ALLY,07/08/2022,34.96,35.24,34.40,34.74,23114
ALLY,07/07/2022,34.63,35.05,34.30,34.99,23959
ALLY,07/06/2022,34.54,35.15,33.83,34.14,41541
ALLY,07/05/2022,33.19,34.57,32.82,34.55,30031
ALLY,07/01/2022,33.18,34.55,33.18,34.20,23014
ALLY,06/30/2022,33.28,34.00,32.80,33.51,33588
ALLY,06/29/2022,34.31,34.43,33.53,34.08,31628
ALLY,06/28/2022,35.40,36.03,34.40,34.50,29323
ALLY,06/27/2022,35.41,35.73,34.72,34.80,32665
ALLY,06/24/2022,34.04,35.78,33.90,35.15,49419
ALLY,06/23/2022,33.15,33.52,32.52,33.49,31426
ALLY,06/22/2022,32.58,33.41,32.49,33.11,34649
ALLY,06/21/2022,34.30,34.42,32.95,33.20,39302
ALLY,06/17/2022,31.97,33.30,31.66,32.82,85727
ALLY,06/16/2022,33.77,33.83,32.05,32.24,58166
ALLY,06/15/2022,34.60,35.37,34.08,34.83,46566
ALLY,06/14/2022,34.47,34.98,33.85,34.08,57889
ALLY,06/13/2022,35.86,36.51,34.19,34.38,62751
ALLY,06/10/2022,39.06,39.67,37.51,37.55,63152
ALLY,06/09/2022,41.58,41.73,40.40,40.46,20920
ALLY,06/08/2022,42.37,42.81,41.48,41.71,18187
ALLY,06/07/2022,42.07,43.06,42.07,42.88,24434
ALLY,06/06/2022,42.67,43.23,42.31,42.57,22088
ALLY,06/03/2022,42.56,42.91,42.09,42.35,15780
ALLY,06/02/2022,42.37,43.18,42.16,43.16,18252
ALLY,06/01/2022,44.15,44.33,41.72,42.33,33915
ALLY,05/31/2022,42.76,44.27,42.53,44.04,64496
ALLY,05/27/2022,42.05,43.17,41.77,43.16,32124
ALLY,05/26/2022,40.84,42.06,40.84,41.82,31634
ALLY,05/25/2022,39.07,40.58,38.77,40.30,28476
ALLY,05/24/2022,40.03,40.06,38.73,39.26,28631
ALLY,05/23/2022,39.58,40.89,39.44,40.39,36897
ALLY,05/20/2022,39.08,39.50,37.21,38.67,35260
ALLY,05/19/2022,38.40,39.44,38.37,38.66,38555
ALLY,05/18/2022,40.31,40.75,38.85,39.00,30653
ALLY,05/17/2022,40.63,41.27,40.21,41.14,39294
ALLY,05/16/2022,39.21,39.44,38.15,38.73,23847
ALLY,05/13/2022,38.88,40.28,38.74,39.58,29829
ALLY,05/12/2022,38.20,38.97,37.05,38.15,59283
ALLY,05/11/2022,40.19,41.23,38.67,38.72,50981
ALLY,05/10/2022,40.92,41.33,39.13,40.19,44435
ALLY,05/09/2022,41.17,41.84,40.32,40.60,32006
ALLY,05/06/2022,43.17,43.27,41.47,41.82,31669
ALLY,05/05/2022,43.00,43.60,42.14,43.18,40606
ALLY,05/04/2022,41.48,43.73,41.16,43.59,41885
ALLY,05/03/2022,40.78,41.94,40.59,41.34,46449
ALLY,05/02/2022,40.00,40.71,39.62,40.60,33829
ALLY,04/29/2022,41.04,41.80,39.86,39.96,41551
ALLY,04/28/2022,40.58,41.70,40.19,41.55,35517
ALLY,04/27/2022,40.20,40.93,39.76,40.21,41079
ALLY,04/26/2022,41.50,41.94,40.55,40.59,42244
ALLY,04/25/2022,41.21,42.15,40.92,42.04,31325
ALLY,04/22/2022,42.82,43.12,41.54,41.59,39203
ALLY,04/21/2022,44.95,45.42,42.72,43.11,49473
ALLY,04/20/2022,44.91,45.07,43.93,44.25,97415
ALLY,04/19/2022,43.78,45.22,43.78,44.81,49182
ALLY,04/18/2022,41.00,44.24,40.90,43.76,52075
ALLY,04/14/2022,42.50,42.97,40.80,41.22,73082
ALLY,04/13/2022,42.45,43.52,42.40,43.37,34436
ALLY,04/12/2022,42.76,43.90,42.56,42.97,32402
ALLY,04/11/2022,42.45,43.76,42.45,42.61,41823
ALLY,04/08/2022,42.24,43.47,42.02,42.89,43672
ALLY,04/07/2022,42.76,42.96,41.40,42.21,35660
ALLY,04/06/2022,42.74,43.11,42.31,42.78,43054
ALLY,04/05/2022,43.39,44.09,42.72,42.96,47566
ALLY,04/04/2022,44.00,44.32,43.35,43.44,42505
ALLY,04/01/2022,44.08,44.64,43.73,43.98,32216
ALLY,03/31/2022,44.59,44.78,43.48,43.48,41522
ALLY,03/30/2022,45.17,45.65,44.25,44.56,32899
ALLY,03/29/2022,44.64,45.23,44.37,45.15,53054
ALLY,03/28/2022,43.97,44.21,42.93,43.81,34337
ALLY,03/25/2022,44.93,45.24,44.59,44.83,21817
ALLY,03/24/2022,44.41,44.81,44.13,44.77,31450
ALLY,03/23/2022,44.95,45.08,43.82,44.18,23885
ALLY,03/22/2022,44.35,45.59,44.29,45.34,28481
ALLY,03/21/2022,45.03,45.46,43.43,43.80,31132
ALLY,03/18/2022,43.64,44.98,43.17,44.96,112848
ALLY,03/17/2022,42.19,44.17,42.01,44.15,36905
ALLY,03/16/2022,42.33,44.08,42.01,43.37,47869
ALLY,03/15/2022,41.90,42.84,41.00,41.44,57583
ALLY,03/14/2022,41.50,42.37,41.00,41.65,74269
ALLY,03/11/2022,42.60,42.93,41.35,41.38,38215
ALLY,03/10/2022,41.96,42.46,41.13,41.98,38845
ALLY,03/09/2022,43.14,44.06,42.63,42.89,31511
ALLY,03/08/2022,40.81,43.02,39.85,41.20,57410
ALLY,03/07/2022,44.25,44.36,40.73,40.81,63862
ALLY,03/04/2022,45.36,45.59,44.06,44.79,41381
ALLY,03/03/2022,47.12,47.59,45.22,46.61,36854
ALLY,03/02/2022,46.73,47.55,46.30,47.14,29747
ALLY,03/01/2022,49.21,49.60,46.22,46.31,49482
ALLY,02/28/2022,49.19,50.50,49.19,49.90,36710
ALLY,02/25/2022,48.66,50.63,48.66,50.47,25212
ALLY,02/24/2022,46.30,48.57,45.94,48.28,45472
ALLY,02/23/2022,49.53,49.97,47.97,48.11,29664
ALLY,02/22/2022,49.24,50.43,48.94,49.28,41452
ALLY,02/18/2022,49.01,50.35,49.01,49.76,28352
ALLY,02/17/2022,50.00,50.46,49.03,49.34,26417
ALLY,02/16/2022,49.81,51.05,49.81,50.44,22625
ALLY,02/15/2022,49.01,49.97,48.83,49.84,27548
ALLY,02/14/2022,48.74,49.33,47.86,48.34,30269
