AMCR,06/23/2023,9.96,9.99,9.89,9.93,6998
AMCR,06/22/2023,10.13,10.13,9.94,10.07,46097
AMCR,06/21/2023,10.19,10.20,10.09,10.15,71076
AMCR,06/20/2023,10.26,10.32,10.18,10.19,73728
AMCR,06/16/2023,10.30,10.39,10.27,10.35,165162
AMCR,06/15/2023,10.18,10.32,10.16,10.28,65236
AMCR,06/14/2023,10.24,10.33,10.15,10.16,59412
AMCR,06/13/2023,10.04,10.20,10.02,10.16,59691
AMCR,06/12/2023,10.00,10.08,9.96,10.03,51311
AMCR,06/09/2023,10.09,10.09,9.96,10.01,44399
AMCR,06/08/2023,10.14,10.14,9.96,10.08,65516
AMCR,06/07/2023,10.03,10.14,9.97,10.11,65059
AMCR,06/06/2023,10.00,10.11,9.95,10.00,101147
AMCR,06/05/2023,10.02,10.17,9.53,10.00,151923
AMCR,06/02/2023,9.84,10.00,9.84,9.97,86354
AMCR,06/01/2023,9.69,9.77,9.61,9.72,95925
AMCR,05/31/2023,9.71,9.77,9.60,9.64,149589
AMCR,05/30/2023,9.79,9.84,9.71,9.74,78940
AMCR,05/26/2023,9.87,9.91,9.76,9.79,63978
AMCR,05/25/2023,9.87,9.93,9.76,9.81,65594
AMCR,05/24/2023,10.06,10.06,9.91,9.94,74956
AMCR,05/23/2023,10.13,10.23,10.07,10.12,84132
AMCR,05/22/2023,10.22,10.31,10.18,10.27,77399
AMCR,05/19/2023,10.29,10.32,10.20,10.23,44220
AMCR,05/18/2023,10.21,10.24,10.13,10.22,47648
AMCR,05/17/2023,10.23,10.28,10.12,10.25,74283
AMCR,05/16/2023,10.30,10.31,10.21,10.22,70911
AMCR,05/15/2023,10.33,10.37,10.26,10.36,63711
AMCR,05/12/2023,10.42,10.45,10.24,10.30,53649
AMCR,05/11/2023,10.34,10.38,10.27,10.36,59018
AMCR,05/10/2023,10.38,10.41,10.27,10.39,83048
AMCR,05/09/2023,10.39,10.40,10.30,10.31,62724
AMCR,05/08/2023,10.49,10.53,10.41,10.46,61651
AMCR,05/05/2023,10.27,10.48,10.26,10.42,101634
AMCR,05/04/2023,10.04,10.44,9.98,10.21,105976
AMCR,05/03/2023,10.21,10.24,9.79,10.01,250746
AMCR,05/02/2023,11.00,11.04,10.79,10.92,86895
AMCR,05/01/2023,11.00,11.09,10.97,11.06,67319
AMCR,04/28/2023,10.91,11.00,10.88,10.97,122996
AMCR,04/27/2023,10.74,10.93,10.64,10.92,77840
AMCR,04/26/2023,10.74,10.86,10.68,10.72,71822
AMCR,04/25/2023,10.96,11.01,10.81,10.82,59887
AMCR,04/24/2023,11.10,11.11,11.02,11.07,59732
AMCR,04/21/2023,11.08,11.10,10.96,11.06,56143
AMCR,04/20/2023,11.06,11.08,11.00,11.02,81426
AMCR,04/19/2023,11.15,11.17,11.07,11.08,81896
AMCR,04/18/2023,11.09,11.18,11.08,11.16,53144
AMCR,04/17/2023,11.14,11.16,11.03,11.10,51106
AMCR,04/14/2023,11.15,11.20,11.02,11.10,46186
AMCR,04/13/2023,11.03,11.22,11.01,11.19,55659
AMCR,04/12/2023,10.99,11.11,10.99,11.02,56783
AMCR,04/11/2023,11.14,11.17,10.96,10.99,124777
AMCR,04/10/2023,11.16,11.16,11.01,11.09,72745
AMCR,04/06/2023,11.31,11.32,11.18,11.25,86114
AMCR,04/05/2023,11.19,11.32,11.16,11.31,96147
AMCR,04/04/2023,11.32,11.35,11.17,11.22,68456
AMCR,04/03/2023,11.27,11.39,11.22,11.30,85954
AMCR,03/31/2023,11.21,11.39,11.18,11.38,67466
AMCR,03/30/2023,11.17,11.19,11.08,11.14,47440
AMCR,03/29/2023,11.14,11.17,11.05,11.11,76467
AMCR,03/28/2023,10.98,11.06,10.95,11.03,37325
AMCR,03/27/2023,10.97,11.03,10.92,10.97,52446
AMCR,03/24/2023,10.80,10.97,10.74,10.93,60262
AMCR,03/23/2023,10.82,10.99,10.78,10.84,62249
AMCR,03/22/2023,11.01,11.06,10.80,10.81,58591
AMCR,03/21/2023,11.03,11.06,10.93,10.99,47011
AMCR,03/20/2023,10.78,10.97,10.77,10.92,61855
AMCR,03/17/2023,10.75,10.77,10.58,10.70,241571
AMCR,03/16/2023,10.66,10.80,10.58,10.79,56111
AMCR,03/15/2023,10.71,10.79,10.65,10.74,100967
AMCR,03/14/2023,10.89,10.96,10.78,10.89,90095
AMCR,03/13/2023,10.69,10.94,10.68,10.75,110066
AMCR,03/10/2023,10.88,10.95,10.74,10.74,93653
AMCR,03/09/2023,10.99,11.06,10.84,10.85,82816
AMCR,03/08/2023,10.91,11.00,10.87,10.95,53417
AMCR,03/07/2023,11.03,11.10,10.92,10.92,73389
AMCR,03/06/2023,11.21,11.21,11.01,11.05,81307
AMCR,03/03/2023,11.31,11.33,11.16,11.23,73486
AMCR,03/02/2023,11.10,11.25,11.10,11.21,64677
AMCR,03/01/2023,11.06,11.26,11.03,11.15,57902
AMCR,02/28/2023,11.17,11.26,11.14,11.14,79390
AMCR,02/27/2023,11.42,11.51,11.31,11.33,78255
AMCR,02/24/2023,11.19,11.37,11.11,11.28,130029
AMCR,02/23/2023,11.19,11.32,11.14,11.30,108158
AMCR,02/22/2023,11.13,11.22,11.07,11.14,90785
AMCR,02/21/2023,11.32,11.40,11.07,11.08,57864
AMCR,02/17/2023,11.39,11.44,11.33,11.42,231306
AMCR,02/16/2023,11.37,11.51,11.35,11.41,80967
AMCR,02/15/2023,11.36,11.51,11.31,11.51,70958
AMCR,02/14/2023,11.40,11.49,11.30,11.40,94437
AMCR,02/13/2023,11.34,11.48,11.30,11.45,72205
AMCR,02/10/2023,11.21,11.34,11.10,11.33,59379
AMCR,02/09/2023,11.35,11.45,11.11,11.22,90489
AMCR,02/08/2023,11.54,11.55,11.18,11.26,121668
AMCR,02/07/2023,11.88,11.93,11.71,11.89,73568
AMCR,02/06/2023,11.98,12.00,11.88,11.93,85490
AMCR,02/03/2023,12.10,12.19,12.00,12.03,83194
AMCR,02/02/2023,12.10,12.25,12.05,12.20,118157
AMCR,02/01/2023,11.96,12.17,11.84,12.07,96491
AMCR,01/31/2023,11.83,12.09,11.80,12.06,153562
AMCR,01/30/2023,11.89,11.93,11.77,11.78,68745
AMCR,01/27/2023,11.86,12.00,11.84,11.95,72078
AMCR,01/26/2023,11.83,11.88,11.69,11.83,44962
AMCR,01/25/2023,11.67,11.82,11.64,11.78,71495
AMCR,01/24/2023,11.81,11.96,11.58,11.74,78044
AMCR,01/23/2023,11.89,12.09,11.87,12.00,55881
AMCR,01/20/2023,11.82,11.89,11.68,11.88,61003
AMCR,01/19/2023,11.85,11.86,11.67,11.75,74335
AMCR,01/18/2023,12.20,12.20,11.86,11.88,71521
AMCR,01/17/2023,12.23,12.31,12.12,12.15,71029
AMCR,01/13/2023,12.12,12.14,12.01,12.13,57749
AMCR,01/12/2023,12.23,12.27,12.12,12.20,60518
AMCR,01/11/2023,12.18,12.20,12.03,12.18,57614
AMCR,01/10/2023,12.21,12.22,12.01,12.12,71568
AMCR,01/09/2023,12.28,12.37,12.19,12.20,70649
AMCR,01/06/2023,12.02,12.20,11.98,12.20,50138
AMCR,01/05/2023,11.93,12.00,11.85,11.92,57317
AMCR,01/04/2023,12.01,12.12,11.89,12.03,82274
AMCR,01/03/2023,11.91,11.98,11.81,11.92,92457
AMCR,12/30/2022,11.96,12.01,11.83,11.91,47610
AMCR,12/29/2022,11.98,12.07,11.96,12.02,48176
AMCR,12/28/2022,12.14,12.18,11.90,11.91,41348
AMCR,12/27/2022,12.09,12.12,12.02,12.08,45126
AMCR,12/23/2022,11.97,12.06,11.92,12.06,50858
AMCR,12/22/2022,12.07,12.08,11.74,11.98,60555
AMCR,12/21/2022,12.12,12.17,12.03,12.10,62215
AMCR,12/20/2022,12.03,12.11,11.95,12.05,61655
AMCR,12/19/2022,12.10,12.15,11.93,12.02,50270
AMCR,12/16/2022,12.21,12.23,11.93,12.08,113461
AMCR,12/15/2022,12.34,12.39,12.18,12.26,71824
AMCR,12/14/2022,12.55,12.69,12.34,12.48,88973
AMCR,12/13/2022,12.76,12.78,12.45,12.56,90085
AMCR,12/12/2022,12.40,12.48,12.31,12.48,64527
AMCR,12/09/2022,12.39,12.56,12.35,12.37,104987
AMCR,12/08/2022,12.17,12.45,12.17,12.43,99010
AMCR,12/07/2022,12.15,12.31,12.11,12.13,59717
AMCR,12/06/2022,12.28,12.28,12.07,12.15,62355
AMCR,12/05/2022,12.39,12.39,12.19,12.27,60564
AMCR,12/02/2022,12.25,12.52,12.22,12.50,89605
AMCR,12/01/2022,12.44,12.47,12.24,12.38,62501
AMCR,11/30/2022,12.09,12.39,11.88,12.35,120308
AMCR,11/29/2022,12.00,12.19,11.99,12.11,49403
AMCR,11/28/2022,12.00,12.02,11.95,11.99,96708
AMCR,11/25/2022,12.13,12.17,12.06,12.08,31986
AMCR,11/23/2022,11.97,12.08,11.94,12.08,48998
AMCR,11/22/2022,11.93,12.01,11.92,11.99,60321
AMCR,11/21/2022,11.81,11.99,11.75,11.99,77100
AMCR,11/18/2022,11.94,11.99,11.76,11.82,59138
AMCR,11/17/2022,11.55,11.80,11.53,11.79,77660
AMCR,11/16/2022,11.79,11.86,11.67,11.69,82947
AMCR,11/15/2022,11.96,11.99,11.66,11.77,80967
AMCR,11/14/2022,11.67,12.00,11.66,11.79,88440
AMCR,11/11/2022,11.73,11.74,11.51,11.64,72530
AMCR,11/10/2022,11.41,11.63,11.33,11.62,78643
AMCR,11/09/2022,11.13,11.20,11.01,11.02,62423
AMCR,11/08/2022,11.30,11.34,11.11,11.22,89402
AMCR,11/07/2022,11.22,11.23,11.09,11.22,59628
AMCR,11/04/2022,11.01,11.17,10.93,11.16,83866
AMCR,11/03/2022,10.77,10.90,10.71,10.77,98226
AMCR,11/02/2022,11.30,11.30,10.83,10.84,144102
AMCR,11/01/2022,11.66,11.69,11.39,11.59,105025
AMCR,10/31/2022,11.66,11.66,11.52,11.58,167163
AMCR,10/28/2022,11.61,11.76,11.53,11.75,73924
AMCR,10/27/2022,11.53,11.71,11.53,11.54,66449
AMCR,10/26/2022,11.53,11.65,11.42,11.48,65564
AMCR,10/25/2022,11.22,11.49,11.13,11.47,71475
AMCR,10/24/2022,11.36,11.36,11.15,11.30,72845
AMCR,10/21/2022,10.93,11.31,10.88,11.30,89438
AMCR,10/20/2022,11.06,11.14,10.84,10.89,64459
AMCR,10/19/2022,11.16,11.18,10.99,11.06,50202
AMCR,10/18/2022,11.16,11.24,11.07,11.20,63566
AMCR,10/17/2022,11.04,11.08,10.96,10.99,72524
AMCR,10/14/2022,11.11,11.22,10.84,10.84,74502
AMCR,10/13/2022,10.55,11.16,10.42,11.06,121882
AMCR,10/12/2022,10.77,10.77,10.57,10.59,98040
AMCR,10/11/2022,10.81,10.92,10.69,10.78,54876
AMCR,10/10/2022,10.86,10.93,10.80,10.89,49701
AMCR,10/07/2022,10.95,10.95,10.73,10.78,51129
AMCR,10/06/2022,11.06,11.15,10.95,11.07,83886
AMCR,10/05/2022,11.13,11.20,11.03,11.09,77600
AMCR,10/04/2022,11.11,11.32,11.04,11.28,79786
AMCR,10/03/2022,10.87,11.11,10.86,11.03,109578
AMCR,09/30/2022,10.79,10.90,10.72,10.73,97802
AMCR,09/29/2022,10.80,10.80,10.63,10.75,55785
AMCR,09/28/2022,10.73,10.95,10.71,10.90,64950
AMCR,09/27/2022,10.91,10.96,10.56,10.67,74016
AMCR,09/26/2022,10.98,11.03,10.69,10.80,73751
AMCR,09/23/2022,11.06,11.06,10.84,10.98,75684
AMCR,09/22/2022,11.19,11.24,11.07,11.15,55587
AMCR,09/21/2022,11.53,11.56,11.22,11.22,64911
AMCR,09/20/2022,11.59,11.63,11.32,11.44,53820
AMCR,09/19/2022,11.60,11.77,11.55,11.76,64726
AMCR,09/16/2022,11.68,11.69,11.51,11.66,118720
AMCR,09/15/2022,11.77,11.93,11.73,11.79,63950
AMCR,09/14/2022,11.94,11.96,11.66,11.74,49601
AMCR,09/13/2022,12.16,12.18,11.90,11.94,52399
AMCR,09/12/2022,12.35,12.47,12.33,12.37,86444
AMCR,09/09/2022,12.25,12.31,12.10,12.29,87227
AMCR,09/08/2022,11.96,12.19,11.92,12.18,67461
AMCR,09/07/2022,11.78,12.10,11.77,12.10,83968
AMCR,09/06/2022,12.02,12.02,11.76,11.85,96205
AMCR,09/02/2022,12.17,12.27,11.99,12.02,79571
AMCR,09/01/2022,11.96,12.04,11.84,12.00,68943
AMCR,08/31/2022,12.25,12.25,11.96,12.01,103665
AMCR,08/30/2022,12.29,12.34,12.13,12.18,59374
AMCR,08/29/2022,12.30,12.37,12.22,12.26,85927
AMCR,08/26/2022,12.92,12.96,12.41,12.42,143975
AMCR,08/25/2022,12.75,12.98,12.68,12.92,125843
AMCR,08/24/2022,12.57,12.71,12.50,12.67,91167
AMCR,08/23/2022,12.58,12.72,12.49,12.58,76956
AMCR,08/22/2022,12.35,12.61,12.26,12.48,111683
AMCR,08/19/2022,12.68,12.68,12.41,12.48,91667
AMCR,08/18/2022,12.72,12.86,12.36,12.72,110235
AMCR,08/17/2022,13.19,13.19,12.95,13.01,88526
AMCR,08/16/2022,12.98,13.37,12.96,13.29,123080
AMCR,08/15/2022,12.71,13.07,12.70,13.03,121745
AMCR,08/12/2022,12.69,12.83,12.68,12.81,50614
AMCR,08/11/2022,12.78,12.81,12.60,12.63,64662
AMCR,08/10/2022,12.59,12.80,12.57,12.71,63734
AMCR,08/09/2022,12.41,12.48,12.31,12.40,80800
AMCR,08/08/2022,12.39,12.43,12.30,12.39,54017
AMCR,08/05/2022,12.45,12.48,12.16,12.27,69685
AMCR,08/04/2022,12.70,12.80,12.58,12.59,79256
AMCR,08/03/2022,12.82,12.82,12.59,12.72,62144
AMCR,08/02/2022,12.99,13.10,12.70,12.75,73109
AMCR,08/01/2022,12.93,13.22,12.90,13.04,79436
AMCR,07/29/2022,13.06,13.06,12.88,12.95,331532
AMCR,07/28/2022,12.96,13.05,12.70,13.04,101595
AMCR,07/27/2022,12.89,12.96,12.60,12.88,95160
AMCR,07/26/2022,12.73,12.91,12.64,12.90,84871
AMCR,07/25/2022,12.60,12.75,12.56,12.74,55614
AMCR,07/22/2022,12.68,12.75,12.57,12.60,69802
AMCR,07/21/2022,12.38,12.65,12.38,12.64,87484
AMCR,07/20/2022,12.58,12.59,12.32,12.48,123466
AMCR,07/19/2022,12.54,12.68,12.53,12.63,62670
AMCR,07/18/2022,12.55,12.56,12.26,12.33,55227
AMCR,07/15/2022,12.58,12.59,12.37,12.48,66529
AMCR,07/14/2022,12.15,12.40,12.12,12.39,89916
AMCR,07/13/2022,12.30,12.43,12.23,12.38,65233
AMCR,07/12/2022,12.54,12.62,12.42,12.46,90412
AMCR,07/11/2022,12.37,12.74,12.22,12.60,98143
AMCR,07/08/2022,12.68,12.70,12.40,12.44,66747
AMCR,07/07/2022,12.70,12.78,12.57,12.66,79955
AMCR,07/06/2022,12.47,12.66,12.32,12.65,115051
AMCR,07/05/2022,12.35,12.44,12.10,12.44,72842
AMCR,07/01/2022,12.36,12.55,12.16,12.53,99197
AMCR,06/30/2022,12.40,12.55,12.31,12.43,89767
AMCR,06/29/2022,12.47,12.63,12.34,12.55,105142
AMCR,06/28/2022,12.42,12.53,12.28,12.33,89505
AMCR,06/27/2022,12.38,12.48,12.32,12.37,74734
AMCR,06/24/2022,12.04,12.42,11.99,12.41,126712
AMCR,06/23/2022,11.86,11.95,11.74,11.94,95439
AMCR,06/22/2022,11.79,12.01,11.74,11.86,75532
AMCR,06/21/2022,11.84,11.96,11.78,11.92,88734
AMCR,06/17/2022,11.71,11.81,11.59,11.72,164761
AMCR,06/16/2022,11.86,11.95,11.62,11.71,107591
AMCR,06/15/2022,12.22,12.23,11.81,12.10,124111
AMCR,06/14/2022,12.30,12.38,12.00,12.09,122995
AMCR,06/13/2022,12.53,12.57,12.25,12.29,92116
AMCR,06/10/2022,12.93,12.96,12.64,12.76,84793
AMCR,06/09/2022,13.30,13.35,13.14,13.17,98610
AMCR,06/08/2022,13.32,13.40,13.29,13.35,58538
AMCR,06/07/2022,13.40,13.51,13.24,13.48,95299
AMCR,06/06/2022,13.45,13.60,13.38,13.49,50259
AMCR,06/03/2022,13.35,13.50,13.32,13.39,72481
AMCR,06/02/2022,13.28,13.46,13.14,13.45,66621
AMCR,06/01/2022,13.05,13.31,13.02,13.19,112098
AMCR,05/31/2022,13.17,13.26,13.01,13.10,312259
AMCR,05/27/2022,13.19,13.31,13.12,13.31,85285
AMCR,05/26/2022,13.06,13.24,13.04,13.10,100669
AMCR,05/25/2022,12.94,13.04,12.83,12.97,101258
AMCR,05/24/2022,12.89,12.98,12.68,12.96,101809
AMCR,05/23/2022,13.08,13.24,12.95,13.05,124473
AMCR,05/20/2022,13.08,13.12,12.68,12.93,164245
AMCR,05/19/2022,12.62,13.07,12.61,12.96,140095
AMCR,05/18/2022,13.21,13.21,12.67,12.73,129388
AMCR,05/17/2022,13.16,13.37,13.03,13.33,135216
AMCR,05/16/2022,12.71,13.01,12.70,12.94,115664
AMCR,05/13/2022,12.67,12.87,12.61,12.77,126636
AMCR,05/12/2022,12.50,12.66,12.42,12.57,132275
AMCR,05/11/2022,12.48,12.80,12.43,12.51,192350
AMCR,05/10/2022,12.73,12.77,12.40,12.56,156960
AMCR,05/09/2022,12.69,12.80,12.58,12.61,174525
AMCR,05/06/2022,12.63,12.92,12.49,12.81,166728
AMCR,05/05/2022,12.88,12.88,12.50,12.64,225478
AMCR,05/04/2022,12.67,13.17,12.37,13.12,289038
AMCR,05/03/2022,11.70,12.05,11.67,11.97,113595
AMCR,05/02/2022,11.86,11.95,11.52,11.70,125343
AMCR,04/29/2022,12.20,12.27,11.81,11.86,176243
AMCR,04/28/2022,12.03,12.20,11.80,12.14,145771
AMCR,04/27/2022,11.60,12.08,11.57,12.02,281101
AMCR,04/26/2022,11.62,11.71,11.49,11.61,201033
AMCR,04/25/2022,11.56,11.66,11.35,11.65,81037
AMCR,04/22/2022,11.83,11.89,11.57,11.58,47276
AMCR,04/21/2022,12.08,12.12,11.90,11.93,56097
AMCR,04/20/2022,11.84,12.06,11.80,12.01,68984
AMCR,04/19/2022,11.49,11.80,11.49,11.76,40975
AMCR,04/18/2022,11.62,11.72,11.51,11.53,32000
AMCR,04/14/2022,11.73,11.80,11.67,11.67,33202
AMCR,04/13/2022,11.69,11.73,11.60,11.70,40014
AMCR,04/12/2022,11.75,11.83,11.59,11.66,30417
AMCR,04/11/2022,11.76,11.87,11.71,11.73,47473
AMCR,04/08/2022,11.59,11.79,11.51,11.72,57516
AMCR,04/07/2022,11.48,11.59,11.36,11.53,60434
AMCR,04/06/2022,11.39,11.54,11.34,11.50,62534
AMCR,04/05/2022,11.49,11.62,11.42,11.48,48089
AMCR,04/04/2022,11.46,11.52,11.33,11.48,56239
AMCR,04/01/2022,11.45,11.54,11.34,11.54,79672
AMCR,03/31/2022,11.54,11.59,11.32,11.33,76578
AMCR,03/30/2022,11.57,11.57,11.46,11.53,47730
AMCR,03/29/2022,11.48,11.61,11.38,11.57,71543
AMCR,03/28/2022,11.34,11.37,11.18,11.35,80890
AMCR,03/25/2022,11.24,11.43,11.24,11.34,71608
AMCR,03/24/2022,11.20,11.30,11.15,11.28,40316
AMCR,03/23/2022,11.37,11.41,11.20,11.22,54429
AMCR,03/22/2022,11.53,11.61,11.41,11.45,79170
AMCR,03/21/2022,11.70,11.74,11.39,11.46,66655
AMCR,03/18/2022,11.64,11.69,11.42,11.67,153460
AMCR,03/17/2022,11.42,11.67,11.38,11.61,69439
AMCR,03/16/2022,11.29,11.51,11.20,11.46,77305
AMCR,03/15/2022,11.32,11.32,11.13,11.24,70401
AMCR,03/14/2022,11.05,11.54,11.02,11.29,110045
AMCR,03/11/2022,10.92,11.04,10.88,10.90,77523
AMCR,03/10/2022,10.92,11.04,10.74,10.90,85979
AMCR,03/09/2022,11.16,11.20,11.02,11.09,65370
AMCR,03/08/2022,10.83,11.24,10.66,10.94,140164
AMCR,03/07/2022,11.17,11.20,10.79,10.79,111194
AMCR,03/04/2022,11.20,11.31,11.10,11.29,59511
AMCR,03/03/2022,11.47,11.52,11.30,11.35,110583
AMCR,03/02/2022,11.26,11.48,11.24,11.42,68959
AMCR,03/01/2022,11.57,11.67,11.20,11.26,97235
AMCR,02/28/2022,11.54,11.70,11.47,11.63,102286
AMCR,02/25/2022,11.45,11.84,11.45,11.80,98116
AMCR,02/24/2022,11.42,11.54,11.20,11.48,123085
AMCR,02/23/2022,11.77,11.78,11.61,11.63,101060
AMCR,02/22/2022,11.82,11.84,11.59,11.70,98017
AMCR,02/18/2022,11.83,12.03,11.80,11.88,274017
AMCR,02/17/2022,11.75,11.89,11.75,11.79,99185
AMCR,02/16/2022,11.80,11.91,11.70,11.77,67337
AMCR,02/15/2022,11.72,11.89,11.72,11.81,73055
AMCR,02/14/2022,11.62,11.65,11.44,11.57,72074
