APA,06/23/2023,32.57,32.94,32.45,32.78,11015
APA,06/22/2023,33.79,33.80,32.98,33.21,40091
APA,06/21/2023,33.63,34.70,33.55,34.21,38395
APA,06/20/2023,34.10,34.20,32.84,33.50,50552
APA,06/16/2023,34.67,35.05,34.10,34.38,76599
APA,06/15/2023,33.84,34.87,33.76,34.67,52205
APA,06/14/2023,34.27,34.50,33.12,33.65,47804
APA,06/13/2023,33.67,34.57,33.45,33.71,57032
APA,06/12/2023,32.71,33.52,32.23,33.06,44761
APA,06/09/2023,33.98,34.41,33.22,33.41,45493
APA,06/08/2023,34.28,34.57,33.24,34.00,56097
APA,06/07/2023,33.55,34.90,33.51,34.40,53419
APA,06/06/2023,32.24,33.48,32.16,33.34,42138
APA,06/05/2023,34.66,34.76,33.03,33.07,53924
APA,06/02/2023,32.95,34.19,32.34,33.68,62971
APA,06/01/2023,32.06,32.44,31.50,32.04,46568
APA,05/31/2023,31.11,31.84,30.67,31.78,93242
APA,05/30/2023,32.75,32.93,31.73,32.24,59054
APA,05/26/2023,33.72,33.74,32.82,33.41,41099
APA,05/25/2023,33.56,33.65,32.81,33.30,45131
APA,05/24/2023,34.40,34.70,33.66,34.38,42015
APA,05/23/2023,33.69,34.67,33.47,33.91,54119
APA,05/22/2023,33.30,34.20,33.12,33.47,62662
APA,05/19/2023,33.32,33.94,33.01,33.41,66486
APA,05/18/2023,32.25,32.75,32.01,32.71,56638
APA,05/17/2023,32.20,32.99,31.64,32.56,54708
APA,05/16/2023,32.60,32.74,31.55,31.63,60497
APA,05/15/2023,33.24,33.53,32.81,32.94,48869
APA,05/12/2023,33.45,33.60,32.48,32.98,46150
APA,05/11/2023,32.20,33.40,32.12,33.08,73743
APA,05/10/2023,33.30,33.53,32.34,32.80,48340
APA,05/09/2023,32.55,33.47,32.45,33.16,57297
APA,05/08/2023,33.91,34.24,33.00,33.08,55342
APA,05/05/2023,33.55,33.65,32.89,33.22,72906
APA,05/04/2023,35.00,35.89,32.00,32.26,101030
APA,05/03/2023,33.62,34.93,33.40,34.17,65039
APA,05/02/2023,36.16,36.31,33.88,34.36,67314
APA,05/01/2023,36.15,37.08,35.97,36.90,33818
APA,04/28/2023,35.66,37.05,35.35,36.85,36200
APA,04/27/2023,35.39,35.97,35.06,35.66,39990
APA,04/26/2023,36.10,36.50,34.97,35.37,48513
APA,04/25/2023,37.28,37.40,36.24,36.28,52399
APA,04/24/2023,37.02,38.06,36.94,37.85,39801
APA,04/21/2023,37.74,37.89,36.94,37.23,33675
APA,04/20/2023,37.90,38.14,37.25,37.70,58213
APA,04/19/2023,38.58,39.00,38.07,38.79,54741
APA,04/18/2023,39.30,39.55,38.88,39.42,49443
APA,04/17/2023,40.77,41.11,39.47,39.49,44462
APA,04/14/2023,40.57,40.92,40.16,40.78,40890
APA,04/13/2023,39.77,40.66,39.38,40.47,57702
APA,04/12/2023,40.17,40.36,39.56,39.64,43230
APA,04/11/2023,39.62,40.42,39.14,39.92,50282
APA,04/10/2023,38.42,39.50,38.33,39.09,55472
APA,04/06/2023,37.78,38.54,37.55,38.07,50231
APA,04/05/2023,37.89,38.18,37.15,37.99,64814
APA,04/04/2023,39.49,39.59,37.49,38.10,86828
APA,04/03/2023,38.36,39.47,38.21,39.20,95653
APA,03/31/2023,35.75,36.09,35.40,36.06,62896
APA,03/30/2023,36.50,36.58,35.27,35.38,66445
APA,03/29/2023,36.37,36.49,35.71,35.91,72566
APA,03/28/2023,35.02,36.29,35.00,35.90,47799
APA,03/27/2023,34.97,35.77,34.47,35.38,70221
APA,03/24/2023,33.34,34.68,33.09,34.51,61963
APA,03/23/2023,34.45,35.27,33.35,34.01,79070
APA,03/22/2023,35.11,35.61,34.33,34.35,86648
APA,03/21/2023,33.69,35.49,33.64,35.04,106315
APA,03/20/2023,31.89,33.14,31.71,32.88,62338
APA,03/17/2023,32.69,32.79,31.43,31.74,127895
APA,03/16/2023,31.09,32.88,30.92,32.81,74794
APA,03/15/2023,33.07,33.51,31.46,32.05,119261
APA,03/14/2023,34.56,35.90,33.78,34.83,80258
APA,03/13/2023,34.56,35.77,33.84,34.52,88098
APA,03/10/2023,36.81,37.56,35.75,35.95,63575
APA,03/09/2023,38.55,39.16,36.93,37.01,53096
APA,03/08/2023,38.75,39.59,38.01,38.49,46832
APA,03/07/2023,39.79,39.93,38.92,39.13,41950
APA,03/06/2023,40.56,40.71,39.79,40.15,64164
APA,03/03/2023,39.50,41.38,39.40,41.15,42424
APA,03/02/2023,39.59,40.53,39.48,40.27,36865
APA,03/01/2023,38.22,40.08,38.01,39.63,45904
APA,02/28/2023,39.90,39.98,38.36,38.38,50559
APA,02/27/2023,39.27,39.77,38.80,39.23,42816
APA,02/24/2023,38.60,39.40,38.29,39.22,52029
APA,02/23/2023,39.97,40.23,38.24,39.12,77994
APA,02/22/2023,37.73,38.38,37.08,37.86,53140
APA,02/21/2023,38.00,38.28,37.50,38.06,50167
APA,02/17/2023,39.12,39.25,37.87,38.09,67295
APA,02/16/2023,41.22,41.53,40.11,40.14,44966
APA,02/15/2023,41.94,42.04,40.40,41.31,55441
APA,02/14/2023,42.11,43.25,41.80,42.47,46761
APA,02/13/2023,43.25,43.38,42.41,42.51,44903
APA,02/10/2023,41.91,43.64,41.80,43.56,77773
APA,02/09/2023,42.18,42.47,40.99,41.05,53127
APA,02/08/2023,43.90,44.00,41.83,42.12,55415
APA,02/07/2023,42.32,43.75,41.51,43.69,51572
APA,02/06/2023,42.08,42.62,41.35,42.02,74003
APA,02/03/2023,42.58,43.49,41.90,42.04,54122
APA,02/02/2023,43.16,43.32,41.75,42.36,54105
APA,02/01/2023,43.95,44.04,41.73,43.40,65046
APA,01/31/2023,43.94,44.65,43.29,44.33,40032
APA,01/30/2023,44.97,45.66,44.12,44.16,48279
APA,01/27/2023,45.43,46.98,45.43,45.73,52137
APA,01/26/2023,44.78,45.39,43.65,45.36,43628
APA,01/25/2023,43.87,44.18,42.74,44.09,52187
APA,01/24/2023,44.79,44.97,43.71,44.06,49711
APA,01/23/2023,45.55,45.98,45.07,45.36,38478
APA,01/20/2023,44.86,45.58,44.00,45.09,50003
APA,01/19/2023,43.61,45.33,43.36,45.16,55918
APA,01/18/2023,45.44,46.21,44.02,44.06,53640
APA,01/17/2023,45.82,46.15,44.70,45.14,41938
APA,01/13/2023,45.30,45.50,44.28,45.34,34563
APA,01/12/2023,44.10,46.14,43.99,45.35,55136
APA,01/11/2023,43.75,44.18,42.92,43.82,47868
APA,01/10/2023,43.08,43.37,42.00,43.24,51136
APA,01/09/2023,43.92,44.45,43.30,43.37,51913
APA,01/06/2023,42.55,43.32,41.93,42.89,56701
APA,01/05/2023,41.89,42.41,41.36,41.76,69131
APA,01/04/2023,42.41,43.31,41.84,42.15,83693
APA,01/03/2023,45.89,46.35,43.02,43.62,61154
APA,12/30/2022,45.46,46.69,45.42,46.68,46446
APA,12/29/2022,44.60,46.20,44.35,45.91,45054
APA,12/28/2022,47.50,47.59,45.04,45.18,49480
APA,12/27/2022,47.66,48.14,47.33,47.64,44883
APA,12/23/2022,45.49,47.31,45.14,47.25,52928
APA,12/22/2022,46.67,46.82,43.45,44.69,52776
APA,12/21/2022,45.43,46.68,45.15,46.67,44463
APA,12/20/2022,43.62,44.45,43.47,44.13,43288
APA,12/19/2022,44.03,44.69,43.24,43.84,49738
APA,12/16/2022,43.80,44.42,42.81,43.79,108602
APA,12/15/2022,44.61,45.19,43.93,45.05,71526
APA,12/14/2022,46.22,46.67,44.19,45.04,73837
APA,12/13/2022,45.37,46.15,44.73,45.83,94091
APA,12/12/2022,42.30,44.36,42.17,43.91,84419
APA,12/09/2022,42.75,43.56,41.76,41.86,66445
APA,12/08/2022,45.23,45.38,42.71,42.77,62409
APA,12/07/2022,44.10,44.66,43.20,43.66,58822
APA,12/06/2022,45.04,46.20,43.58,43.87,56207
APA,12/05/2022,48.25,48.55,45.23,45.71,57828
APA,12/02/2022,46.19,47.38,46.19,47.11,45883
APA,12/01/2022,47.50,48.08,46.48,46.72,52046
APA,11/30/2022,47.47,47.65,46.00,46.85,80577
APA,11/29/2022,45.98,47.04,45.83,46.59,69954
APA,11/28/2022,44.83,45.48,43.75,44.96,71668
APA,11/25/2022,47.20,47.20,46.10,46.43,28397
APA,11/23/2022,46.80,47.78,46.32,46.78,51593
APA,11/22/2022,46.23,47.93,45.73,47.78,56679
APA,11/21/2022,45.33,45.57,43.04,45.27,77443
APA,11/18/2022,45.50,46.54,44.32,46.34,60779
APA,11/17/2022,46.35,47.02,45.54,46.94,50874
APA,11/16/2022,48.08,48.71,47.40,47.43,57704
APA,11/15/2022,47.45,49.22,46.53,49.04,57442
APA,11/14/2022,48.21,48.95,47.17,47.21,54250
APA,11/11/2022,48.55,49.30,48.10,48.76,59241
APA,11/10/2022,46.71,47.38,45.63,47.00,61349
APA,11/09/2022,48.04,48.24,45.26,45.55,76969
APA,11/08/2022,49.13,49.67,47.94,49.04,66750
APA,11/07/2022,49.20,50.58,49.01,49.50,64434
APA,11/04/2022,48.86,50.22,47.67,48.99,87674
APA,11/03/2022,43.10,47.88,43.03,47.29,97790
APA,11/02/2022,45.51,45.94,44.01,44.24,76315
APA,11/01/2022,46.43,46.57,45.66,45.79,57313
APA,10/31/2022,44.83,46.33,44.09,45.46,58521
APA,10/28/2022,46.34,46.45,44.04,45.44,71167
APA,10/27/2022,47.26,47.50,45.58,45.73,78773
APA,10/26/2022,45.24,47.09,45.24,46.08,80025
APA,10/25/2022,43.78,45.40,43.37,45.20,80392
APA,10/24/2022,43.36,44.42,42.96,43.76,78142
APA,10/21/2022,41.91,43.20,41.51,43.19,82961
APA,10/20/2022,42.20,43.13,41.29,41.51,70367
APA,10/19/2022,39.95,41.94,39.82,41.91,78067
APA,10/18/2022,40.35,40.95,38.97,39.82,71633
APA,10/17/2022,40.36,41.78,39.74,40.10,71915
APA,10/14/2022,41.33,42.18,39.67,39.93,75361
APA,10/13/2022,39.80,42.25,39.72,41.86,103869
APA,10/12/2022,40.10,41.28,39.06,40.75,72772
APA,10/11/2022,40.00,41.54,39.86,40.48,72380
APA,10/10/2022,42.26,43.26,41.03,41.17,93879
APA,10/07/2022,42.14,43.71,41.93,42.52,107357
APA,10/06/2022,40.20,42.36,40.09,42.20,87791
APA,10/05/2022,39.10,40.93,38.59,40.52,117290
APA,10/04/2022,38.62,39.46,37.94,39.16,101325
APA,10/03/2022,36.01,37.39,35.81,37.30,127549
APA,09/30/2022,34.16,35.07,33.77,34.19,75203
APA,09/29/2022,34.34,35.04,33.25,34.95,89805
APA,09/28/2022,32.94,34.84,32.88,34.67,104008
APA,09/27/2022,32.83,33.41,31.97,32.68,103663
APA,09/26/2022,32.90,33.75,31.83,31.84,100618
APA,09/23/2022,35.02,35.18,32.12,32.87,160551
APA,09/22/2022,39.29,39.53,37.10,37.11,72446
APA,09/21/2022,40.24,40.67,38.40,38.43,57220
APA,09/20/2022,40.16,40.29,38.89,39.60,65746
APA,09/19/2022,39.01,40.91,39.01,40.45,58924
APA,09/16/2022,41.35,41.38,39.08,40.46,113344
APA,09/15/2022,41.29,42.58,41.09,41.49,86799
APA,09/14/2022,39.68,42.22,39.60,41.74,85480
APA,09/13/2022,39.66,40.76,38.68,39.11,76401
APA,09/12/2022,39.71,40.76,39.01,40.00,89532
APA,09/09/2022,38.16,38.29,37.30,38.09,59868
APA,09/08/2022,36.85,37.58,36.68,36.93,78216
APA,09/07/2022,36.57,36.97,36.01,36.67,64076
APA,09/06/2022,39.00,39.39,37.65,37.82,59294
APA,09/02/2022,39.52,39.98,38.45,38.80,74750
APA,09/01/2022,38.32,38.44,36.81,37.92,78610
APA,08/31/2022,38.15,40.25,37.83,39.11,84437
APA,08/30/2022,40.32,40.65,38.78,39.32,104812
APA,08/29/2022,39.93,42.63,39.76,41.36,90591
APA,08/26/2022,40.52,41.31,39.74,40.18,65382
APA,08/25/2022,40.55,40.94,39.47,40.40,65409
APA,08/24/2022,39.09,40.69,38.80,40.31,101568
APA,08/23/2022,37.64,39.93,37.64,38.79,96302
APA,08/22/2022,35.69,36.86,34.48,36.79,82172
APA,08/19/2022,35.99,36.98,35.66,36.15,88924
APA,08/18/2022,34.30,36.58,34.30,36.50,88101
APA,08/17/2022,33.02,33.95,32.80,33.63,66826
APA,08/16/2022,34.15,34.59,33.00,33.22,65470
APA,08/15/2022,32.86,33.97,32.37,33.57,58728
APA,08/12/2022,34.50,35.09,33.99,34.70,65212
APA,08/11/2022,34.00,34.99,33.95,34.84,71988
APA,08/10/2022,33.02,33.68,31.88,33.22,59139
APA,08/09/2022,32.88,33.79,32.47,32.68,59491
APA,08/08/2022,31.44,32.71,31.42,32.21,69637
APA,08/05/2022,30.26,32.66,30.15,31.75,82279
APA,08/04/2022,33.00,33.86,30.50,30.68,120285
APA,08/03/2022,36.21,36.34,33.78,34.43,82382
APA,08/02/2022,35.95,36.44,35.17,35.93,50589
APA,08/01/2022,36.23,36.39,35.10,36.01,71551
APA,07/29/2022,36.53,37.44,36.23,37.17,70030
APA,07/28/2022,35.60,36.30,34.70,35.62,65553
APA,07/27/2022,34.01,35.34,33.28,35.19,69387
APA,07/26/2022,35.02,35.25,33.08,33.84,65220
APA,07/25/2022,33.37,34.62,32.54,34.43,75104
APA,07/22/2022,33.27,34.14,32.20,32.41,52913
APA,07/21/2022,33.60,34.02,32.44,33.29,65772
APA,07/20/2022,33.98,35.10,33.58,35.00,74311
APA,07/19/2022,32.80,34.49,32.55,34.34,80355
APA,07/18/2022,33.08,33.75,32.54,32.80,60263
APA,07/15/2022,32.27,32.54,31.42,31.99,68921
APA,07/14/2022,31.33,31.84,30.44,31.58,97572
APA,07/13/2022,32.07,33.77,31.72,32.90,80987
APA,07/12/2022,32.74,33.45,32.28,32.43,99870
APA,07/11/2022,34.18,35.00,33.52,34.21,58797
APA,07/08/2022,35.53,35.58,34.13,34.85,75644
APA,07/07/2022,33.19,35.02,33.00,34.51,82296
APA,07/06/2022,32.16,33.28,30.69,32.01,96462
APA,07/05/2022,34.00,34.36,32.12,32.73,80953
APA,07/01/2022,35.22,35.72,33.76,35.35,57330
APA,06/30/2022,35.10,36.12,34.48,34.90,81914
APA,06/29/2022,39.44,39.78,35.93,36.10,87203
APA,06/28/2022,38.84,39.85,37.92,38.77,90377
APA,06/27/2022,37.13,38.17,36.60,37.47,109764
APA,06/24/2022,36.82,37.88,36.25,36.45,96760
APA,06/23/2022,37.76,38.44,35.42,36.21,96238
APA,06/22/2022,37.63,39.01,37.23,37.50,94898
APA,06/21/2022,39.70,41.14,39.04,40.35,92967
APA,06/17/2022,41.45,41.84,38.16,39.22,148995
APA,06/16/2022,44.05,44.33,41.16,41.76,91261
APA,06/15/2022,46.04,46.50,44.35,45.63,71191
APA,06/14/2022,46.60,47.66,44.99,46.00,75472
APA,06/13/2022,46.47,46.53,43.90,45.57,97484
APA,06/10/2022,49.14,49.82,47.72,48.81,63349
APA,06/09/2022,50.65,51.63,50.02,50.04,64015
APA,06/08/2022,51.81,51.95,50.86,51.17,75504
APA,06/07/2022,48.11,51.92,48.06,51.39,93380
APA,06/06/2022,48.99,49.07,47.60,48.55,52596
APA,06/03/2022,47.40,48.49,47.31,48.30,49258
APA,06/02/2022,47.14,48.40,46.80,47.47,66018
APA,06/01/2022,48.03,48.97,46.50,47.62,90899
APA,05/31/2022,49.60,50.46,46.20,47.01,288603
APA,05/27/2022,45.70,47.64,45.52,47.62,90640
APA,05/26/2022,46.01,46.89,45.58,45.84,94437
APA,05/25/2022,43.51,45.57,43.51,45.55,78079
APA,05/24/2022,43.41,44.46,43.07,43.62,78967
APA,05/23/2022,42.33,44.36,41.87,44.15,84305
APA,05/20/2022,41.18,42.30,40.23,41.66,81928
APA,05/19/2022,39.48,41.90,39.33,40.82,71520
APA,05/18/2022,43.41,43.48,39.78,40.45,86646
APA,05/17/2022,42.87,43.46,42.39,43.14,64142
APA,05/16/2022,41.26,43.38,41.26,42.41,82372
APA,05/13/2022,39.26,41.92,39.25,41.15,79277
APA,05/12/2022,37.88,39.03,36.87,38.03,101634
APA,05/11/2022,38.39,40.59,38.05,38.30,101676
APA,05/10/2022,38.29,39.48,36.12,37.38,112422
APA,05/09/2022,43.00,43.12,37.35,37.53,131954
APA,05/06/2022,41.98,44.17,41.13,44.11,93916
APA,05/05/2022,44.99,45.25,40.68,41.30,153425
APA,05/04/2022,43.89,45.27,42.21,45.20,101067
APA,05/03/2022,40.58,42.95,40.58,42.52,90176
APA,05/02/2022,40.22,41.10,39.18,40.61,106135
APA,04/29/2022,41.54,42.63,40.67,40.93,119447
APA,04/28/2022,40.29,41.97,38.92,41.45,71854
APA,04/27/2022,38.91,40.33,38.11,39.97,88831
APA,04/26/2022,39.16,39.97,38.49,38.62,98917
APA,04/25/2022,39.08,39.35,36.98,39.08,102659
APA,04/22/2022,41.78,42.69,40.47,40.71,86649
APA,04/21/2022,44.89,45.22,41.68,42.19,82702
APA,04/20/2022,44.43,45.15,43.94,44.33,85081
APA,04/19/2022,43.55,45.22,43.46,44.39,67191
APA,04/18/2022,44.11,44.99,43.46,43.98,92705
APA,04/14/2022,43.37,44.28,43.32,43.68,49416
APA,04/13/2022,42.85,43.99,42.13,43.61,59429
APA,04/12/2022,41.98,43.25,41.95,42.18,57315
APA,04/11/2022,42.44,42.44,40.73,41.07,97886
APA,04/08/2022,41.37,43.40,41.30,43.02,64794
APA,04/07/2022,41.50,41.91,39.36,41.00,87412
APA,04/06/2022,41.90,42.24,40.36,40.81,71491
APA,04/05/2022,43.12,43.88,41.58,41.69,68383
APA,04/04/2022,43.00,43.69,42.27,42.98,66900
APA,04/01/2022,41.45,42.69,41.41,42.22,49211
APA,03/31/2022,41.06,42.77,40.80,41.33,77510
APA,03/30/2022,41.45,42.36,40.68,41.20,89206
APA,03/29/2022,38.96,40.97,38.52,40.96,74501
APA,03/28/2022,40.50,40.50,38.93,39.85,69582
APA,03/25/2022,40.46,42.09,40.24,41.53,57776
APA,03/24/2022,40.80,41.72,40.35,40.78,54601
APA,03/23/2022,41.40,41.74,40.30,40.71,76532
APA,03/22/2022,40.75,41.28,39.85,40.52,68870
APA,03/21/2022,40.16,41.73,40.05,40.88,80350
APA,03/18/2022,39.29,39.38,38.64,39.11,114663
APA,03/17/2022,37.82,39.85,37.62,39.43,92170
APA,03/16/2022,36.68,37.13,35.89,36.85,104674
APA,03/15/2022,35.46,36.84,34.79,36.70,104839
APA,03/14/2022,38.25,38.49,36.44,37.58,117018
APA,03/11/2022,39.56,40.15,39.00,39.05,82933
APA,03/10/2022,39.14,40.20,38.24,40.04,104868
APA,03/09/2022,36.99,38.90,36.36,38.70,135692
APA,03/08/2022,39.12,41.20,37.46,38.63,164218
APA,03/07/2022,39.88,40.56,36.67,37.92,158858
APA,03/04/2022,38.28,39.73,37.90,39.48,143011
APA,03/03/2022,37.16,38.29,37.11,38.28,111050
APA,03/02/2022,38.00,39.17,37.21,37.87,121111
APA,03/01/2022,36.28,37.64,35.99,37.29,153458
APA,02/28/2022,33.41,35.67,33.31,35.63,123288
APA,02/25/2022,32.22,33.74,32.13,33.67,91699
APA,02/24/2022,31.05,32.45,29.95,32.31,138432
APA,02/23/2022,31.43,32.27,30.65,30.83,99265
APA,02/22/2022,33.05,33.24,30.43,31.04,141045
APA,02/18/2022,31.85,32.37,31.42,32.16,86381
APA,02/17/2022,32.27,33.24,32.09,32.39,67729
APA,02/16/2022,32.48,33.23,31.97,32.40,72931
APA,02/15/2022,31.26,32.38,30.90,32.23,68482
APA,02/14/2022,33.99,34.16,31.94,32.14,121241
