APLS,06/23/2023,86.34,86.86,86.01,86.19,1002
APLS,06/22/2023,86.51,89.05,85.85,86.65,14743
APLS,06/21/2023,88.20,88.88,86.45,87.44,7567
APLS,06/20/2023,88.41,88.59,85.38,88.16,11205
APLS,06/16/2023,90.89,91.50,87.75,89.27,17558
APLS,06/15/2023,91.55,91.91,88.81,89.60,12298
APLS,06/14/2023,93.43,94.75,90.57,92.12,15088
APLS,06/13/2023,90.76,94.27,90.76,93.31,16229
APLS,06/12/2023,90.54,91.76,89.81,90.60,5585
APLS,06/09/2023,90.68,91.24,89.91,90.01,4855
APLS,06/08/2023,91.35,92.20,89.45,90.17,7706
APLS,06/07/2023,90.51,92.79,90.17,92.13,11087
APLS,06/06/2023,90.00,93.48,90.00,91.22,21201
APLS,06/05/2023,87.61,90.95,87.02,89.79,12000
APLS,06/02/2023,87.31,88.36,86.37,87.96,4736
APLS,06/01/2023,86.00,88.81,85.31,87.31,7921
APLS,05/31/2023,87.15,88.98,85.68,85.85,7755
APLS,05/30/2023,87.19,87.64,85.39,86.91,9534
APLS,05/26/2023,85.00,87.16,84.33,86.97,7579
APLS,05/25/2023,86.34,86.66,84.45,85.15,9377
APLS,05/24/2023,85.14,86.83,84.76,86.57,7596
APLS,05/23/2023,87.26,88.14,84.18,86.09,14684
APLS,05/22/2023,89.18,90.13,86.48,87.48,9303
APLS,05/19/2023,88.45,89.33,88.13,88.86,12242
APLS,05/18/2023,89.51,90.94,86.66,87.50,12450
APLS,05/17/2023,88.66,89.33,86.36,89.25,12727
APLS,05/16/2023,82.50,87.83,82.11,87.68,27253
APLS,05/15/2023,88.65,89.05,87.85,88.11,9492
APLS,05/12/2023,89.51,89.51,87.60,87.96,12011
APLS,05/11/2023,90.99,90.99,87.72,88.54,12951
APLS,05/10/2023,89.50,92.61,88.23,91.38,13092
APLS,05/09/2023,90.00,90.35,88.70,89.47,17916
APLS,05/08/2023,92.39,92.52,90.20,91.38,15598
APLS,05/05/2023,92.25,94.45,90.09,93.18,41772
APLS,05/04/2023,85.18,85.56,82.19,84.37,13234
APLS,05/03/2023,82.71,85.90,82.65,85.02,10179
APLS,05/02/2023,83.18,84.91,82.73,83.14,12116
APLS,05/01/2023,77.06,83.18,76.30,82.92,23313
APLS,04/28/2023,82.36,85.24,82.05,83.43,11280
APLS,04/27/2023,79.69,83.24,78.14,82.78,22240
APLS,04/26/2023,85.01,85.95,83.24,84.68,22356
APLS,04/25/2023,89.00,89.28,86.71,87.43,13472
APLS,04/24/2023,84.93,90.68,84.75,88.77,29714
APLS,04/21/2023,82.27,87.48,82.20,86.25,21118
APLS,04/20/2023,81.89,83.44,81.74,82.43,10090
APLS,04/19/2023,81.60,83.22,80.75,82.11,10367
APLS,04/18/2023,82.69,82.71,81.15,82.15,10164
APLS,04/17/2023,81.05,82.23,79.71,82.05,12614
APLS,04/14/2023,79.88,81.30,79.18,80.95,12287
APLS,04/13/2023,79.41,81.03,78.97,79.16,31586
APLS,04/12/2023,80.00,81.29,79.62,79.70,10151
APLS,04/11/2023,78.73,80.02,78.67,79.65,11687
APLS,04/10/2023,78.21,78.99,76.90,78.89,15697
APLS,04/06/2023,77.37,78.81,76.20,78.78,10560
APLS,04/05/2023,78.11,80.31,77.12,77.32,16810
APLS,04/04/2023,76.43,78.20,75.60,78.04,21028
APLS,04/03/2023,74.05,77.46,73.80,76.68,53473
APLS,03/31/2023,66.54,67.37,65.81,65.96,12737
APLS,03/30/2023,66.18,66.84,64.46,66.02,12472
APLS,03/29/2023,65.65,66.71,65.26,66.18,11186
APLS,03/28/2023,65.61,66.21,64.83,64.98,7984
APLS,03/27/2023,63.50,66.04,62.94,65.66,12383
APLS,03/24/2023,62.95,63.24,61.78,63.03,13669
APLS,03/23/2023,61.98,63.49,61.53,63.22,19719
APLS,03/22/2023,61.53,62.52,60.50,61.21,15561
APLS,03/21/2023,63.50,63.70,62.02,62.10,14933
APLS,03/20/2023,63.35,63.44,60.88,63.05,12442
APLS,03/17/2023,64.03,64.69,61.24,63.02,25862
APLS,03/16/2023,64.49,65.58,62.26,64.89,16736
APLS,03/15/2023,64.46,66.42,63.61,65.53,19599
APLS,03/14/2023,63.79,66.01,63.63,65.17,24483
APLS,03/13/2023,61.52,63.91,61.01,62.66,14801
APLS,03/10/2023,64.00,64.66,60.49,62.22,24876
APLS,03/09/2023,64.77,65.47,63.31,63.61,16492
APLS,03/08/2023,63.79,65.09,63.03,64.77,11796
APLS,03/07/2023,64.00,65.80,63.02,64.01,13156
APLS,03/06/2023,65.53,65.53,63.91,64.31,9150
APLS,03/03/2023,63.84,65.81,63.07,64.98,12584
APLS,03/02/2023,63.53,65.19,62.90,64.40,13692
APLS,03/01/2023,65.33,65.71,62.95,64.00,22525
APLS,02/28/2023,65.06,66.42,64.52,65.48,15211
APLS,02/27/2023,66.90,67.00,64.18,65.16,21703
APLS,02/24/2023,66.32,67.78,65.51,66.69,21933
APLS,02/23/2023,68.76,70.75,65.98,66.96,53429
APLS,02/22/2023,61.00,66.63,60.02,65.82,53668
APLS,02/21/2023,61.63,64.16,57.41,58.50,95676
APLS,02/17/2023,52.38,55.79,51.69,55.49,8607
APLS,02/16/2023,52.75,52.99,51.52,51.91,8628
APLS,02/15/2023,51.54,53.03,50.78,52.96,6999
APLS,02/14/2023,51.61,52.90,50.74,51.69,7196
APLS,02/13/2023,51.10,53.22,50.87,51.91,7669
APLS,02/10/2023,52.24,52.56,51.00,51.21,10796
APLS,02/09/2023,52.56,55.90,51.00,52.86,20365
APLS,02/08/2023,54.45,55.09,52.07,52.29,11013
APLS,02/07/2023,55.30,55.44,53.00,54.95,7206
APLS,02/06/2023,54.73,56.11,54.40,55.21,9422
APLS,02/03/2023,55.85,56.95,54.76,54.77,11701
APLS,02/02/2023,56.10,60.64,54.94,56.73,37132
APLS,02/01/2023,52.61,55.43,51.49,55.02,19917
APLS,01/31/2023,52.78,53.34,52.32,52.73,7363
APLS,01/30/2023,52.76,53.72,52.08,52.74,9524
APLS,01/27/2023,52.63,53.75,51.88,52.77,9160
APLS,01/26/2023,51.00,52.88,50.33,52.78,11580
APLS,01/25/2023,51.28,51.28,48.55,50.49,15848
APLS,01/24/2023,50.36,52.49,49.20,51.70,6896
APLS,01/23/2023,51.58,52.04,50.28,50.61,10854
APLS,01/20/2023,51.97,52.56,51.38,52.05,7510
APLS,01/19/2023,51.33,52.10,50.75,51.17,8236
APLS,01/18/2023,52.24,53.52,51.03,51.44,9444
APLS,01/17/2023,52.42,53.84,51.53,52.01,9255
APLS,01/13/2023,52.25,53.27,51.95,52.56,9093
APLS,01/12/2023,50.21,52.83,49.86,52.66,12534
APLS,01/11/2023,48.82,50.00,48.25,49.98,7688
APLS,01/10/2023,47.73,49.13,47.50,49.02,8114
APLS,01/09/2023,46.08,47.77,45.03,47.68,13007
APLS,01/06/2023,47.92,47.92,46.24,46.59,11669
APLS,01/05/2023,48.79,49.36,44.92,47.56,16295
APLS,01/04/2023,50.81,52.01,49.88,50.08,7257
APLS,01/03/2023,50.70,52.32,49.52,50.28,8491
APLS,12/30/2022,51.07,51.94,50.61,51.71,6753
APLS,12/29/2022,49.88,52.51,49.60,51.52,8506
APLS,12/28/2022,49.00,49.81,48.55,49.61,8671
APLS,12/27/2022,51.00,51.25,49.00,49.11,6822
APLS,12/23/2022,51.54,51.95,50.20,50.86,7048
APLS,12/22/2022,51.76,52.49,50.85,51.68,8813
APLS,12/21/2022,52.58,53.15,51.60,52.16,8764
APLS,12/20/2022,51.50,53.67,50.52,52.80,7134
APLS,12/19/2022,52.59,52.59,50.68,52.06,7024
APLS,12/16/2022,51.84,53.43,51.84,53.00,14205
APLS,12/15/2022,52.35,53.10,51.70,52.41,8574
APLS,12/14/2022,52.99,54.24,52.00,52.68,7299
APLS,12/13/2022,52.27,53.59,51.59,53.32,13786
APLS,12/12/2022,48.87,52.27,48.50,51.71,13789
APLS,12/09/2022,50.62,51.25,48.98,49.13,11080
APLS,12/08/2022,47.50,50.54,46.75,50.36,13261
APLS,12/07/2022,46.58,48.12,46.57,47.52,6465
APLS,12/06/2022,49.32,49.47,46.81,46.88,11189
APLS,12/05/2022,50.38,50.73,48.40,49.38,9897
APLS,12/02/2022,50.13,51.70,49.26,50.63,8775
APLS,12/01/2022,49.93,50.91,48.33,49.79,9187
APLS,11/30/2022,51.07,51.96,47.62,49.93,13462
APLS,11/29/2022,50.22,51.32,49.76,50.12,10115
APLS,11/28/2022,51.03,51.90,49.16,50.64,13134
APLS,11/25/2022,48.87,51.18,48.87,50.96,5533
APLS,11/23/2022,49.61,50.21,48.61,49.49,8878
APLS,11/22/2022,48.08,49.38,46.14,48.98,10144
APLS,11/21/2022,50.09,51.49,47.93,48.23,12711
APLS,11/18/2022,48.25,52.61,48.14,50.45,52035
APLS,11/17/2022,43.50,44.32,42.15,43.24,17754
APLS,11/16/2022,46.57,46.84,43.46,43.77,15170
APLS,11/15/2022,48.01,49.34,45.77,46.61,10695
APLS,11/14/2022,45.28,47.17,44.75,46.88,16442
APLS,11/11/2022,45.50,46.48,44.16,45.15,11210
APLS,11/10/2022,43.53,45.27,42.67,45.09,30109
APLS,11/09/2022,46.82,48.45,43.74,43.99,19849
APLS,11/08/2022,46.47,49.22,45.11,47.11,27180
APLS,11/07/2022,50.84,50.96,46.31,47.62,34562
APLS,11/04/2022,49.99,54.00,45.24,50.42,78608
APLS,11/03/2022,58.54,61.10,57.63,60.05,5050
APLS,11/02/2022,60.62,62.24,59.10,59.25,7430
APLS,11/01/2022,60.83,61.99,58.64,60.66,6799
APLS,10/31/2022,60.17,61.25,59.26,60.49,8195
APLS,10/28/2022,59.32,60.83,58.57,60.60,7860
APLS,10/27/2022,59.08,60.41,57.92,59.24,6696
APLS,10/26/2022,60.04,60.94,57.32,58.41,7420
APLS,10/25/2022,59.09,61.33,59.09,59.82,6635
APLS,10/24/2022,60.24,60.24,56.51,58.45,8459
APLS,10/21/2022,58.06,60.03,57.31,59.82,8161
APLS,10/20/2022,57.40,59.82,57.17,58.00,5658
APLS,10/19/2022,58.24,58.50,56.45,57.09,9320
APLS,10/18/2022,60.00,61.83,58.68,59.00,13460
APLS,10/17/2022,58.23,59.99,57.11,58.40,10009
APLS,10/14/2022,59.31,59.90,56.15,56.94,8582
APLS,10/13/2022,57.07,58.90,54.74,58.72,9323
APLS,10/12/2022,58.03,58.03,54.79,57.69,8357
APLS,10/11/2022,58.45,59.00,54.73,57.46,12560
APLS,10/10/2022,57.50,58.36,55.88,57.91,6184
APLS,10/07/2022,58.81,59.70,57.89,58.23,9649
APLS,10/06/2022,57.19,60.00,56.81,59.10,14794
APLS,10/05/2022,59.18,59.54,57.23,57.69,19326
APLS,10/04/2022,61.82,63.22,59.66,60.49,22964
APLS,10/03/2022,66.69,66.80,58.46,61.04,48454
APLS,09/30/2022,64.99,69.89,64.99,68.30,20548
APLS,09/29/2022,62.37,68.13,59.96,65.41,23509
APLS,09/28/2022,62.49,63.72,61.43,63.00,7758
APLS,09/27/2022,60.06,62.81,59.76,61.76,9381
APLS,09/26/2022,58.25,62.43,58.14,59.30,8287
APLS,09/23/2022,60.78,61.16,56.02,58.32,16432
APLS,09/22/2022,61.96,62.29,59.78,61.09,9984
APLS,09/21/2022,64.16,64.97,62.65,62.90,9088
APLS,09/20/2022,63.40,64.80,62.28,63.56,6764
APLS,09/19/2022,62.54,63.99,62.07,63.80,9047
APLS,09/16/2022,63.58,63.96,61.69,62.56,21135
APLS,09/15/2022,66.00,68.05,64.66,64.75,10194
APLS,09/14/2022,65.92,67.55,64.70,66.67,7909
APLS,09/13/2022,66.50,66.92,64.44,65.05,8920
APLS,09/12/2022,67.50,67.50,65.36,67.27,10436
APLS,09/09/2022,69.00,70.00,67.38,67.57,21608
APLS,09/08/2022,63.98,68.57,63.81,68.53,16919
APLS,09/07/2022,58.33,64.81,58.27,64.25,29973
APLS,09/06/2022,60.38,61.00,57.35,58.01,36936
APLS,09/02/2022,64.19,65.42,62.47,62.69,9853
APLS,09/01/2022,60.30,63.78,59.04,63.58,13063
APLS,08/31/2022,59.03,60.92,58.59,60.51,11053
APLS,08/30/2022,58.45,59.68,57.37,58.84,9689
APLS,08/29/2022,54.26,58.90,54.18,58.10,16836
APLS,08/26/2022,59.43,59.43,54.98,55.83,17048
APLS,08/25/2022,61.74,62.60,58.18,59.31,17225
APLS,08/24/2022,64.85,64.90,60.02,61.12,34862
APLS,08/23/2022,65.00,67.22,64.90,66.39,7224
APLS,08/22/2022,64.13,66.58,63.66,65.03,6452
APLS,08/19/2022,65.33,65.81,64.41,64.92,6552
APLS,08/18/2022,68.76,68.76,64.59,65.50,10807
APLS,08/17/2022,68.00,69.98,67.31,68.67,8327
APLS,08/16/2022,68.00,69.11,67.13,68.41,5812
APLS,08/15/2022,67.21,69.45,66.73,68.64,8600
APLS,08/12/2022,66.10,68.87,66.10,67.95,13370
APLS,08/11/2022,65.63,67.40,65.18,65.46,8675
APLS,08/10/2022,64.69,66.59,64.41,66.44,9398
APLS,08/09/2022,63.45,65.50,61.28,64.29,10886
APLS,08/08/2022,62.50,65.43,61.69,62.33,12868
APLS,08/05/2022,60.90,63.50,59.44,63.33,7673
APLS,08/04/2022,58.05,62.37,58.03,61.33,12018
APLS,08/03/2022,56.43,58.86,55.98,57.88,7651
APLS,08/02/2022,55.67,56.49,54.76,55.67,6598
APLS,08/01/2022,55.99,58.10,55.72,55.76,11158
APLS,07/29/2022,57.00,57.61,55.65,56.28,5818
APLS,07/28/2022,57.74,57.77,54.46,57.30,8932
APLS,07/27/2022,55.13,57.41,53.91,57.40,30411
APLS,07/26/2022,54.44,56.54,53.87,55.69,7776
APLS,07/25/2022,52.59,54.65,51.99,54.34,7346
APLS,07/22/2022,53.15,53.67,52.36,52.79,7447
APLS,07/21/2022,50.52,52.60,50.01,52.60,8845
APLS,07/20/2022,52.40,53.53,49.47,50.81,13996
APLS,07/19/2022,56.42,56.92,51.26,52.06,68183
APLS,07/18/2022,46.72,47.70,44.07,44.76,5568
APLS,07/15/2022,46.33,46.33,44.53,46.07,6098
APLS,07/14/2022,47.85,47.85,45.45,45.49,5298
APLS,07/13/2022,47.13,49.38,46.63,48.02,5334
APLS,07/12/2022,46.66,48.23,45.80,48.02,6064
APLS,07/11/2022,48.42,48.42,46.55,46.68,5264
APLS,07/08/2022,47.95,49.60,47.87,48.96,7981
APLS,07/07/2022,48.00,50.56,47.27,48.88,8729
APLS,07/06/2022,48.00,50.71,47.04,47.52,10356
APLS,07/05/2022,44.62,48.01,44.43,48.01,9083
APLS,07/01/2022,45.04,46.26,44.44,45.43,6087
APLS,06/30/2022,44.15,45.98,43.59,45.22,6825
APLS,06/29/2022,44.34,45.23,43.70,45.19,4672
APLS,06/28/2022,46.50,46.78,44.32,44.38,6817
APLS,06/27/2022,46.04,47.07,45.56,46.39,5784
APLS,06/24/2022,47.00,47.94,45.10,46.26,18197
APLS,06/23/2022,44.17,47.02,43.85,47.00,8310
APLS,06/22/2022,42.61,45.19,42.52,43.98,7441
APLS,06/21/2022,44.79,45.81,43.81,43.86,6464
APLS,06/17/2022,43.81,45.00,42.96,44.14,14179
APLS,06/16/2022,40.30,42.95,40.30,42.87,9185
APLS,06/15/2022,39.29,41.88,39.14,41.17,9345
APLS,06/14/2022,39.27,39.61,37.85,38.87,6527
APLS,06/13/2022,39.66,40.12,37.66,39.36,7446
APLS,06/10/2022,40.49,42.12,40.12,41.11,6030
APLS,06/09/2022,43.31,43.58,41.45,41.69,7709
APLS,06/08/2022,44.09,45.64,43.38,43.85,5950
APLS,06/07/2022,42.83,45.20,42.14,45.13,6511
APLS,06/06/2022,46.14,47.02,42.83,43.15,6790
APLS,06/03/2022,42.01,45.62,42.01,45.53,8505
APLS,06/02/2022,41.35,43.62,40.84,42.55,7428
APLS,06/01/2022,41.78,43.63,40.28,41.35,9092
APLS,05/31/2022,42.53,43.00,41.19,41.45,8456
APLS,05/27/2022,42.01,43.19,41.22,42.61,8323
APLS,05/26/2022,40.81,42.33,40.68,41.95,5182
APLS,05/25/2022,42.48,43.00,40.26,40.89,9156
APLS,05/24/2022,43.35,44.26,42.24,42.55,7405
APLS,05/23/2022,45.14,45.53,43.77,44.42,6011
APLS,05/20/2022,45.03,45.81,42.57,44.81,12309
APLS,05/19/2022,43.23,45.15,41.81,44.48,9333
APLS,05/18/2022,40.98,45.39,40.16,43.52,15622
APLS,05/17/2022,40.07,42.57,39.76,42.16,11793
APLS,05/16/2022,39.18,40.20,38.50,38.84,10272
APLS,05/13/2022,37.51,40.68,37.36,39.45,9862
APLS,05/12/2022,34.54,37.22,34.09,36.64,15253
APLS,05/11/2022,37.47,38.22,33.32,35.07,19223
APLS,05/10/2022,38.44,39.74,37.31,37.91,14966
APLS,05/09/2022,39.46,40.57,35.94,36.76,18813
APLS,05/06/2022,43.71,45.09,39.96,40.66,13611
APLS,05/05/2022,45.59,47.84,43.36,44.56,10056
APLS,05/04/2022,44.90,46.09,42.66,45.95,8020
APLS,05/03/2022,45.00,47.06,44.07,44.61,5966
APLS,05/02/2022,43.56,45.00,42.71,44.96,11578
APLS,04/29/2022,44.43,46.07,43.06,43.53,7586
APLS,04/28/2022,46.76,46.83,43.47,44.87,8243
APLS,04/27/2022,46.58,47.11,44.77,46.30,10138
APLS,04/26/2022,49.10,49.45,46.06,46.44,7846
APLS,04/25/2022,47.99,50.02,47.26,49.40,5468
APLS,04/22/2022,50.85,51.11,48.13,48.24,9918
APLS,04/21/2022,53.32,53.32,50.35,50.87,12765
APLS,04/20/2022,52.53,53.60,51.92,52.86,5552
APLS,04/19/2022,51.12,52.53,50.68,52.25,8193
APLS,04/18/2022,52.81,52.81,50.58,51.44,7552
APLS,04/14/2022,50.90,53.50,50.34,52.81,6491
APLS,04/13/2022,52.87,54.88,51.21,53.61,7250
APLS,04/12/2022,54.30,55.08,51.87,52.39,9058
APLS,04/11/2022,53.82,55.15,53.20,53.42,6821
APLS,04/08/2022,56.00,56.94,54.13,54.26,10007
APLS,04/07/2022,57.42,58.83,56.09,56.41,9462
APLS,04/06/2022,57.91,58.12,56.44,57.95,13788
APLS,04/05/2022,58.78,60.20,58.25,59.21,12625
APLS,04/04/2022,55.76,58.38,54.19,58.34,16474
APLS,04/01/2022,51.11,55.23,51.11,54.98,13709
APLS,03/31/2022,49.47,51.46,49.38,50.81,12605
APLS,03/30/2022,48.75,50.65,48.57,49.47,11219
APLS,03/29/2022,48.71,49.52,46.48,48.71,13785
APLS,03/28/2022,49.03,50.53,47.46,48.10,13746
APLS,03/25/2022,49.82,50.61,49.10,49.28,18404
APLS,03/24/2022,51.55,51.56,48.04,49.55,44211
APLS,03/23/2022,53.69,54.48,52.69,52.85,5215
APLS,03/22/2022,51.93,54.51,51.85,54.12,10674
APLS,03/21/2022,52.42,53.64,51.28,52.09,10422
APLS,03/18/2022,46.83,54.25,46.28,52.91,35719
APLS,03/17/2022,45.22,47.00,44.70,46.84,13914
APLS,03/16/2022,40.97,46.84,40.44,45.24,26430
APLS,03/15/2022,39.57,40.37,38.72,40.05,10782
APLS,03/14/2022,43.10,43.40,39.20,39.44,13166
APLS,03/11/2022,46.47,47.45,43.05,43.30,9782
APLS,03/10/2022,45.79,46.68,43.33,46.45,6819
APLS,03/09/2022,42.57,46.72,42.55,46.46,11494
APLS,03/08/2022,42.64,44.35,40.90,42.50,6538
APLS,03/07/2022,43.75,45.51,42.50,42.71,7347
APLS,03/04/2022,43.50,45.54,42.96,43.51,9065
APLS,03/03/2022,46.38,46.50,43.64,44.18,12549
APLS,03/02/2022,45.52,47.94,44.06,46.41,8700
APLS,03/01/2022,43.53,45.77,42.71,44.74,14056
APLS,02/28/2022,42.50,42.76,41.37,42.53,8634
APLS,02/25/2022,43.45,43.97,41.95,42.53,5744
APLS,02/24/2022,40.88,43.42,40.53,43.33,7702
APLS,02/23/2022,43.03,43.64,41.33,41.81,8060
APLS,02/22/2022,42.33,43.52,41.89,42.67,4758
APLS,02/18/2022,45.02,45.38,42.22,42.73,5528
APLS,02/17/2022,45.93,46.53,44.43,44.97,6002
APLS,02/16/2022,46.64,46.84,45.75,46.53,4280
APLS,02/15/2022,45.43,47.33,45.05,47.07,6484
APLS,02/14/2022,46.10,46.48,44.82,44.98,7379
