APO,06/23/2023,74.23,74.31,73.26,73.47,3787
APO,06/22/2023,75.98,76.27,74.79,74.87,20192
APO,06/21/2023,76.40,76.75,76.00,76.41,13539
APO,06/20/2023,76.15,76.58,75.86,76.40,29079
APO,06/16/2023,77.59,77.59,76.73,77.08,40191
APO,06/15/2023,76.14,77.50,76.04,77.39,29157
APO,06/14/2023,75.84,76.52,75.51,76.15,23921
APO,06/13/2023,73.82,76.06,73.72,76.01,40923
APO,06/12/2023,72.89,73.84,72.69,73.64,20064
APO,06/09/2023,72.72,73.23,72.61,72.98,23973
APO,06/08/2023,71.53,72.84,71.30,72.75,31471
APO,06/07/2023,71.33,71.82,70.93,71.58,25832
APO,06/06/2023,70.20,71.34,70.15,70.93,33366
APO,06/05/2023,69.37,70.68,69.37,70.50,32030
APO,06/02/2023,68.69,70.27,68.38,69.70,28815
APO,06/01/2023,66.93,68.49,66.60,68.00,30097
APO,05/31/2023,67.25,67.67,66.38,66.85,36153
APO,05/30/2023,66.20,67.14,65.85,66.78,36339
APO,05/26/2023,64.74,66.26,64.74,65.42,22023
APO,05/25/2023,63.29,64.56,62.97,64.23,22816
APO,05/24/2023,63.52,63.54,62.63,62.97,16260
APO,05/23/2023,65.67,66.28,64.31,64.32,14439
APO,05/22/2023,64.17,66.30,64.17,66.00,34747
APO,05/19/2023,63.92,64.24,62.98,63.85,17306
APO,05/18/2023,63.31,63.91,62.83,63.74,19538
APO,05/17/2023,62.74,64.18,62.30,63.42,26651
APO,05/16/2023,62.81,63.42,62.00,62.04,17205
APO,05/15/2023,62.82,63.79,62.24,63.18,16264
APO,05/12/2023,63.99,64.19,61.98,62.51,18475
APO,05/11/2023,63.36,64.48,63.09,63.72,22330
APO,05/10/2023,63.68,64.82,63.11,63.64,37419
APO,05/09/2023,61.22,63.38,59.89,62.26,42017
APO,05/08/2023,61.08,62.04,60.96,61.83,24189
APO,05/05/2023,58.43,60.58,58.03,60.53,22080
APO,05/04/2023,60.77,60.84,57.50,58.04,40709
APO,05/03/2023,61.10,62.61,60.81,60.93,24530
APO,05/02/2023,63.25,63.45,60.29,61.26,30630
APO,05/01/2023,63.32,64.39,63.02,63.72,20399
APO,04/28/2023,62.37,63.70,62.11,63.39,22371
APO,04/27/2023,61.96,62.79,61.12,62.69,10779
APO,04/26/2023,61.51,62.07,61.06,61.38,14546
APO,04/25/2023,62.70,62.91,61.58,61.63,19016
APO,04/24/2023,63.50,63.69,62.67,63.30,16330
APO,04/21/2023,64.12,64.22,63.28,63.54,18956
APO,04/20/2023,64.65,65.31,64.01,64.29,20004
APO,04/19/2023,64.92,66.07,64.65,65.80,13288
APO,04/18/2023,65.71,66.06,64.94,65.34,30835
APO,04/17/2023,64.50,65.37,64.26,65.25,19838
APO,04/14/2023,65.38,65.46,64.05,65.01,16165
APO,04/13/2023,63.14,64.93,62.98,64.80,18847
APO,04/12/2023,63.57,63.87,62.36,62.58,13605
APO,04/11/2023,62.20,63.62,61.76,63.13,16879
APO,04/10/2023,60.71,61.92,60.37,61.85,14743
APO,04/06/2023,61.12,61.63,60.62,60.87,14169
APO,04/05/2023,61.47,62.16,60.07,61.40,27316
APO,04/04/2023,62.62,63.17,61.10,62.14,25641
APO,04/03/2023,63.09,63.28,61.67,62.40,17961
APO,03/31/2023,62.08,63.33,61.86,63.16,24136
APO,03/30/2023,61.43,61.74,60.71,61.45,25598
APO,03/29/2023,60.03,60.70,59.46,60.66,28695
APO,03/28/2023,58.92,59.40,58.42,59.10,12551
APO,03/27/2023,58.05,59.47,57.31,58.95,24791
APO,03/24/2023,56.59,57.56,55.16,57.54,33769
APO,03/23/2023,59.11,60.06,57.26,57.70,36111
APO,03/22/2023,60.55,61.68,58.77,58.93,32328
APO,03/21/2023,59.44,61.76,58.94,60.71,50467
APO,03/20/2023,57.23,57.92,55.88,56.81,39878
APO,03/17/2023,57.79,58.20,55.52,56.53,60393
APO,03/16/2023,56.77,59.75,56.05,58.75,57950
APO,03/15/2023,57.50,58.13,56.46,57.61,85564
APO,03/14/2023,59.67,61.10,58.51,59.76,95522
APO,03/13/2023,58.99,60.45,56.16,58.47,111706
APO,03/10/2023,67.00,67.26,59.74,60.29,113909
APO,03/09/2023,71.10,71.54,67.27,67.37,20178
APO,03/08/2023,71.16,71.71,70.81,71.23,15750
APO,03/07/2023,72.05,72.69,71.01,71.20,15282
APO,03/06/2023,73.17,73.77,72.14,72.54,19513
APO,03/03/2023,72.66,73.26,72.45,73.11,21824
APO,03/02/2023,70.88,72.60,69.75,72.38,19204
APO,03/01/2023,70.52,72.57,70.24,71.94,24054
APO,02/28/2023,70.85,71.50,70.48,70.90,20911
APO,02/27/2023,71.99,72.60,69.93,70.42,19838
APO,02/24/2023,70.19,70.99,69.76,70.87,21564
APO,02/23/2023,71.06,72.23,70.80,71.21,21880
APO,02/22/2023,69.50,70.84,69.06,70.27,20958
APO,02/21/2023,70.51,70.63,69.10,69.35,24823
APO,02/17/2023,70.88,72.23,70.80,71.44,25559
APO,02/16/2023,71.03,72.90,70.71,72.09,16534
APO,02/15/2023,70.56,72.44,70.12,72.43,21061
APO,02/14/2023,71.00,73.13,70.74,71.66,34193
APO,02/13/2023,70.49,71.47,70.13,71.07,33948
APO,02/10/2023,67.76,71.24,67.76,70.66,28772
APO,02/09/2023,70.00,71.44,67.73,68.40,66889
APO,02/08/2023,72.28,74.63,72.28,73.89,23026
APO,02/07/2023,71.83,73.71,71.45,73.35,20830
APO,02/06/2023,71.90,72.26,71.19,72.14,19948
APO,02/03/2023,71.45,74.33,71.21,73.40,22514
APO,02/02/2023,73.64,74.12,70.94,72.15,31664
APO,02/01/2023,70.84,73.21,70.53,72.52,27206
APO,01/31/2023,69.10,70.81,68.65,70.78,20519
APO,01/30/2023,70.49,70.49,69.08,69.26,18110
APO,01/27/2023,69.97,71.34,69.67,70.82,17753
APO,01/26/2023,68.13,70.51,67.83,70.43,35331
APO,01/25/2023,66.44,67.92,65.68,67.60,16967
APO,01/24/2023,67.80,69.03,67.60,67.70,25026
APO,01/23/2023,67.07,69.62,66.51,68.84,27891
APO,01/20/2023,66.38,67.34,65.74,67.07,13318
APO,01/19/2023,67.03,67.74,65.08,65.78,25804
APO,01/18/2023,69.09,69.57,67.95,68.03,20541
APO,01/17/2023,69.34,69.96,68.81,69.09,18725
APO,01/13/2023,67.49,69.88,67.30,69.71,18729
APO,01/12/2023,68.00,69.32,67.70,68.44,27611
APO,01/11/2023,67.50,67.97,66.99,67.68,20071
APO,01/10/2023,65.31,66.75,65.30,66.52,12485
APO,01/09/2023,64.50,66.23,64.42,65.32,23904
APO,01/06/2023,63.71,64.34,62.64,64.33,17271
APO,01/05/2023,63.18,63.96,62.87,62.95,14405
APO,01/04/2023,63.65,64.42,62.99,64.36,20958
APO,01/03/2023,63.42,64.69,62.17,62.81,18455
APO,12/30/2022,62.31,63.81,62.31,63.79,14351
APO,12/29/2022,63.02,64.14,62.52,63.57,11673
APO,12/28/2022,63.40,63.88,62.44,62.52,12545
APO,12/27/2022,64.33,64.71,63.35,63.41,9818
APO,12/23/2022,63.73,64.43,63.32,64.25,7774
APO,12/22/2022,63.81,64.10,62.58,63.77,12213
APO,12/21/2022,63.47,64.72,63.15,64.54,18021
APO,12/20/2022,62.41,63.21,61.95,62.70,15129
APO,12/19/2022,62.52,62.89,61.85,62.33,17147
APO,12/16/2022,63.25,63.86,61.90,62.51,41046
APO,12/15/2022,64.70,65.17,63.42,64.06,21938
APO,12/14/2022,65.40,66.96,64.97,66.08,18478
APO,12/13/2022,66.34,67.31,64.98,65.44,33015
APO,12/12/2022,62.96,64.10,62.63,64.07,19060
APO,12/09/2022,62.44,64.00,62.42,62.88,16294
APO,12/08/2022,62.02,62.88,61.59,62.83,20995
APO,12/07/2022,62.84,63.10,61.25,61.39,24704
APO,12/06/2022,64.27,64.70,62.73,63.24,31513
APO,12/05/2022,67.50,68.30,63.63,64.50,34105
APO,12/02/2022,68.16,69.58,67.61,68.25,22774
APO,12/01/2022,68.47,69.90,68.36,69.22,36786
APO,11/30/2022,66.35,69.41,66.16,69.39,48709
APO,11/29/2022,65.55,66.08,65.11,65.85,19237
APO,11/28/2022,65.70,66.26,64.90,65.01,22858
APO,11/25/2022,65.29,66.72,65.03,66.46,10169
APO,11/23/2022,64.68,65.72,64.68,65.32,19636
APO,11/22/2022,63.13,64.81,62.58,64.76,22187
APO,11/21/2022,61.45,63.07,61.40,62.64,14761
APO,11/18/2022,62.48,62.70,61.27,61.94,16897
APO,11/17/2022,61.19,62.10,60.70,61.59,18478
APO,11/16/2022,63.10,63.67,61.62,62.36,17607
APO,11/15/2022,64.39,65.73,63.69,64.54,28954
APO,11/14/2022,64.27,65.40,62.57,62.57,25374
APO,11/11/2022,64.82,65.88,64.43,65.22,37610
APO,11/10/2022,64.34,66.27,63.88,64.23,55348
APO,11/09/2022,62.83,63.42,60.94,61.01,32524
APO,11/08/2022,63.01,64.80,62.41,63.71,25591
APO,11/07/2022,63.00,63.43,62.18,63.15,31042
APO,11/04/2022,61.45,63.34,60.88,62.58,33266
APO,11/03/2022,58.46,61.91,57.91,60.53,38531
APO,11/02/2022,58.80,61.70,58.01,59.43,50763
APO,11/01/2022,56.35,58.03,56.11,57.17,31565
APO,10/31/2022,55.08,56.00,54.56,55.36,26565
APO,10/28/2022,54.02,55.65,53.53,55.63,24300
APO,10/27/2022,54.49,55.21,54.11,54.29,26391
APO,10/26/2022,54.09,55.55,53.90,54.14,17081
APO,10/25/2022,51.81,54.40,51.81,54.31,22132
APO,10/24/2022,51.51,52.05,50.38,51.73,22568
APO,10/21/2022,49.21,51.25,48.62,51.20,19989
APO,10/20/2022,49.42,50.99,48.79,49.15,17990
APO,10/19/2022,49.78,50.15,49.03,49.46,17678
APO,10/18/2022,50.60,51.38,49.62,50.25,15727
APO,10/17/2022,48.76,49.48,48.45,48.92,22640
APO,10/14/2022,49.21,49.59,47.28,47.36,21148
APO,10/13/2022,47.04,49.78,45.62,48.56,54130
APO,10/12/2022,47.39,48.49,46.68,48.30,21254
APO,10/11/2022,48.50,48.68,47.22,47.68,29046
APO,10/10/2022,49.30,49.78,47.88,48.55,16587
APO,10/07/2022,50.35,50.54,48.23,48.77,23053
APO,10/06/2022,51.26,52.25,50.73,51.01,14849
APO,10/05/2022,50.74,51.97,50.35,51.63,18665
APO,10/04/2022,50.16,52.08,49.62,51.93,25653
APO,10/03/2022,47.42,49.35,46.60,48.93,35422
APO,09/30/2022,47.65,48.12,46.43,46.50,30064
APO,09/29/2022,49.13,49.15,46.94,47.63,23817
APO,09/28/2022,48.93,50.38,48.46,50.05,20737
APO,09/27/2022,49.66,50.11,48.20,48.85,18458
APO,09/26/2022,49.17,50.42,48.12,48.87,24181
APO,09/23/2022,50.63,50.91,48.83,49.60,41605
APO,09/22/2022,52.68,52.81,50.97,51.51,19897
APO,09/21/2022,54.28,54.85,52.66,52.66,17675
APO,09/20/2022,54.88,55.27,53.47,53.86,24529
APO,09/19/2022,54.08,56.15,54.08,55.45,37760
APO,09/16/2022,55.78,56.16,54.43,54.81,104169
APO,09/15/2022,57.00,58.22,56.96,57.15,20957
APO,09/14/2022,56.85,57.83,56.54,57.42,23595
APO,09/13/2022,57.12,57.47,56.35,56.66,16861
APO,09/12/2022,58.50,59.29,58.34,58.94,14358
APO,09/09/2022,57.30,58.35,57.24,58.11,17510
APO,09/08/2022,56.07,56.93,55.62,56.86,22752
APO,09/07/2022,55.39,56.93,54.80,56.74,29686
APO,09/06/2022,55.26,55.97,54.19,55.62,25531
APO,09/02/2022,56.00,56.71,54.72,55.00,16090
APO,09/01/2022,54.94,55.32,53.48,54.83,27146
APO,08/31/2022,56.08,56.61,55.30,55.58,18364
APO,08/30/2022,55.97,56.38,54.62,54.95,25209
APO,08/29/2022,55.89,55.89,54.92,55.67,21898
APO,08/26/2022,60.21,60.31,56.36,56.37,23719
APO,08/25/2022,59.40,60.37,59.23,60.31,17567
APO,08/24/2022,58.04,59.21,58.02,58.96,23772
APO,08/23/2022,57.38,58.48,57.24,58.09,14403
APO,08/22/2022,56.97,57.59,56.48,57.08,22009
APO,08/19/2022,58.79,58.79,57.60,58.13,19784
APO,08/18/2022,59.30,59.92,59.13,59.55,25162
APO,08/17/2022,59.50,59.92,58.93,59.24,16666
APO,08/16/2022,61.08,61.38,60.18,60.73,14973
APO,08/15/2022,60.50,61.73,60.32,61.48,19653
APO,08/12/2022,61.46,61.65,60.69,61.00,27284
APO,08/11/2022,60.00,61.79,59.87,60.89,30448
APO,08/10/2022,58.88,60.31,58.59,59.99,18734
APO,08/09/2022,57.10,58.00,56.55,57.90,17070
APO,08/08/2022,57.87,58.47,57.28,57.42,14140
APO,08/05/2022,57.17,58.58,56.76,57.53,17644
APO,08/04/2022,56.68,59.12,54.70,57.99,30560
APO,08/03/2022,57.02,57.77,56.42,57.23,26209
APO,08/02/2022,56.39,57.33,55.74,56.41,21050
APO,08/01/2022,56.34,57.25,55.67,57.12,15263
APO,07/29/2022,56.51,57.49,56.51,57.10,23386
APO,07/28/2022,55.07,56.56,54.55,56.51,17618
APO,07/27/2022,53.97,55.05,53.75,54.83,11136
APO,07/26/2022,54.03,54.16,52.92,53.55,10938
APO,07/25/2022,53.51,54.48,53.07,54.04,12742
APO,07/22/2022,54.82,55.36,53.51,53.94,12579
APO,07/21/2022,54.06,54.79,52.40,54.58,19651
APO,07/20/2022,53.09,54.25,52.90,54.19,14040
APO,07/19/2022,51.25,53.19,51.19,53.07,19301
APO,07/18/2022,51.69,52.52,51.11,51.30,11885
APO,07/15/2022,49.56,50.95,48.49,50.85,22962
APO,07/14/2022,49.33,49.33,47.75,48.67,23820
APO,07/13/2022,49.54,50.62,47.97,50.30,23604
APO,07/12/2022,50.73,51.69,50.41,50.71,17493
APO,07/11/2022,51.01,51.14,50.19,50.70,14006
APO,07/08/2022,52.19,52.49,51.07,51.56,14265
APO,07/07/2022,50.86,52.41,50.86,52.31,21039
APO,07/06/2022,50.98,51.81,49.98,50.24,18855
APO,07/05/2022,48.00,51.09,47.57,51.07,21315
APO,07/01/2022,48.10,49.54,47.81,49.26,21696
APO,06/30/2022,48.60,49.22,47.20,48.48,33543
APO,06/29/2022,51.16,51.20,48.89,49.68,24117
APO,06/28/2022,52.59,53.14,51.12,51.27,15464
APO,06/27/2022,52.95,53.42,51.66,52.38,19288
APO,06/24/2022,50.61,52.52,50.59,52.00,79566
APO,06/23/2022,50.53,51.15,48.98,49.94,18775
APO,06/22/2022,48.99,50.72,48.70,50.19,35212
APO,06/21/2022,49.80,50.65,49.58,49.85,51117
APO,06/17/2022,46.78,48.54,46.70,48.25,83454
APO,06/16/2022,49.34,49.34,45.97,46.78,60516
APO,06/15/2022,49.98,51.62,49.80,50.55,54603
APO,06/14/2022,50.20,50.56,48.76,49.36,36891
APO,06/13/2022,52.00,52.00,48.92,50.08,40870
APO,06/10/2022,54.73,55.57,53.54,54.45,24092
APO,06/09/2022,56.99,57.40,55.76,56.66,22849
APO,06/08/2022,58.70,59.09,56.96,57.32,27680
APO,06/07/2022,58.96,59.27,57.76,59.08,18499
APO,06/06/2022,58.18,60.33,57.45,59.17,28204
APO,06/03/2022,57.52,58.63,57.37,57.78,21998
APO,06/02/2022,57.99,58.80,57.05,58.53,25943
APO,06/01/2022,57.64,58.62,56.55,57.77,26724
APO,05/31/2022,60.09,60.25,57.36,57.64,48845
APO,05/27/2022,58.76,60.50,58.60,60.32,25305
APO,05/26/2022,56.07,58.27,55.58,58.11,40555
APO,05/25/2022,53.10,55.99,52.66,55.78,41890
APO,05/24/2022,54.01,54.47,52.35,53.58,24150
APO,05/23/2022,55.08,55.62,54.23,55.22,32403
APO,05/20/2022,54.40,55.20,53.03,54.48,33073
APO,05/19/2022,53.75,55.14,53.53,53.95,38849
APO,05/18/2022,53.81,55.25,53.70,54.34,29616
APO,05/17/2022,54.55,55.42,53.75,54.80,22570
APO,05/16/2022,54.06,54.39,53.04,53.51,25483
APO,05/13/2022,52.97,54.96,52.92,54.20,43294
APO,05/12/2022,51.00,51.75,49.62,51.57,40121
APO,05/11/2022,50.15,52.76,49.58,51.01,47243
APO,05/10/2022,51.06,51.78,49.18,50.44,37075
APO,05/09/2022,52.08,52.86,49.22,49.55,41288
APO,05/06/2022,53.28,54.22,52.13,52.90,54073
APO,05/05/2022,55.20,56.46,52.67,53.37,52744
APO,05/04/2022,51.75,53.89,50.46,53.66,42173
APO,05/03/2022,52.02,53.00,51.49,51.73,39141
APO,05/02/2022,49.80,52.01,49.64,51.92,39550
APO,04/29/2022,51.74,53.33,49.68,49.76,26700
APO,04/28/2022,51.15,52.84,50.02,52.31,29989
APO,04/27/2022,51.04,52.19,50.37,50.92,26033
APO,04/26/2022,54.17,54.82,50.98,51.15,35636
APO,04/25/2022,53.41,54.47,52.35,54.39,35162
APO,04/22/2022,55.92,56.08,53.78,53.93,22313
APO,04/21/2022,60.29,61.13,55.87,56.16,25965
APO,04/20/2022,58.99,59.89,58.52,59.16,20369
APO,04/19/2022,56.77,58.80,56.77,58.59,16148
APO,04/18/2022,57.24,57.36,56.24,56.76,20166
APO,04/14/2022,57.90,58.48,57.26,57.49,23094
APO,04/13/2022,56.54,57.86,55.73,57.75,27718
APO,04/12/2022,57.16,58.33,55.30,55.51,31264
APO,04/11/2022,57.00,57.50,56.26,56.87,22488
APO,04/08/2022,57.24,58.18,56.97,57.56,27811
APO,04/07/2022,58.69,58.98,56.58,57.67,30598
APO,04/06/2022,60.17,60.87,58.50,59.03,23350
APO,04/05/2022,63.13,63.57,60.86,61.13,21910
APO,04/04/2022,62.57,63.71,62.48,63.36,17070
APO,04/01/2022,62.44,62.82,61.82,62.33,24049
APO,03/31/2022,63.20,64.02,61.93,61.99,26174
APO,03/30/2022,65.18,65.26,62.77,63.04,20335
APO,03/29/2022,64.60,65.95,64.29,65.71,20638
APO,03/28/2022,62.45,64.03,62.01,63.21,24362
APO,03/25/2022,64.03,64.32,61.97,62.50,28219
APO,03/24/2022,63.51,64.21,63.18,63.89,29377
APO,03/23/2022,64.47,64.47,62.70,62.78,24044
APO,03/22/2022,62.86,65.23,62.50,64.68,27588
APO,03/21/2022,62.88,63.30,62.01,62.50,34740
APO,03/18/2022,61.45,63.14,61.03,62.58,72780
APO,03/17/2022,61.75,62.27,59.89,61.58,46576
APO,03/16/2022,60.80,62.40,59.56,62.28,44737
APO,03/15/2022,59.40,60.27,57.94,59.55,48609
APO,03/14/2022,62.47,62.96,58.65,59.41,58771
APO,03/11/2022,62.53,64.35,62.53,63.05,38890
APO,03/10/2022,62.06,63.78,61.72,62.07,39767
APO,03/09/2022,62.08,64.37,61.58,63.29,41169
APO,03/08/2022,58.84,61.28,58.24,60.02,49796
APO,03/07/2022,61.89,62.72,57.88,58.29,79102
APO,03/04/2022,63.44,64.23,62.26,63.48,48144
APO,03/03/2022,65.07,65.97,63.97,64.57,33656
APO,03/02/2022,62.93,65.38,62.35,64.93,34765
APO,03/01/2022,64.96,65.70,62.11,62.40,31126
APO,02/28/2022,64.56,66.76,64.26,65.26,36303
APO,02/25/2022,62.76,65.88,62.71,65.67,36663
APO,02/24/2022,59.78,62.36,59.10,62.16,37835
APO,02/23/2022,64.00,64.30,61.88,62.10,28573
APO,02/22/2022,63.93,64.86,62.63,63.20,39675
APO,02/18/2022,65.53,66.07,63.42,64.17,22901
APO,02/17/2022,67.20,67.88,64.86,65.23,36488
APO,02/16/2022,67.28,68.53,66.77,67.96,27398
APO,02/15/2022,67.03,67.75,66.13,67.58,30672
APO,02/14/2022,65.43,67.27,65.03,65.63,43601
