ARW,06/23/2023,136.25,136.70,135.60,135.74,349
ARW,06/22/2023,136.54,138.26,136.21,137.24,4118
ARW,06/21/2023,137.75,138.35,136.79,137.07,4056
ARW,06/20/2023,137.58,138.71,136.80,138.11,4555
ARW,06/16/2023,139.92,140.32,138.10,138.45,12454
ARW,06/15/2023,137.79,140.11,137.71,139.23,6699
ARW,06/14/2023,137.86,139.55,136.99,137.93,5206
ARW,06/13/2023,136.31,137.89,134.85,137.45,6063
ARW,06/12/2023,133.17,135.75,133.17,135.45,4991
ARW,06/09/2023,134.31,135.41,133.83,134.16,5138
ARW,06/08/2023,133.82,134.62,133.26,134.08,3811
ARW,06/07/2023,131.50,135.03,130.97,133.85,4695
ARW,06/06/2023,126.31,131.02,126.31,130.74,3950
ARW,06/05/2023,127.79,128.11,125.19,126.78,4018
ARW,06/02/2023,126.79,129.61,126.79,128.79,3608
ARW,06/01/2023,126.33,127.53,125.61,126.12,4137
ARW,05/31/2023,126.23,127.08,125.06,126.64,21596
ARW,05/30/2023,129.24,129.24,127.23,127.83,3707
ARW,05/26/2023,126.69,129.46,126.04,128.54,3736
ARW,05/25/2023,121.67,126.80,121.37,125.98,4291
ARW,05/24/2023,121.74,121.74,119.44,120.71,3343
ARW,05/23/2023,122.86,124.23,122.41,122.72,3125
ARW,05/22/2023,123.06,124.19,121.98,123.58,4683
ARW,05/19/2023,124.62,124.62,122.26,123.22,2470
ARW,05/18/2023,121.82,124.02,121.59,123.91,2190
ARW,05/17/2023,119.62,122.16,119.13,121.74,2962
ARW,05/16/2023,119.00,121.04,118.69,119.15,2740
ARW,05/15/2023,119.15,120.28,117.91,119.53,2878
ARW,05/12/2023,119.41,119.71,117.24,119.14,3999
ARW,05/11/2023,118.18,119.44,117.86,118.70,3100
ARW,05/10/2023,118.90,119.74,117.65,118.83,3887
ARW,05/09/2023,116.87,117.98,116.42,117.76,5696
ARW,05/08/2023,119.59,120.49,116.63,117.88,6307
ARW,05/05/2023,120.82,121.00,117.64,119.64,5416
ARW,05/04/2023,115.02,123.42,114.28,119.17,7296
ARW,05/03/2023,115.29,117.68,115.01,115.89,6498
ARW,05/02/2023,114.81,115.76,112.32,114.73,4416
ARW,05/01/2023,114.08,116.30,114.08,115.27,2893
ARW,04/28/2023,112.25,114.47,112.25,114.43,4121
ARW,04/27/2023,111.50,112.46,110.03,112.31,3996
ARW,04/26/2023,111.08,112.78,111.08,111.62,4299
ARW,04/25/2023,112.32,112.62,110.84,111.35,6805
ARW,04/24/2023,111.56,113.19,111.56,112.93,3832
ARW,04/21/2023,112.98,112.98,110.59,111.98,3687
ARW,04/20/2023,112.91,114.00,112.19,112.88,7616
ARW,04/19/2023,115.83,115.83,112.46,113.86,5450
ARW,04/18/2023,119.67,120.05,117.19,117.79,3031
ARW,04/17/2023,119.01,119.61,118.22,119.03,2852
ARW,04/14/2023,119.02,120.55,118.08,119.16,3353
ARW,04/13/2023,118.83,119.37,117.38,119.24,3297
ARW,04/12/2023,119.86,119.86,117.94,118.39,3533
ARW,04/11/2023,118.49,119.14,118.15,118.74,4921
ARW,04/10/2023,115.35,118.07,115.03,118.00,2967
ARW,04/06/2023,118.00,118.05,115.69,115.72,4530
ARW,04/05/2023,119.67,120.31,118.71,119.70,2702
ARW,04/04/2023,124.41,124.41,120.04,120.40,3607
ARW,04/03/2023,124.35,125.32,123.13,124.18,4169
ARW,03/31/2023,122.56,124.93,122.56,124.87,7719
ARW,03/30/2023,121.57,123.34,121.42,122.50,5165
ARW,03/29/2023,119.91,120.91,119.86,120.68,5097
ARW,03/28/2023,118.03,118.89,117.44,118.74,4381
ARW,03/27/2023,119.29,120.22,118.00,118.80,4543
ARW,03/24/2023,116.44,118.60,116.11,118.05,3719
ARW,03/23/2023,117.33,120.14,116.52,117.71,3984
ARW,03/22/2023,118.06,120.38,116.90,116.94,5315
ARW,03/21/2023,119.01,120.28,117.87,118.63,5289
ARW,03/20/2023,117.54,119.02,116.81,117.63,5422
ARW,03/17/2023,117.23,118.22,115.53,116.60,16484
ARW,03/16/2023,114.05,118.01,113.11,117.41,6633
ARW,03/15/2023,114.29,115.30,113.37,114.93,6770
ARW,03/14/2023,117.41,118.70,115.89,117.10,5785
ARW,03/13/2023,114.19,115.69,113.81,115.00,5394
ARW,03/10/2023,116.88,117.87,114.94,116.03,5558
ARW,03/09/2023,119.26,120.00,116.97,117.01,3536
ARW,03/08/2023,117.64,119.11,117.13,118.99,2813
ARW,03/07/2023,118.34,119.07,117.24,117.26,4427
ARW,03/06/2023,120.70,121.55,117.88,118.44,5619
ARW,03/03/2023,120.93,121.00,120.06,120.21,3027
ARW,03/02/2023,117.64,120.43,117.10,120.18,3382
ARW,03/01/2023,118.33,120.33,118.01,119.07,3707
ARW,02/28/2023,117.42,118.84,116.95,117.99,6283
ARW,02/27/2023,118.47,119.22,117.47,117.57,2802
ARW,02/24/2023,117.42,117.59,116.28,117.34,3886
ARW,02/23/2023,121.04,121.31,117.91,119.39,2746
ARW,02/22/2023,119.98,120.85,118.98,119.60,2884
ARW,02/21/2023,121.74,122.80,119.98,120.20,4032
ARW,02/17/2023,123.17,124.01,122.64,123.28,4405
ARW,02/16/2023,122.74,124.60,121.94,123.66,3693
ARW,02/15/2023,124.52,126.46,123.87,124.36,5413
ARW,02/14/2023,127.51,128.19,125.17,126.17,4282
ARW,02/13/2023,126.50,128.14,125.85,128.05,5368
ARW,02/10/2023,127.70,127.70,125.93,126.65,3694
ARW,02/09/2023,130.57,131.64,127.65,128.33,5815
ARW,02/08/2023,130.53,131.01,128.00,128.59,3375
ARW,02/07/2023,129.66,131.88,129.15,131.28,5247
ARW,02/06/2023,131.59,132.20,129.41,129.66,5019
ARW,02/03/2023,133.19,134.56,131.42,132.51,7423
ARW,02/02/2023,129.11,134.00,124.63,132.53,10912
ARW,02/01/2023,116.61,120.83,116.61,120.30,5414
ARW,01/31/2023,115.47,117.54,114.74,117.49,5683
ARW,01/30/2023,115.92,117.46,115.45,115.59,4115
ARW,01/27/2023,116.89,118.20,116.37,117.31,3838
ARW,01/26/2023,116.73,117.49,114.62,117.40,3333
ARW,01/25/2023,114.78,116.51,113.81,116.50,4908
ARW,01/24/2023,116.22,116.68,115.28,115.85,4775
ARW,01/23/2023,114.90,117.27,114.34,116.78,3647
ARW,01/20/2023,113.89,114.90,112.93,114.90,3514
ARW,01/19/2023,113.17,113.98,111.57,113.32,3468
ARW,01/18/2023,114.35,116.22,113.22,113.80,3818
ARW,01/17/2023,113.86,114.97,113.59,113.95,5963
ARW,01/13/2023,111.30,113.89,111.30,113.86,4765
ARW,01/12/2023,111.80,112.76,111.24,112.15,3394
ARW,01/11/2023,111.57,112.96,111.42,111.69,5461
ARW,01/10/2023,110.26,111.95,109.51,111.21,3846
ARW,01/09/2023,110.99,112.71,110.08,110.14,3361
ARW,01/06/2023,107.20,110.32,106.54,110.08,3864
ARW,01/05/2023,106.01,106.63,104.86,105.72,3766
ARW,01/04/2023,107.43,108.87,106.11,107.04,4469
ARW,01/03/2023,105.72,106.38,104.83,106.14,4008
ARW,12/30/2022,104.56,104.71,103.71,104.57,2397
ARW,12/29/2022,102.17,105.57,101.80,105.47,2622
ARW,12/28/2022,103.88,104.45,101.56,101.56,2512
ARW,12/27/2022,104.01,104.96,103.38,104.10,2396
ARW,12/23/2022,103.26,104.15,102.10,103.93,2773
ARW,12/22/2022,104.38,104.38,101.63,103.34,2983
ARW,12/21/2022,103.80,105.34,103.72,105.27,3533
ARW,12/20/2022,101.66,103.89,101.66,103.25,3856
ARW,12/19/2022,105.60,106.16,101.01,101.90,6450
ARW,12/16/2022,105.13,105.87,104.37,105.12,14560
ARW,12/15/2022,107.95,107.95,105.96,106.19,4337
ARW,12/14/2022,109.48,111.37,107.81,109.28,5264
ARW,12/13/2022,111.44,112.26,108.86,109.79,6122
ARW,12/12/2022,106.75,109.47,106.49,108.68,4522
ARW,12/09/2022,106.69,107.69,106.60,106.74,5377
ARW,12/08/2022,106.03,107.70,105.39,107.00,4399
ARW,12/07/2022,105.24,106.04,103.85,105.64,3943
ARW,12/06/2022,106.06,106.60,104.99,105.82,5498
ARW,12/05/2022,105.65,106.49,104.67,106.06,4456
ARW,12/02/2022,107.67,108.80,106.29,106.71,3892
ARW,12/01/2022,109.42,110.49,108.30,108.60,5460
ARW,11/30/2022,105.98,108.91,104.08,108.74,7878
ARW,11/29/2022,105.78,107.46,105.13,106.23,3162
ARW,11/28/2022,108.79,108.81,105.17,105.89,4349
ARW,11/25/2022,110.10,111.04,109.89,110.07,2100
ARW,11/23/2022,109.29,110.82,109.29,110.19,3232
ARW,11/22/2022,109.18,110.25,108.79,109.38,5890
ARW,11/21/2022,107.74,109.53,107.21,108.68,4119
ARW,11/18/2022,108.58,108.69,106.68,108.07,6125
ARW,11/17/2022,107.37,107.99,105.58,107.10,8125
ARW,11/16/2022,110.35,110.71,109.38,109.38,3600
ARW,11/15/2022,111.63,112.57,110.29,111.31,3805
ARW,11/14/2022,109.97,112.23,109.76,109.85,4889
ARW,11/11/2022,109.30,111.91,108.47,110.70,5558
ARW,11/10/2022,107.07,109.02,106.49,108.98,4825
ARW,11/09/2022,104.95,106.20,103.09,103.26,3373
ARW,11/08/2022,104.72,107.85,104.23,106.25,5843
ARW,11/07/2022,104.20,105.00,101.99,104.29,4095
ARW,11/04/2022,102.52,104.44,101.53,104.20,4890
ARW,11/03/2022,98.64,102.26,98.24,101.20,4664
ARW,11/02/2022,102.03,103.89,100.20,100.29,4021
ARW,11/01/2022,102.37,102.91,100.96,102.77,3879
ARW,10/31/2022,101.58,101.93,99.67,101.26,5804
ARW,10/28/2022,99.81,102.41,99.75,102.31,4246
ARW,10/27/2022,100.25,101.78,98.98,99.70,4021
ARW,10/26/2022,98.25,100.82,97.42,99.39,6213
ARW,10/25/2022,98.51,101.15,98.51,100.07,4389
ARW,10/24/2022,98.76,99.82,97.85,98.61,3275
ARW,10/21/2022,96.02,98.80,95.43,98.75,3885
ARW,10/20/2022,96.22,97.76,94.95,95.53,3798
ARW,10/19/2022,95.69,96.78,94.61,95.80,3885
ARW,10/18/2022,97.49,98.01,96.03,96.42,6247
ARW,10/17/2022,95.22,96.00,94.59,95.48,5047
ARW,10/14/2022,96.35,96.35,93.16,93.25,5483
ARW,10/13/2022,90.00,96.58,89.38,95.80,8033
ARW,10/12/2022,92.53,93.38,91.57,91.63,5229
ARW,10/11/2022,94.25,94.69,92.29,92.41,9285
ARW,10/10/2022,95.48,95.58,94.08,94.46,3868
ARW,10/07/2022,96.37,96.51,94.69,95.54,6755
ARW,10/06/2022,97.80,98.60,97.30,97.53,4903
ARW,10/05/2022,96.92,98.67,96.12,98.20,6056
ARW,10/04/2022,96.87,98.63,96.56,98.54,4135
ARW,10/03/2022,93.46,95.82,92.74,95.13,6086
ARW,09/30/2022,93.06,94.74,92.13,92.19,5822
ARW,09/29/2022,92.93,93.24,91.17,93.03,6177
ARW,09/28/2022,92.54,95.03,92.39,94.25,7696
ARW,09/27/2022,93.37,94.18,91.20,92.72,6158
ARW,09/26/2022,92.88,94.36,92.12,92.23,5591
ARW,09/23/2022,92.89,93.72,92.09,93.28,5499
ARW,09/22/2022,95.70,95.82,94.41,94.44,4619
ARW,09/21/2022,97.09,99.41,95.93,95.93,4623
ARW,09/20/2022,96.45,97.08,95.31,96.48,5583
ARW,09/19/2022,95.44,97.75,95.44,97.40,6153
ARW,09/16/2022,96.92,96.95,94.45,96.11,15909
ARW,09/15/2022,100.40,101.64,99.41,99.81,6228
ARW,09/14/2022,100.57,100.75,98.40,99.12,8285
ARW,09/13/2022,102.48,103.38,100.40,100.70,3602
ARW,09/12/2022,105.37,106.22,104.75,105.27,3503
ARW,09/09/2022,103.35,104.68,103.02,104.25,3225
ARW,09/08/2022,100.21,102.56,99.50,102.52,3741
ARW,09/07/2022,100.15,101.48,99.42,101.22,4172
ARW,09/06/2022,102.70,103.05,100.08,100.54,5179
ARW,09/02/2022,104.64,105.14,102.40,102.70,3635
ARW,09/01/2022,103.32,104.16,102.25,103.26,4575
ARW,08/31/2022,105.37,105.75,103.93,104.81,6270
ARW,08/30/2022,107.53,107.94,104.97,105.48,3597
ARW,08/29/2022,106.54,107.82,106.20,106.91,3382
ARW,08/26/2022,111.39,111.39,107.05,107.19,4127
ARW,08/25/2022,108.97,111.47,108.77,111.38,4291
ARW,08/24/2022,108.92,109.18,107.76,108.36,5279
ARW,08/23/2022,109.72,110.88,109.61,109.64,3245
ARW,08/22/2022,111.14,111.14,109.43,109.66,3779
ARW,08/19/2022,114.49,114.49,112.45,112.71,2783
ARW,08/18/2022,113.13,115.26,113.06,115.09,4721
ARW,08/17/2022,113.78,114.20,111.46,112.79,3125
ARW,08/16/2022,114.22,115.51,114.09,114.67,4235
ARW,08/15/2022,113.95,115.83,113.95,114.65,3702
ARW,08/12/2022,112.08,114.62,112.08,114.39,3344
ARW,08/11/2022,111.71,112.65,110.05,111.49,4615
ARW,08/10/2022,109.18,111.69,108.92,111.42,3771
ARW,08/09/2022,112.75,112.75,107.19,107.70,6776
ARW,08/08/2022,116.42,117.01,112.93,113.39,5906
ARW,08/05/2022,116.90,117.47,114.88,115.77,7601
ARW,08/04/2022,122.90,123.46,118.69,119.11,7292
ARW,08/03/2022,125.88,127.64,125.32,126.90,3734
ARW,08/02/2022,127.23,127.37,125.62,125.68,4788
ARW,08/01/2022,126.83,129.56,126.83,128.02,2996
ARW,07/29/2022,125.35,128.74,125.35,128.17,5660
ARW,07/28/2022,122.98,125.45,122.72,125.24,2658
ARW,07/27/2022,120.64,124.02,119.61,123.12,2732
ARW,07/26/2022,120.12,120.79,119.55,120.18,2213
ARW,07/25/2022,119.88,120.66,119.26,120.17,2426
ARW,07/22/2022,120.47,121.62,119.24,119.61,2748
ARW,07/21/2022,118.35,120.58,117.82,120.47,2634
ARW,07/20/2022,116.68,119.01,115.83,118.53,2991
ARW,07/19/2022,114.75,117.69,114.75,117.14,4619
ARW,07/18/2022,114.15,115.17,112.83,112.94,3379
ARW,07/15/2022,113.04,114.53,111.94,113.67,3472
ARW,07/14/2022,111.39,112.72,109.00,112.64,3198
ARW,07/13/2022,110.56,113.65,110.46,113.07,3091
ARW,07/12/2022,111.04,114.13,111.04,112.11,3739
ARW,07/11/2022,111.08,112.45,110.43,111.08,2601
ARW,07/08/2022,110.93,112.28,110.32,111.91,3886
ARW,07/07/2022,109.93,112.05,109.93,110.68,6572
ARW,07/06/2022,108.93,110.01,107.56,108.91,4402
ARW,07/05/2022,109.34,109.99,105.90,109.25,5663
ARW,07/01/2022,111.65,113.46,109.39,111.76,4588
ARW,06/30/2022,109.99,113.14,108.96,112.09,6096
ARW,06/29/2022,111.30,111.37,109.23,110.40,3376
ARW,06/28/2022,114.19,115.47,111.26,111.35,4013
ARW,06/27/2022,111.87,114.20,111.11,113.78,6218
ARW,06/24/2022,108.55,111.76,108.36,111.06,7697
ARW,06/23/2022,108.19,108.84,106.51,107.28,5917
ARW,06/22/2022,107.46,109.27,107.46,108.16,5049
ARW,06/21/2022,109.31,110.29,107.91,109.30,4547
ARW,06/17/2022,108.10,108.51,106.05,107.69,12295
ARW,06/16/2022,113.45,114.01,105.34,107.06,12803
ARW,06/15/2022,115.48,117.88,114.81,116.41,6316
ARW,06/14/2022,112.97,114.97,112.74,114.04,5599
ARW,06/13/2022,116.66,117.28,112.52,112.87,5173
ARW,06/10/2022,120.34,121.36,119.21,119.27,5670
ARW,06/09/2022,121.41,123.67,121.27,121.81,5937
ARW,06/08/2022,124.13,124.13,121.56,121.96,3643
ARW,06/07/2022,121.64,124.78,121.46,124.61,4567
ARW,06/06/2022,122.81,124.68,122.42,122.84,4737
ARW,06/03/2022,122.81,122.93,121.54,121.95,4669
ARW,06/02/2022,120.21,123.40,119.82,123.33,8348
ARW,06/01/2022,121.19,122.02,118.82,119.85,6900
ARW,05/31/2022,120.11,123.67,118.75,120.65,23173
ARW,05/27/2022,119.89,121.34,119.67,121.33,5409
ARW,05/26/2022,116.36,119.61,116.36,119.15,5516
ARW,05/25/2022,113.15,117.11,113.15,116.35,6662
ARW,05/24/2022,117.59,118.38,112.69,114.02,6843
ARW,05/23/2022,118.60,120.71,117.92,118.70,6137
ARW,05/20/2022,123.55,124.11,115.75,118.32,9026
ARW,05/19/2022,122.54,124.49,122.00,122.80,6144
ARW,05/18/2022,125.90,127.03,122.58,122.77,8830
ARW,05/17/2022,126.58,127.94,125.14,127.42,7535
ARW,05/16/2022,124.30,125.45,122.68,124.55,7499
ARW,05/13/2022,123.00,126.09,122.79,125.07,7727
ARW,05/12/2022,122.67,124.06,119.82,122.15,6498
ARW,05/11/2022,123.79,127.06,123.13,123.29,6821
ARW,05/10/2022,124.78,125.76,122.51,123.80,7955
ARW,05/09/2022,123.99,127.91,123.86,124.74,8596
ARW,05/06/2022,127.00,127.00,123.98,124.93,8528
ARW,05/05/2022,122.84,127.53,121.65,124.47,7229
ARW,05/04/2022,120.79,124.71,119.34,124.65,6483
ARW,05/03/2022,120.72,121.36,118.98,120.25,8063
ARW,05/02/2022,117.16,120.65,116.61,119.99,7218
ARW,04/29/2022,118.62,121.73,117.65,117.86,8188
ARW,04/28/2022,114.85,119.69,114.26,119.35,5936
ARW,04/27/2022,112.50,114.56,111.98,113.12,3726
ARW,04/26/2022,113.50,114.69,111.83,112.70,3858
ARW,04/25/2022,111.71,115.09,109.94,114.59,5777
ARW,04/22/2022,114.94,115.38,112.83,112.94,4616
ARW,04/21/2022,115.39,117.63,115.39,115.79,4483
ARW,04/20/2022,113.22,115.22,113.22,114.57,3128
ARW,04/19/2022,110.24,112.22,110.24,112.03,3166
ARW,04/18/2022,108.77,110.61,108.66,109.98,2210
ARW,04/14/2022,110.32,111.24,109.03,109.07,2934
ARW,04/13/2022,107.93,110.08,107.90,109.81,3253
ARW,04/12/2022,110.39,111.38,107.68,107.94,5747
ARW,04/11/2022,109.50,111.13,109.18,109.26,3846
ARW,04/08/2022,110.45,111.60,109.55,109.86,6035
ARW,04/07/2022,112.24,113.12,110.34,111.50,7030
ARW,04/06/2022,112.56,113.12,111.36,112.40,5553
ARW,04/05/2022,117.57,118.15,113.55,113.88,9162
ARW,04/04/2022,117.04,118.63,116.55,118.23,6027
ARW,04/01/2022,119.64,120.00,115.80,117.12,4476
ARW,03/31/2022,119.95,120.82,118.61,118.63,3827
ARW,03/30/2022,122.96,123.12,120.20,120.54,3712
ARW,03/29/2022,124.57,125.54,122.56,123.24,5860
ARW,03/28/2022,125.28,126.40,122.42,123.16,6903
ARW,03/25/2022,126.51,127.70,125.79,126.70,3573
ARW,03/24/2022,125.35,126.34,124.38,125.97,3076
ARW,03/23/2022,126.29,126.79,124.48,124.52,3305
ARW,03/22/2022,127.74,128.49,126.14,127.08,5432
ARW,03/21/2022,128.10,129.08,125.59,126.97,4275
ARW,03/18/2022,124.81,127.94,124.58,127.68,9331
ARW,03/17/2022,125.14,126.86,124.59,126.58,5825
ARW,03/16/2022,123.85,126.51,122.78,125.95,4990
ARW,03/15/2022,120.35,122.60,120.05,122.29,4313
ARW,03/14/2022,120.34,121.88,118.56,119.98,5787
ARW,03/11/2022,119.33,120.81,118.89,119.86,5501
ARW,03/10/2022,116.09,118.79,116.09,118.55,4020
ARW,03/09/2022,117.03,118.72,116.06,118.19,6442
ARW,03/08/2022,115.04,117.37,112.93,113.88,6219
ARW,03/07/2022,117.98,118.14,114.40,114.42,5735
ARW,03/04/2022,119.18,120.34,117.78,119.02,6292
ARW,03/03/2022,122.57,123.85,120.42,121.08,5907
ARW,03/02/2022,118.12,123.22,118.12,122.58,4034
ARW,03/01/2022,121.27,122.39,116.85,117.45,7043
ARW,02/28/2022,121.02,122.60,120.02,121.88,8573
ARW,02/25/2022,121.17,124.02,120.00,123.43,7632
ARW,02/24/2022,116.16,121.44,115.91,120.71,6978
ARW,02/23/2022,122.68,123.92,120.18,120.22,8804
ARW,02/22/2022,123.13,124.84,120.56,121.84,8063
ARW,02/18/2022,125.00,126.15,122.81,123.74,5840
ARW,02/17/2022,126.34,126.81,124.05,125.16,4268
ARW,02/16/2022,126.27,128.46,125.66,127.70,3812
ARW,02/15/2022,125.50,127.32,124.54,126.97,6226
ARW,02/14/2022,124.95,125.73,123.67,124.57,6770
