BEN,06/23/2023,25.15,25.58,25.12,25.50,3948
BEN,06/22/2023,26.00,26.16,25.46,25.46,21869
BEN,06/21/2023,26.33,26.41,26.09,26.13,25789
BEN,06/20/2023,26.72,26.72,26.22,26.40,31977
BEN,06/16/2023,27.26,27.50,26.90,26.97,32157
BEN,06/15/2023,26.74,27.38,26.73,27.30,23166
BEN,06/14/2023,27.15,27.49,26.72,26.92,30967
BEN,06/13/2023,26.37,27.11,26.29,26.99,35622
BEN,06/12/2023,26.29,26.62,26.06,26.40,46030
BEN,06/09/2023,26.21,26.62,26.16,26.37,29705
BEN,06/08/2023,26.23,26.31,25.95,26.15,23963
BEN,06/07/2023,25.88,26.38,25.77,26.26,33330
BEN,06/06/2023,25.00,25.81,24.97,25.74,25196
BEN,06/05/2023,25.00,25.12,24.70,25.04,19346
BEN,06/02/2023,24.82,25.14,24.75,25.02,26838
BEN,06/01/2023,24.06,24.52,23.96,24.42,33036
BEN,05/31/2023,24.55,24.71,23.85,24.01,65071
BEN,05/30/2023,24.72,24.88,24.53,24.71,25174
BEN,05/26/2023,24.38,24.69,24.27,24.61,20636
BEN,05/25/2023,24.03,24.32,23.94,24.26,23899
BEN,05/24/2023,24.20,24.29,23.92,24.08,24961
BEN,05/23/2023,24.45,24.82,24.35,24.37,25821
BEN,05/22/2023,24.59,24.77,24.34,24.61,19527
BEN,05/19/2023,24.82,24.82,24.19,24.49,21135
BEN,05/18/2023,24.42,24.73,24.24,24.67,28123
BEN,05/17/2023,24.21,24.58,23.98,24.46,21111
BEN,05/16/2023,24.31,24.39,24.02,24.02,15992
BEN,05/15/2023,24.54,24.65,24.39,24.51,20567
BEN,05/12/2023,24.66,24.74,24.23,24.49,23631
BEN,05/11/2023,24.94,24.94,24.24,24.52,38725
BEN,05/10/2023,25.46,25.70,24.89,25.00,31352
BEN,05/09/2023,25.04,25.25,24.92,25.12,19825
BEN,05/08/2023,25.70,25.78,25.09,25.36,30008
BEN,05/05/2023,25.48,25.69,25.36,25.54,27667
BEN,05/04/2023,24.89,25.12,24.51,25.10,34601
BEN,05/03/2023,25.17,25.70,25.04,25.14,30218
BEN,05/02/2023,25.85,25.90,24.75,25.22,45372
BEN,05/01/2023,28.25,28.50,25.97,26.13,53493
BEN,04/28/2023,26.51,27.03,26.45,26.88,63611
BEN,04/27/2023,26.39,26.65,26.18,26.62,23657
BEN,04/26/2023,26.18,26.50,25.99,26.17,21628
BEN,04/25/2023,26.74,26.79,26.22,26.24,24291
BEN,04/24/2023,26.85,27.01,26.60,26.99,23946
BEN,04/21/2023,26.87,26.97,26.56,26.69,25280
BEN,04/20/2023,26.91,26.98,26.76,26.89,16529
BEN,04/19/2023,26.81,27.20,26.73,27.13,28731
BEN,04/18/2023,27.00,27.04,26.50,26.98,24429
BEN,04/17/2023,26.58,26.85,26.45,26.85,19824
BEN,04/14/2023,27.21,27.34,26.56,26.75,31450
BEN,04/13/2023,26.46,26.98,26.38,26.92,25929
BEN,04/12/2023,27.53,27.55,26.39,26.42,34984
BEN,04/11/2023,26.79,27.39,26.75,27.16,25445
BEN,04/10/2023,26.64,26.99,26.40,26.61,30542
BEN,04/06/2023,26.58,26.80,26.50,26.60,26738
BEN,04/05/2023,26.35,26.69,26.33,26.61,31697
BEN,04/04/2023,27.05,27.07,26.45,26.67,28944
BEN,04/03/2023,26.89,27.18,26.71,26.93,33198
BEN,03/31/2023,26.51,26.98,26.45,26.94,27369
BEN,03/30/2023,26.49,26.54,26.11,26.26,17449
BEN,03/29/2023,26.70,26.77,26.35,26.53,22055
BEN,03/28/2023,26.39,26.57,26.16,26.37,17141
BEN,03/27/2023,26.75,26.86,26.18,26.44,29846
BEN,03/24/2023,25.79,26.39,25.59,26.29,28595
BEN,03/23/2023,26.39,26.84,25.96,26.19,27086
BEN,03/22/2023,26.87,27.05,26.29,26.30,42899
BEN,03/21/2023,27.00,27.14,26.81,26.94,31147
BEN,03/20/2023,26.67,26.75,26.14,26.34,37288
BEN,03/17/2023,26.64,26.67,26.11,26.27,189287
BEN,03/16/2023,26.63,27.36,26.16,26.96,40273
BEN,03/15/2023,26.49,27.11,26.34,26.90,52852
BEN,03/14/2023,27.83,27.99,26.95,27.32,49988
BEN,03/13/2023,26.37,27.75,26.10,27.05,84974
BEN,03/10/2023,27.78,28.26,27.17,27.57,53484
BEN,03/09/2023,28.61,28.82,27.77,27.83,31679
BEN,03/08/2023,28.28,28.79,28.17,28.63,31256
BEN,03/07/2023,29.19,29.33,28.19,28.25,35144
BEN,03/06/2023,29.69,29.80,29.19,29.22,26123
BEN,03/03/2023,29.32,29.62,29.01,29.59,19270
BEN,03/02/2023,28.69,29.18,28.54,29.06,21776
BEN,03/01/2023,29.32,29.44,28.62,29.10,34556
BEN,02/28/2023,29.59,29.86,29.43,29.47,44516
BEN,02/27/2023,29.78,29.90,29.46,29.47,24002
BEN,02/24/2023,29.27,29.42,29.04,29.29,25289
BEN,02/23/2023,30.06,30.23,29.33,29.76,19474
BEN,02/22/2023,29.90,30.26,29.56,29.77,24167
BEN,02/21/2023,30.80,30.95,29.72,29.90,26912
BEN,02/17/2023,31.08,31.34,30.84,31.33,32280
BEN,02/16/2023,31.19,31.59,30.95,31.20,20260
BEN,02/15/2023,31.41,31.78,31.31,31.74,18504
BEN,02/14/2023,31.58,31.93,31.18,31.71,24535
BEN,02/13/2023,30.95,31.78,30.83,31.76,26647
BEN,02/10/2023,30.67,30.99,30.26,30.92,55645
BEN,02/09/2023,31.68,31.88,30.65,30.83,31850
BEN,02/08/2023,31.87,32.12,31.41,31.50,26530
BEN,02/07/2023,31.96,32.65,31.83,32.12,31322
BEN,02/06/2023,32.88,32.88,32.02,32.12,31907
BEN,02/03/2023,33.23,33.81,32.99,33.27,62039
BEN,02/02/2023,32.50,34.36,32.42,33.82,61138
BEN,02/01/2023,30.95,32.25,30.56,32.01,57283
BEN,01/31/2023,31.10,31.43,30.69,31.20,167704
BEN,01/30/2023,30.16,31.81,29.86,31.26,82094
BEN,01/27/2023,30.25,30.77,29.92,30.72,59546
BEN,01/26/2023,30.32,30.56,29.84,30.29,44542
BEN,01/25/2023,29.43,30.22,29.00,30.19,37778
BEN,01/24/2023,30.00,30.45,29.86,29.93,29179
BEN,01/23/2023,30.06,30.60,29.97,30.35,31241
BEN,01/20/2023,29.50,30.12,29.21,30.04,26386
BEN,01/19/2023,29.44,29.50,29.05,29.34,36720
BEN,01/18/2023,29.85,30.41,29.74,29.91,51112
BEN,01/17/2023,30.05,30.16,29.72,29.78,24215
BEN,01/13/2023,29.52,30.17,29.38,30.07,33311
BEN,01/12/2023,29.66,30.05,29.19,29.83,44338
BEN,01/11/2023,29.41,29.62,29.28,29.47,33918
BEN,01/10/2023,28.50,29.18,28.45,29.15,25606
BEN,01/09/2023,28.53,28.97,28.27,28.51,34559
BEN,01/06/2023,27.70,28.41,27.59,28.38,28895
BEN,01/05/2023,27.59,27.73,27.15,27.33,19541
BEN,01/04/2023,27.53,27.99,27.39,27.83,33848
BEN,01/03/2023,26.82,27.37,26.70,27.12,42135
BEN,12/30/2022,26.50,26.67,26.08,26.38,27709
BEN,12/29/2022,26.09,27.06,26.05,26.83,23843
BEN,12/28/2022,26.87,27.07,26.14,26.16,23639
BEN,12/27/2022,26.85,27.01,26.67,26.91,39493
BEN,12/23/2022,26.52,26.88,26.43,26.85,20008
BEN,12/22/2022,26.57,26.75,25.92,26.59,23686
BEN,12/21/2022,26.36,27.07,26.36,26.91,24237
BEN,12/20/2022,25.71,26.08,25.58,26.01,27817
BEN,12/19/2022,25.77,26.01,25.54,25.78,31423
BEN,12/16/2022,25.68,26.18,25.40,25.74,73207
BEN,12/15/2022,26.43,26.66,25.97,26.08,40154
BEN,12/14/2022,27.50,27.93,26.91,27.10,41450
BEN,12/13/2022,28.12,28.81,27.08,27.70,50230
BEN,12/12/2022,26.60,27.04,26.36,27.04,28673
BEN,12/09/2022,26.81,27.12,26.51,26.59,20116
BEN,12/08/2022,26.91,26.99,26.67,26.87,19375
BEN,12/07/2022,26.52,27.19,26.39,26.78,26249
BEN,12/06/2022,27.06,27.10,26.41,26.60,34229
BEN,12/05/2022,27.12,27.37,26.80,27.11,29183
BEN,12/02/2022,26.95,27.37,26.60,27.25,33504
BEN,12/01/2022,26.91,27.42,26.69,27.28,44386
BEN,11/30/2022,26.24,26.90,25.47,26.81,38500
BEN,11/29/2022,26.04,26.42,25.95,26.30,19432
BEN,11/28/2022,26.39,26.61,25.97,26.02,18792
BEN,11/25/2022,26.48,26.82,26.46,26.77,7760
BEN,11/23/2022,26.40,26.61,26.28,26.55,15614
BEN,11/22/2022,26.26,26.66,26.17,26.48,21141
BEN,11/21/2022,25.98,26.24,25.90,26.12,18699
BEN,11/18/2022,26.59,26.69,25.89,26.15,22362
BEN,11/17/2022,25.97,26.15,25.55,26.13,23581
BEN,11/16/2022,26.76,26.87,26.26,26.44,22558
BEN,11/15/2022,27.06,27.53,26.54,26.92,50133
BEN,11/14/2022,27.00,27.50,26.44,26.46,59044
BEN,11/11/2022,25.76,27.56,25.68,27.33,54915
BEN,11/10/2022,23.73,25.62,23.64,25.61,58230
BEN,11/09/2022,23.26,23.31,22.64,22.70,30397
BEN,11/08/2022,23.21,23.74,23.06,23.52,32294
BEN,11/07/2022,23.40,23.62,22.80,23.22,31752
BEN,11/04/2022,22.80,23.38,22.68,23.33,33200
BEN,11/03/2022,22.18,22.75,21.95,22.42,35848
BEN,11/02/2022,22.51,23.41,22.36,22.56,68566
BEN,11/01/2022,23.50,23.65,21.58,22.60,88074
BEN,10/31/2022,23.51,23.91,23.23,23.45,66635
BEN,10/28/2022,23.29,23.76,22.93,23.72,37645
BEN,10/27/2022,23.71,23.89,23.24,23.31,33576
BEN,10/26/2022,23.47,23.70,23.30,23.45,24936
BEN,10/25/2022,22.82,23.58,22.68,23.45,29643
BEN,10/24/2022,22.76,22.95,22.62,22.82,20752
BEN,10/21/2022,21.77,22.61,21.62,22.53,25545
BEN,10/20/2022,22.28,22.55,21.62,21.74,22005
BEN,10/19/2022,22.32,22.60,21.93,22.25,27206
BEN,10/18/2022,22.82,22.88,22.27,22.52,22797
BEN,10/17/2022,22.26,22.56,22.06,22.23,25899
BEN,10/14/2022,22.33,22.83,21.62,21.71,28295
BEN,10/13/2022,20.62,22.33,20.24,22.21,44429
BEN,10/12/2022,21.29,21.42,20.74,21.11,37598
BEN,10/11/2022,21.53,21.84,21.20,21.38,29649
BEN,10/10/2022,22.01,22.13,21.60,21.72,27774
BEN,10/07/2022,22.60,22.71,21.66,21.85,35179
BEN,10/06/2022,23.26,23.50,22.92,22.95,22649
BEN,10/05/2022,23.00,23.40,22.84,23.32,24315
BEN,10/04/2022,22.90,23.44,22.81,23.42,39636
BEN,10/03/2022,21.78,22.48,21.52,22.44,40880
BEN,09/30/2022,22.07,22.14,21.45,21.52,42513
BEN,09/29/2022,22.40,22.63,21.99,22.20,30088
BEN,09/28/2022,22.76,23.14,22.64,23.04,22343
BEN,09/27/2022,23.16,23.40,22.46,22.64,24574
BEN,09/26/2022,23.23,23.60,22.88,22.90,28133
BEN,09/23/2022,23.35,23.55,22.95,23.41,24725
BEN,09/22/2022,24.35,24.40,23.69,23.71,24198
BEN,09/21/2022,24.72,25.08,24.24,24.25,37427
BEN,09/20/2022,24.57,24.73,24.32,24.54,29121
BEN,09/19/2022,23.89,24.84,23.82,24.82,22809
BEN,09/16/2022,24.26,24.33,23.88,24.14,54522
BEN,09/15/2022,24.53,25.00,24.42,24.53,46794
BEN,09/14/2022,24.76,24.87,24.29,24.54,34189
BEN,09/13/2022,26.00,26.09,24.40,24.64,42620
BEN,09/12/2022,26.68,26.83,26.41,26.75,27374
BEN,09/09/2022,26.54,26.62,26.33,26.38,20239
BEN,09/08/2022,25.45,26.27,25.11,26.26,29237
BEN,09/07/2022,25.83,26.10,25.57,26.05,24038
BEN,09/06/2022,26.01,26.18,25.60,25.91,32058
BEN,09/02/2022,26.29,26.48,25.74,25.89,25913
BEN,09/01/2022,25.90,25.94,25.51,25.93,28620
BEN,08/31/2022,26.29,26.43,25.99,26.07,23644
BEN,08/30/2022,26.27,26.38,25.90,26.16,25985
BEN,08/29/2022,26.30,26.60,26.08,26.11,36381
BEN,08/26/2022,27.40,27.51,26.37,26.49,54378
BEN,08/25/2022,27.16,27.55,27.11,27.37,9960
BEN,08/24/2022,27.07,27.20,26.91,27.07,13188
BEN,08/23/2022,27.03,27.34,26.95,27.03,21281
BEN,08/22/2022,27.27,27.29,26.84,26.98,24301
BEN,08/19/2022,28.15,28.32,27.59,27.71,16989
BEN,08/18/2022,28.38,28.52,28.21,28.46,12464
BEN,08/17/2022,28.29,28.44,27.93,28.40,20819
BEN,08/16/2022,28.68,29.03,28.63,28.79,13122
BEN,08/15/2022,28.75,28.99,28.68,28.85,15475
BEN,08/12/2022,28.92,29.07,28.63,29.02,16540
BEN,08/11/2022,28.68,28.95,28.62,28.67,14639
BEN,08/10/2022,28.09,28.59,27.92,28.39,18848
BEN,08/09/2022,27.79,27.85,27.31,27.52,16154
BEN,08/08/2022,27.83,28.17,27.79,27.85,15512
BEN,08/05/2022,27.40,27.93,27.29,27.65,15679
BEN,08/04/2022,27.51,27.78,27.32,27.63,18797
BEN,08/03/2022,27.66,27.74,27.35,27.57,15354
BEN,08/02/2022,27.65,27.77,27.18,27.38,32745
BEN,08/01/2022,27.31,28.05,27.14,27.94,33283
BEN,07/29/2022,26.76,27.77,26.61,27.45,64046
BEN,07/28/2022,26.00,26.99,25.11,26.56,44081
BEN,07/27/2022,25.13,25.49,24.79,25.43,35367
BEN,07/26/2022,25.00,25.23,24.75,24.87,28355
BEN,07/25/2022,25.40,25.40,25.03,25.23,24616
BEN,07/22/2022,25.75,25.90,25.07,25.30,27125
BEN,07/21/2022,25.39,25.67,25.21,25.62,22466
BEN,07/20/2022,25.26,25.51,24.96,25.42,26293
BEN,07/19/2022,24.89,25.43,24.89,25.37,20761
BEN,07/18/2022,24.81,24.93,24.41,24.50,24949
BEN,07/15/2022,24.77,24.90,24.16,24.62,27745
BEN,07/14/2022,23.65,24.38,23.60,24.31,31514
BEN,07/13/2022,23.59,24.22,23.23,24.08,40316
BEN,07/12/2022,23.69,24.52,23.65,24.03,38474
BEN,07/11/2022,23.67,23.84,23.35,23.63,33953
BEN,07/08/2022,24.37,24.39,23.70,23.87,28975
BEN,07/07/2022,23.90,24.30,23.82,24.29,33755
BEN,07/06/2022,23.77,23.92,23.44,23.69,27171
BEN,07/05/2022,23.03,23.83,22.76,23.82,21504
BEN,07/01/2022,23.22,23.72,23.12,23.58,28195
BEN,06/30/2022,22.69,23.61,22.61,23.31,39859
BEN,06/29/2022,23.94,24.00,23.01,23.27,48904
BEN,06/28/2022,25.33,25.64,24.66,24.68,31894
BEN,06/27/2022,25.43,25.50,24.95,25.13,22069
BEN,06/24/2022,24.66,25.45,24.64,25.34,31806
BEN,06/23/2022,24.09,24.41,23.86,24.37,18778
BEN,06/22/2022,23.78,24.29,23.78,24.10,18208
BEN,06/21/2022,23.93,24.32,23.72,24.18,27088
BEN,06/17/2022,23.40,23.64,22.94,23.31,44558
BEN,06/16/2022,23.12,23.19,22.75,23.15,34747
BEN,06/15/2022,23.37,24.11,23.30,23.78,28979
BEN,06/14/2022,23.20,23.43,22.89,23.08,30680
BEN,06/13/2022,23.77,24.02,22.97,23.07,31377
BEN,06/10/2022,25.00,25.11,24.55,24.56,33402
BEN,06/09/2022,25.83,26.11,25.61,25.65,20106
BEN,06/08/2022,26.58,26.81,25.83,25.88,23479
BEN,06/07/2022,26.62,26.95,26.35,26.94,27991
BEN,06/06/2022,26.65,27.17,26.50,26.78,15372
BEN,06/03/2022,26.56,26.74,26.42,26.46,13259
BEN,06/02/2022,26.63,26.87,26.36,26.86,15986
BEN,06/01/2022,27.00,27.21,26.22,26.56,21296
BEN,05/31/2022,27.36,27.56,26.93,27.08,50061
BEN,05/27/2022,27.38,27.58,27.25,27.55,17194
BEN,05/26/2022,26.61,27.34,26.49,27.21,20186
BEN,05/25/2022,25.76,26.60,25.76,26.45,22713
BEN,05/24/2022,25.82,26.03,25.11,25.96,26709
BEN,05/23/2022,26.24,26.34,25.78,26.00,25055
BEN,05/20/2022,25.49,25.81,25.10,25.80,33166
BEN,05/19/2022,24.82,25.49,24.76,25.11,30531
BEN,05/18/2022,25.50,25.80,25.11,25.23,31899
BEN,05/17/2022,25.55,25.93,25.19,25.84,23377
BEN,05/16/2022,24.86,25.14,24.41,24.93,22075
BEN,05/13/2022,24.91,25.28,24.72,25.09,26229
BEN,05/12/2022,23.71,24.57,23.63,24.52,34629
BEN,05/11/2022,24.36,24.58,23.72,23.88,36704
BEN,05/10/2022,25.11,25.46,24.05,24.53,37159
BEN,05/09/2022,24.65,25.22,24.51,24.84,45177
BEN,05/06/2022,25.05,25.34,24.50,25.01,32329
BEN,05/05/2022,26.18,26.38,24.51,25.04,50516
BEN,05/04/2022,25.45,26.91,25.14,26.80,44683
BEN,05/03/2022,25.07,26.36,24.93,25.55,70390
BEN,05/02/2022,24.61,25.35,24.45,25.33,52008
BEN,04/29/2022,25.84,26.09,24.52,24.59,122307
BEN,04/28/2022,25.99,26.11,25.30,25.95,36986
BEN,04/27/2022,25.76,26.06,25.54,25.64,29235
BEN,04/26/2022,26.30,26.44,25.56,25.78,36672
BEN,04/25/2022,26.22,26.64,25.57,26.63,36777
BEN,04/22/2022,26.40,26.88,26.29,26.39,42896
BEN,04/21/2022,27.05,27.27,26.34,26.48,30984
BEN,04/20/2022,27.04,27.23,26.65,26.69,21791
BEN,04/19/2022,25.77,26.81,25.69,26.76,23777
BEN,04/18/2022,25.50,25.84,25.33,25.68,33272
BEN,04/14/2022,26.30,26.53,25.55,25.57,26643
BEN,04/13/2022,25.62,26.23,25.45,26.18,27934
BEN,04/12/2022,26.02,26.45,25.60,25.77,48510
BEN,04/11/2022,26.14,26.69,26.11,26.18,26388
BEN,04/08/2022,26.35,26.81,25.98,26.28,31428
BEN,04/07/2022,26.62,26.76,25.58,26.36,31908
BEN,04/06/2022,27.33,27.48,26.65,26.80,29360
BEN,04/05/2022,27.85,28.06,27.47,27.65,27160
BEN,04/04/2022,27.90,28.38,27.64,28.02,20776
BEN,04/01/2022,28.07,28.25,27.58,27.93,38797
BEN,03/31/2022,28.31,28.63,27.91,27.92,24614
BEN,03/30/2022,28.88,29.09,28.26,28.39,17938
BEN,03/29/2022,28.51,29.03,28.40,28.98,28528
BEN,03/28/2022,27.75,28.00,27.43,27.99,15779
BEN,03/25/2022,27.67,28.05,27.57,27.83,25268
BEN,03/24/2022,27.35,27.60,27.21,27.60,19074
BEN,03/23/2022,27.88,27.97,27.20,27.22,21964
BEN,03/22/2022,28.04,28.35,27.92,28.09,19438
BEN,03/21/2022,27.93,28.31,27.37,27.65,32241
BEN,03/18/2022,27.92,28.14,27.43,27.92,63974
BEN,03/17/2022,27.54,28.01,27.42,27.94,30809
BEN,03/16/2022,27.45,28.33,27.19,27.87,45316
BEN,03/15/2022,27.08,27.44,26.45,26.97,40213
BEN,03/14/2022,27.79,27.94,26.62,26.83,43379
BEN,03/11/2022,27.62,27.85,27.24,27.26,34634
BEN,03/10/2022,27.96,28.27,26.48,27.23,48820
BEN,03/09/2022,28.52,28.93,28.45,28.54,35654
BEN,03/08/2022,27.50,28.27,27.23,27.61,27735
BEN,03/07/2022,27.99,28.14,27.05,27.21,33971
BEN,03/04/2022,28.60,28.68,27.76,28.20,25109
BEN,03/03/2022,29.58,29.90,28.90,29.21,29500
BEN,03/02/2022,28.36,29.58,28.25,29.45,27655
BEN,03/01/2022,29.45,29.64,27.96,28.08,33313
BEN,02/28/2022,29.49,30.07,29.34,29.73,28999
BEN,02/25/2022,29.09,30.22,29.08,30.21,29256
BEN,02/24/2022,28.17,29.08,27.70,28.96,25502
BEN,02/23/2022,29.80,29.97,28.94,29.03,22919
BEN,02/22/2022,30.28,30.28,29.10,29.51,28629
BEN,02/18/2022,29.99,30.45,29.86,30.37,33175
BEN,02/17/2022,31.01,31.08,30.02,30.11,16332
BEN,02/16/2022,30.80,31.53,30.80,31.38,17333
BEN,02/15/2022,30.77,31.16,30.70,31.07,17626
BEN,02/14/2022,30.60,30.98,29.95,30.40,24535
