BERY,06/23/2023,62.33,62.61,61.47,62.56,1093
BERY,06/22/2023,62.95,63.26,62.10,63.11,10577
BERY,06/21/2023,62.71,63.57,62.18,63.22,12978
BERY,06/20/2023,63.98,64.16,62.62,62.77,28378
BERY,06/16/2023,63.94,64.77,63.21,64.72,215575
BERY,06/15/2023,62.48,63.47,62.38,63.36,14452
BERY,06/14/2023,63.24,63.57,62.43,62.64,11096
BERY,06/13/2023,61.99,63.22,61.99,63.11,12590
BERY,06/12/2023,60.80,62.33,60.67,61.99,13584
BERY,06/09/2023,61.55,61.66,61.01,61.30,10606
BERY,06/08/2023,62.15,62.27,61.22,61.60,10171
BERY,06/07/2023,61.46,62.58,61.30,62.19,14555
BERY,06/06/2023,60.43,61.76,60.43,61.46,13060
BERY,06/05/2023,61.31,61.72,60.62,60.78,15153
BERY,06/02/2023,58.66,60.07,58.60,59.94,6162
BERY,06/01/2023,57.47,58.12,57.30,57.82,5441
BERY,05/31/2023,57.46,57.76,56.84,57.21,7503
BERY,05/30/2023,58.88,59.37,57.96,58.22,7431
BERY,05/26/2023,58.94,59.73,58.94,59.01,6142
BERY,05/25/2023,59.56,60.34,58.75,58.95,7984
BERY,05/24/2023,59.39,60.17,58.45,59.99,13528
BERY,05/23/2023,58.82,59.49,58.42,58.53,6088
BERY,05/22/2023,58.03,59.24,57.78,59.01,8446
BERY,05/19/2023,59.00,59.08,58.05,58.11,12834
BERY,05/18/2023,58.37,58.95,57.99,58.88,3992
BERY,05/17/2023,57.98,58.73,57.90,58.67,6209
BERY,05/16/2023,58.69,58.70,57.73,57.74,4857
BERY,05/15/2023,57.78,58.92,57.56,58.87,9520
BERY,05/12/2023,58.13,58.39,57.04,57.46,7995
BERY,05/11/2023,58.21,58.50,57.40,58.02,5534
BERY,05/10/2023,59.87,60.19,58.03,58.34,16735
BERY,05/09/2023,58.40,59.42,58.29,59.41,10347
BERY,05/08/2023,58.02,58.90,57.70,58.73,8846
BERY,05/05/2023,56.98,57.99,56.92,57.66,7841
BERY,05/04/2023,58.14,60.00,55.76,56.45,19705
BERY,05/03/2023,56.14,56.37,53.83,54.05,15527
BERY,05/02/2023,57.59,57.59,55.40,56.23,6750
BERY,05/01/2023,57.85,58.48,57.76,57.95,5857
BERY,04/28/2023,56.68,58.15,56.54,57.81,6160
BERY,04/27/2023,56.20,56.65,55.65,56.65,5749
BERY,04/26/2023,56.33,56.51,55.48,55.83,3975
BERY,04/25/2023,57.41,57.63,56.44,56.47,4870
BERY,04/24/2023,57.99,58.22,57.68,58.01,4213
BERY,04/21/2023,58.34,58.34,57.44,57.90,4621
BERY,04/20/2023,58.12,58.43,57.97,58.23,5636
BERY,04/19/2023,58.69,58.85,58.32,58.67,3441
BERY,04/18/2023,58.74,59.16,58.33,58.85,4507
BERY,04/17/2023,58.30,58.64,57.65,58.59,4714
BERY,04/14/2023,58.39,58.87,58.05,58.25,5250
BERY,04/13/2023,58.26,58.76,57.56,58.60,3967
BERY,04/12/2023,58.42,58.60,57.85,58.08,5775
BERY,04/11/2023,58.37,58.53,57.83,57.85,3916
BERY,04/10/2023,57.25,58.07,57.25,58.06,5610
BERY,04/06/2023,57.87,58.09,57.26,57.75,4926
BERY,04/05/2023,57.34,57.75,56.79,57.73,7310
BERY,04/04/2023,58.44,58.44,56.92,57.44,5008
BERY,04/03/2023,58.75,59.11,58.11,58.51,6578
BERY,03/31/2023,58.26,58.94,57.92,58.90,4524
BERY,03/30/2023,58.13,58.33,57.63,57.92,5736
BERY,03/29/2023,57.80,58.00,57.27,57.58,7270
BERY,03/28/2023,56.80,57.50,56.56,57.26,7704
BERY,03/27/2023,56.97,57.23,56.57,56.80,7309
BERY,03/24/2023,55.32,56.42,54.92,56.26,6124
BERY,03/23/2023,56.65,57.50,55.49,56.11,6119
BERY,03/22/2023,56.51,57.84,56.34,56.53,9069
BERY,03/21/2023,56.92,57.31,56.43,56.64,8005
BERY,03/20/2023,55.14,56.45,55.14,55.69,9750
BERY,03/17/2023,55.78,55.78,54.15,54.37,13205
BERY,03/16/2023,54.79,56.50,54.51,56.17,14039
BERY,03/15/2023,56.10,56.34,54.40,55.36,12624
BERY,03/14/2023,57.84,58.31,56.97,57.45,6446
BERY,03/13/2023,56.83,57.38,56.00,56.68,9165
BERY,03/10/2023,59.20,59.34,56.83,57.62,9963
BERY,03/09/2023,60.71,61.18,59.26,59.26,10207
BERY,03/08/2023,61.39,61.48,59.97,60.52,9175
BERY,03/07/2023,61.06,61.77,59.89,61.32,7905
BERY,03/06/2023,63.73,63.73,61.54,61.85,11583
BERY,03/03/2023,63.81,64.07,63.08,63.89,6396
BERY,03/02/2023,63.04,63.68,62.85,63.47,8653
BERY,03/01/2023,61.79,63.58,61.79,63.43,10159
BERY,02/28/2023,61.71,62.60,61.39,62.10,8084
BERY,02/27/2023,61.90,62.62,61.65,61.86,7939
BERY,02/24/2023,60.51,61.58,60.32,61.34,6147
BERY,02/23/2023,61.51,61.84,60.42,61.23,9890
BERY,02/22/2023,61.64,61.77,60.78,61.09,10365
BERY,02/21/2023,62.50,62.77,61.09,61.36,7606
BERY,02/17/2023,62.58,63.04,62.40,62.89,8331
BERY,02/16/2023,62.42,63.24,62.42,62.54,5814
BERY,02/15/2023,62.68,63.85,62.56,63.58,6763
BERY,02/14/2023,63.00,63.59,62.75,63.10,7232
BERY,02/13/2023,62.50,63.23,62.09,63.02,8189
BERY,02/10/2023,61.30,62.36,61.10,62.24,12125
BERY,02/09/2023,62.17,62.57,61.43,61.43,15190
BERY,02/08/2023,62.83,62.84,61.48,61.64,10457
BERY,02/07/2023,63.04,63.46,62.15,63.30,9618
BERY,02/06/2023,64.11,64.24,63.38,63.38,8953
BERY,02/03/2023,65.00,65.00,63.79,64.30,14921
BERY,02/02/2023,63.00,66.21,62.60,65.39,24895
BERY,02/01/2023,61.02,61.99,60.49,61.69,11190
BERY,01/31/2023,60.33,61.76,59.78,61.73,10947
BERY,01/30/2023,59.62,60.76,59.62,59.95,7179
BERY,01/27/2023,58.96,60.23,58.86,59.88,5958
BERY,01/26/2023,58.24,59.36,58.23,59.31,8759
BERY,01/25/2023,58.33,58.47,57.55,58.17,9974
BERY,01/24/2023,59.72,59.86,58.87,58.98,6502
BERY,01/23/2023,59.33,60.12,59.33,59.87,7489
BERY,01/20/2023,59.10,59.44,58.58,59.40,7997
BERY,01/19/2023,59.45,59.67,58.63,58.85,9354
BERY,01/18/2023,61.03,61.19,59.83,59.87,7790
BERY,01/17/2023,61.43,61.92,60.60,60.90,6425
BERY,01/13/2023,61.19,61.75,61.19,61.55,6970
BERY,01/12/2023,61.94,61.97,61.53,61.75,5405
BERY,01/11/2023,61.92,62.28,61.56,61.79,7424
BERY,01/10/2023,61.49,61.94,61.22,61.49,7043
BERY,01/09/2023,61.85,62.61,61.45,61.59,8492
BERY,01/06/2023,61.50,61.83,61.16,61.50,10166
BERY,01/05/2023,60.61,60.99,59.87,60.78,8583
BERY,01/04/2023,61.00,61.73,60.53,61.52,6881
BERY,01/03/2023,60.67,61.09,59.83,60.46,5171
BERY,12/30/2022,60.18,60.63,59.95,60.43,5310
BERY,12/29/2022,59.68,60.79,59.68,60.66,6469
BERY,12/28/2022,60.87,60.99,59.39,59.41,6534
BERY,12/27/2022,59.92,61.17,59.69,60.80,7680
BERY,12/23/2022,58.87,59.88,58.74,59.83,6648
BERY,12/22/2022,58.84,58.95,58.09,58.87,10605
BERY,12/21/2022,59.34,59.56,58.92,59.35,8916
BERY,12/20/2022,58.95,59.40,58.63,58.84,11202
BERY,12/19/2022,59.75,60.24,58.72,58.96,13029
BERY,12/16/2022,59.32,60.28,59.11,59.75,14766
BERY,12/15/2022,60.42,60.74,59.99,60.04,13204
BERY,12/14/2022,61.46,62.17,60.53,61.29,11969
BERY,12/13/2022,62.32,62.88,61.36,61.69,9930
BERY,12/12/2022,60.13,60.98,60.00,60.98,6986
BERY,12/09/2022,60.36,61.07,59.75,60.03,15423
BERY,12/08/2022,61.16,61.60,60.47,60.65,9104
BERY,12/07/2022,61.22,61.92,60.50,60.76,7994
BERY,12/06/2022,60.98,62.16,60.54,61.47,12932
BERY,12/05/2022,60.35,61.20,59.86,60.85,8079
BERY,12/02/2022,59.92,61.39,59.87,60.88,13569
BERY,12/01/2022,59.31,60.56,59.10,60.56,18514
BERY,11/30/2022,56.50,58.87,56.35,58.60,22071
BERY,11/29/2022,56.44,57.83,56.32,57.15,12128
BERY,11/28/2022,56.77,57.49,56.54,56.61,10651
BERY,11/25/2022,57.16,57.61,56.92,57.18,4956
BERY,11/23/2022,55.76,57.19,55.51,56.90,6849
BERY,11/22/2022,54.47,55.81,54.35,55.75,10606
BERY,11/21/2022,54.33,55.08,53.96,54.17,11485
BERY,11/18/2022,55.61,55.61,53.84,54.65,6197
BERY,11/17/2022,52.07,54.67,52.07,54.67,9301
BERY,11/16/2022,52.57,53.29,51.94,53.00,13103
BERY,11/15/2022,54.09,54.84,52.36,52.95,27056
BERY,11/14/2022,51.83,52.17,50.84,51.04,12703
BERY,11/11/2022,52.31,52.58,51.50,52.07,10086
BERY,11/10/2022,50.80,51.96,50.76,51.96,9013
BERY,11/09/2022,48.50,49.29,48.26,48.68,6785
BERY,11/08/2022,49.08,49.83,48.70,48.91,11367
BERY,11/07/2022,48.17,48.73,47.62,48.73,6031
BERY,11/04/2022,46.97,48.42,46.71,47.85,6145
BERY,11/03/2022,45.92,46.52,45.22,46.15,6704
BERY,11/02/2022,47.74,47.84,46.28,46.34,6931
BERY,11/01/2022,47.99,48.22,47.10,47.75,6563
BERY,10/31/2022,47.98,47.98,47.13,47.32,6545
BERY,10/28/2022,46.74,48.33,46.54,48.26,7884
BERY,10/27/2022,47.74,47.90,46.25,46.48,12074
BERY,10/26/2022,47.54,48.24,46.93,47.29,10357
BERY,10/25/2022,46.75,47.74,46.22,47.49,8252
BERY,10/24/2022,47.59,47.81,46.78,47.04,8911
BERY,10/21/2022,46.03,47.58,46.02,47.46,3872
BERY,10/20/2022,47.83,48.19,45.81,46.17,4346
BERY,10/19/2022,47.93,48.36,46.97,47.44,3758
BERY,10/18/2022,48.54,49.09,47.67,48.32,4329
BERY,10/17/2022,47.49,48.19,47.40,47.65,6501
BERY,10/14/2022,47.45,47.97,46.44,46.60,4992
BERY,10/13/2022,45.06,47.76,44.52,47.18,7865
BERY,10/12/2022,46.94,46.94,45.98,45.99,8758
BERY,10/11/2022,46.32,47.26,46.01,46.76,8446
BERY,10/10/2022,46.95,47.38,46.37,46.69,5319
BERY,10/07/2022,47.75,47.75,46.26,46.70,6360
BERY,10/06/2022,48.63,49.03,48.05,48.41,6818
BERY,10/05/2022,48.33,49.24,48.19,48.96,5003
BERY,10/04/2022,48.83,49.16,48.42,49.09,8793
BERY,10/03/2022,46.99,48.06,46.65,47.59,10629
BERY,09/30/2022,46.56,47.56,46.37,46.53,8021
BERY,09/29/2022,46.86,47.01,46.01,46.80,6362
BERY,09/28/2022,46.32,47.90,46.10,47.64,6475
BERY,09/27/2022,47.08,47.32,45.52,46.00,7926
BERY,09/26/2022,47.17,47.61,46.27,46.40,12504
BERY,09/23/2022,46.80,47.49,46.50,47.49,13764
BERY,09/22/2022,49.29,49.52,47.73,47.74,8723
BERY,09/21/2022,50.82,50.96,49.34,49.37,8960
BERY,09/20/2022,51.99,51.99,50.19,50.65,10203
BERY,09/19/2022,51.42,52.64,51.13,52.57,6800
BERY,09/16/2022,52.79,53.01,50.95,51.82,22914
BERY,09/15/2022,53.49,54.34,53.15,53.69,8703
BERY,09/14/2022,55.52,55.52,52.69,53.44,10562
BERY,09/13/2022,56.93,56.93,55.27,55.57,5628
BERY,09/12/2022,58.32,59.13,58.07,58.34,5029
BERY,09/09/2022,56.55,57.91,56.48,57.85,8796
BERY,09/08/2022,54.82,56.31,54.58,56.15,6905
BERY,09/07/2022,53.44,55.48,53.32,55.45,6785
BERY,09/06/2022,54.20,54.62,52.87,53.26,7468
BERY,09/02/2022,54.61,55.17,53.69,53.99,5823
BERY,09/01/2022,53.81,53.98,53.26,53.95,8073
BERY,08/31/2022,55.36,55.36,54.23,54.33,7866
BERY,08/30/2022,56.38,56.56,54.99,55.18,7366
BERY,08/29/2022,55.24,56.36,55.01,55.97,6925
BERY,08/26/2022,58.03,58.09,55.74,55.74,5612
BERY,08/25/2022,58.12,58.58,57.60,58.31,5945
BERY,08/24/2022,58.06,58.06,57.08,57.62,3958
BERY,08/23/2022,57.17,57.91,56.70,57.86,4927
BERY,08/22/2022,57.61,57.67,56.85,56.96,5691
BERY,08/19/2022,59.12,59.18,58.45,58.70,6103
BERY,08/18/2022,59.45,59.89,59.16,59.50,7640
BERY,08/17/2022,60.31,60.44,59.72,59.75,5942
BERY,08/16/2022,60.02,61.50,60.02,61.22,8807
BERY,08/15/2022,59.35,60.65,59.35,60.44,5496
BERY,08/12/2022,59.35,59.93,59.15,59.81,3951
BERY,08/11/2022,59.10,59.63,58.61,58.77,6312
BERY,08/10/2022,56.97,59.56,56.95,58.94,12396
BERY,08/09/2022,55.99,56.21,54.98,55.96,9111
BERY,08/08/2022,55.56,57.19,55.54,56.19,10772
BERY,08/05/2022,55.59,56.08,54.86,55.13,10869
BERY,08/04/2022,54.73,56.03,54.12,55.65,35417
BERY,08/03/2022,54.49,54.86,52.62,54.33,17213
BERY,08/02/2022,57.58,57.58,54.07,54.82,47135
BERY,08/01/2022,57.48,57.84,56.67,57.69,17847
BERY,07/29/2022,57.74,58.03,57.27,57.65,20970
BERY,07/28/2022,57.37,57.78,56.82,57.42,26698
BERY,07/27/2022,56.97,57.19,56.15,57.19,15694
BERY,07/26/2022,56.21,56.36,55.36,56.30,7990
BERY,07/25/2022,56.93,57.05,56.18,56.57,10428
BERY,07/22/2022,57.08,57.63,56.35,56.56,6332
BERY,07/21/2022,55.76,56.88,55.52,56.85,14254
BERY,07/20/2022,55.47,56.19,55.03,55.74,9635
BERY,07/19/2022,53.48,55.10,53.48,54.86,6962
BERY,07/18/2022,53.09,54.31,53.04,53.17,5749
BERY,07/15/2022,53.45,53.67,52.42,52.71,4091
BERY,07/14/2022,51.99,52.75,51.53,52.67,5596
BERY,07/13/2022,52.51,53.28,52.22,52.90,4988
BERY,07/12/2022,52.16,54.00,52.16,53.04,7824
BERY,07/11/2022,52.47,52.89,52.19,52.56,4405
BERY,07/08/2022,54.62,54.62,52.44,52.78,7498
BERY,07/07/2022,54.47,55.12,54.07,54.47,7756
BERY,07/06/2022,54.65,55.00,53.46,54.43,5035
BERY,07/05/2022,54.38,54.57,52.47,54.51,7037
BERY,07/01/2022,54.25,55.43,53.65,55.43,7299
BERY,06/30/2022,54.50,55.70,54.02,54.64,10136
BERY,06/29/2022,56.01,56.31,54.94,54.95,11098
BERY,06/28/2022,57.64,58.30,55.98,56.16,8786
BERY,06/27/2022,57.29,57.66,56.67,57.33,6245
BERY,06/24/2022,54.25,57.41,54.02,57.14,16040
BERY,06/23/2022,52.10,54.08,52.10,53.86,8530
BERY,06/22/2022,51.47,52.85,51.47,52.35,8024
BERY,06/21/2022,52.65,52.89,51.82,52.15,7466
BERY,06/17/2022,50.99,52.35,50.40,51.92,16185
BERY,06/16/2022,53.27,53.34,50.10,51.02,15943
BERY,06/15/2022,54.81,55.47,53.47,54.57,10669
BERY,06/14/2022,54.30,55.32,53.72,54.15,9061
BERY,06/13/2022,55.57,55.82,54.19,54.39,7099
BERY,06/10/2022,57.66,58.15,57.03,57.12,6689
BERY,06/09/2022,59.16,60.15,58.86,59.00,8494
BERY,06/08/2022,59.72,60.52,59.46,59.60,7017
BERY,06/07/2022,59.61,60.52,59.45,60.28,6446
BERY,06/06/2022,59.68,61.13,59.36,60.42,6489
BERY,06/03/2022,58.81,59.81,58.81,59.36,5296
BERY,06/02/2022,58.23,59.48,57.82,59.42,7406
BERY,06/01/2022,58.75,58.75,57.00,57.90,8125
BERY,05/31/2022,58.63,58.89,57.95,58.33,10503
BERY,05/27/2022,58.50,59.16,58.32,59.10,11397
BERY,05/26/2022,57.39,58.56,57.39,58.16,7028
BERY,05/25/2022,56.44,57.34,56.32,56.94,6891
BERY,05/24/2022,55.53,56.91,55.47,56.56,9708
BERY,05/23/2022,55.39,56.93,55.02,56.25,10132
BERY,05/20/2022,55.37,55.67,53.36,54.65,11771
BERY,05/19/2022,53.11,55.29,53.09,54.71,12342
BERY,05/18/2022,55.66,55.89,53.64,53.80,7409
BERY,05/17/2022,55.24,56.36,55.08,56.24,7167
BERY,05/16/2022,53.58,54.10,52.58,53.94,12407
BERY,05/13/2022,53.29,54.69,53.13,53.84,9750
BERY,05/12/2022,52.77,53.88,51.40,52.69,15665
BERY,05/11/2022,54.15,55.25,52.79,52.88,12432
BERY,05/10/2022,56.32,56.58,53.83,54.63,10584
BERY,05/09/2022,58.22,58.30,55.31,55.54,12579
BERY,05/06/2022,57.47,59.66,57.00,59.27,12111
BERY,05/05/2022,59.47,59.99,56.56,57.82,10309
BERY,05/04/2022,58.00,59.80,57.92,59.76,10331
BERY,05/03/2022,57.04,58.44,57.04,57.73,6140
BERY,05/02/2022,56.81,57.36,55.86,56.94,7016
BERY,04/29/2022,57.88,58.29,56.23,56.35,6229
BERY,04/28/2022,56.71,57.97,56.16,57.80,4880
BERY,04/27/2022,55.70,57.21,55.21,56.53,6849
BERY,04/26/2022,57.15,57.43,55.21,55.48,6767
BERY,04/25/2022,57.44,57.44,55.59,57.16,6426
BERY,04/22/2022,59.01,59.01,57.44,57.52,3910
BERY,04/21/2022,59.67,59.79,58.60,59.15,5643
BERY,04/20/2022,58.49,59.22,58.48,59.15,7635
BERY,04/19/2022,55.65,58.34,55.65,58.15,5957
BERY,04/18/2022,56.48,57.16,55.42,55.59,3833
BERY,04/14/2022,57.17,57.69,56.94,56.99,4365
BERY,04/13/2022,56.06,57.08,56.06,57.00,5057
BERY,04/12/2022,57.38,58.10,56.22,56.46,5285
BERY,04/11/2022,55.92,57.84,55.92,57.09,7354
BERY,04/08/2022,55.97,57.17,55.74,56.38,6831
BERY,04/07/2022,56.31,56.51,54.99,55.81,9292
BERY,04/06/2022,56.65,57.50,56.46,56.95,7078
BERY,04/05/2022,57.64,58.31,56.92,57.36,6367
BERY,04/04/2022,59.25,59.25,57.95,58.11,9016
BERY,04/01/2022,58.56,59.51,58.05,59.40,6152
BERY,03/31/2022,58.83,58.83,57.93,57.96,4618
BERY,03/30/2022,60.53,60.71,58.74,58.94,5928
BERY,03/29/2022,59.00,60.97,58.91,60.79,8745
BERY,03/28/2022,58.74,58.77,58.01,58.25,6002
BERY,03/25/2022,58.02,59.15,57.68,58.68,8942
BERY,03/24/2022,58.44,58.51,57.51,57.93,10716
BERY,03/23/2022,59.78,59.90,58.07,58.09,7789
BERY,03/22/2022,60.04,61.28,59.48,60.10,15215
BERY,03/21/2022,60.24,60.72,58.76,59.39,9749
BERY,03/18/2022,59.35,60.50,58.86,60.34,13690
BERY,03/17/2022,58.77,60.23,58.57,59.97,10145
BERY,03/16/2022,59.05,59.96,58.37,59.19,9687
BERY,03/15/2022,58.28,58.93,58.18,58.40,9129
BERY,03/14/2022,57.26,59.95,56.94,58.27,10524
BERY,03/11/2022,57.37,57.69,56.70,56.71,7093
BERY,03/10/2022,55.90,57.21,55.90,56.82,8073
BERY,03/09/2022,55.57,57.00,55.38,56.76,14041
BERY,03/08/2022,53.58,55.50,52.54,53.99,15432
BERY,03/07/2022,56.65,56.82,52.89,53.25,22827
BERY,03/04/2022,57.60,57.98,56.48,56.98,14016
BERY,03/03/2022,58.88,59.30,58.31,58.82,12019
BERY,03/02/2022,58.71,59.62,58.52,58.68,10353
BERY,03/01/2022,60.41,60.66,57.97,58.19,13318
BERY,02/28/2022,61.02,61.65,59.80,60.65,11363
BERY,02/25/2022,60.00,62.67,60.00,62.18,8338
BERY,02/24/2022,59.10,60.41,58.74,60.27,15686
BERY,02/23/2022,61.96,62.29,60.79,60.93,9901
BERY,02/22/2022,61.90,62.47,61.33,61.60,12400
BERY,02/18/2022,62.65,63.30,62.22,62.41,7273
BERY,02/17/2022,62.62,63.31,62.43,62.73,8380
BERY,02/16/2022,63.31,63.56,62.42,63.18,5637
BERY,02/15/2022,62.82,63.71,62.56,63.45,8487
BERY,02/14/2022,61.76,62.39,61.35,62.26,9452
