BIP,06/23/2023,35.54,35.84,35.47,35.58,373
BIP,06/22/2023,35.82,35.91,35.56,35.75,2946
BIP,06/21/2023,35.00,36.04,35.00,35.73,2197
BIP,06/20/2023,35.38,35.68,35.10,35.24,2012
BIP,06/16/2023,36.62,36.85,35.38,35.41,4961
BIP,06/15/2023,36.65,37.02,36.54,36.62,3124
BIP,06/14/2023,37.02,37.29,36.38,36.76,1924
BIP,06/13/2023,36.89,37.32,36.75,37.02,2035
BIP,06/12/2023,37.04,37.12,36.58,36.90,3046
BIP,06/09/2023,36.81,37.25,36.79,36.93,2133
BIP,06/08/2023,36.73,36.86,36.47,36.84,1589
BIP,06/07/2023,36.61,36.84,36.54,36.71,1902
BIP,06/06/2023,36.45,36.88,36.24,36.56,3261
BIP,06/05/2023,36.78,36.78,36.14,36.54,2130
BIP,06/02/2023,36.26,37.00,36.13,36.78,2770
BIP,06/01/2023,35.99,36.38,35.57,36.14,3185
BIP,05/31/2023,35.35,36.09,35.12,35.89,2616
BIP,05/30/2023,36.15,36.30,35.55,35.74,4752
BIP,05/26/2023,35.70,36.43,35.39,36.28,2394
BIP,05/25/2023,35.91,35.97,35.37,35.52,2115
BIP,05/24/2023,36.32,36.35,35.61,36.00,1780
BIP,05/23/2023,36.88,37.10,36.43,36.63,1455
BIP,05/22/2023,37.17,37.22,36.82,36.99,770
BIP,05/19/2023,37.12,37.28,36.67,37.07,2529
BIP,05/18/2023,36.71,36.92,36.34,36.91,2072
BIP,05/17/2023,36.77,36.78,36.30,36.63,2746
BIP,05/16/2023,36.81,37.00,36.33,36.50,3667
BIP,05/15/2023,35.72,36.83,35.72,36.81,4719
BIP,05/12/2023,35.10,35.87,35.10,35.85,2170
BIP,05/11/2023,35.34,35.49,34.97,35.18,1919
BIP,05/10/2023,35.86,36.12,35.04,35.32,4445
BIP,05/09/2023,35.52,35.75,35.23,35.71,1794
BIP,05/08/2023,35.74,36.27,35.35,35.56,3434
BIP,05/05/2023,35.30,35.76,35.22,35.54,7102
BIP,05/04/2023,35.44,35.45,34.53,35.27,3972
BIP,05/03/2023,34.58,35.62,34.45,35.36,5912
BIP,05/02/2023,34.76,34.76,33.95,34.21,2736
BIP,05/01/2023,34.70,35.38,34.69,34.93,2296
BIP,04/28/2023,34.60,35.09,34.60,34.83,2518
BIP,04/27/2023,34.60,35.02,34.49,34.85,1481
BIP,04/26/2023,34.52,34.96,34.30,34.52,4308
BIP,04/25/2023,35.10,35.22,34.36,34.52,5054
BIP,04/24/2023,35.10,35.68,35.10,35.33,6226
BIP,04/21/2023,35.37,35.56,35.00,35.19,2741
BIP,04/20/2023,35.22,35.65,35.09,35.37,3681
BIP,04/19/2023,35.76,35.97,35.19,35.38,2249
BIP,04/18/2023,35.61,36.14,35.61,35.74,3979
BIP,04/17/2023,35.74,35.90,35.06,35.66,9151
BIP,04/14/2023,35.87,36.24,35.62,35.89,5516
BIP,04/13/2023,34.95,36.07,34.69,35.99,6228
BIP,04/12/2023,34.25,34.94,33.95,34.65,10188
BIP,04/11/2023,34.04,34.79,34.00,34.70,2589
BIP,04/10/2023,33.67,34.06,33.34,33.97,2413
BIP,04/06/2023,33.68,34.15,33.60,33.90,2258
BIP,04/05/2023,33.42,33.67,33.34,33.58,2008
BIP,04/04/2023,34.07,34.15,33.24,33.48,3741
BIP,04/03/2023,33.75,34.17,33.62,33.96,2673
BIP,03/31/2023,33.20,33.79,33.16,33.77,3350
BIP,03/30/2023,33.08,33.56,32.99,33.16,3036
BIP,03/29/2023,32.61,33.09,32.28,32.87,3409
BIP,03/28/2023,31.84,32.29,31.84,32.24,2469
BIP,03/27/2023,31.76,32.31,31.76,32.14,2966
BIP,03/24/2023,31.25,31.79,31.17,31.79,3385
BIP,03/23/2023,31.90,32.36,31.46,31.46,3494
BIP,03/22/2023,32.23,32.58,31.95,31.95,2627
BIP,03/21/2023,32.77,32.86,32.07,32.10,3059
BIP,03/20/2023,32.39,32.67,31.96,32.63,2997
BIP,03/17/2023,32.42,32.54,31.59,32.46,7155
BIP,03/16/2023,31.37,32.68,31.28,32.61,4777
BIP,03/15/2023,31.90,31.93,31.02,31.74,3483
BIP,03/14/2023,32.45,32.98,32.07,32.50,2692
BIP,03/13/2023,31.95,32.59,31.81,32.06,4907
BIP,03/10/2023,32.57,32.73,31.80,32.08,3355
BIP,03/09/2023,33.48,33.67,32.71,32.72,2236
BIP,03/08/2023,32.96,33.69,32.94,33.44,2659
BIP,03/07/2023,34.09,34.26,32.99,33.02,3352
BIP,03/06/2023,33.68,34.40,33.66,34.23,2276
BIP,03/03/2023,33.34,33.99,33.07,33.64,3095
BIP,03/02/2023,33.11,33.55,32.65,33.35,4898
BIP,03/01/2023,32.92,33.81,32.91,33.22,6631
BIP,02/28/2023,33.29,33.63,32.83,33.01,4132
BIP,02/27/2023,34.33,34.53,33.37,33.55,5664
BIP,02/24/2023,34.09,34.17,33.47,34.16,4391
BIP,02/23/2023,34.55,34.95,34.00,34.38,3247
BIP,02/22/2023,34.46,34.70,34.07,34.31,2899
BIP,02/21/2023,34.70,34.80,34.31,34.34,2067
BIP,02/17/2023,34.17,35.14,34.15,34.87,1781
BIP,02/16/2023,34.38,34.66,34.19,34.40,2124
BIP,02/15/2023,34.69,35.01,34.36,34.78,2086
BIP,02/14/2023,34.20,35.12,34.03,34.97,3755
BIP,02/13/2023,34.20,34.36,34.05,34.30,4323
BIP,02/10/2023,33.92,34.35,33.75,34.18,3350
BIP,02/09/2023,33.93,34.43,33.71,33.94,3841
BIP,02/08/2023,34.00,34.22,33.31,33.57,2497
BIP,02/07/2023,34.55,34.67,34.05,34.28,4585
BIP,02/06/2023,34.70,34.75,34.07,34.59,3404
BIP,02/03/2023,34.49,35.27,34.49,34.91,4105
BIP,02/02/2023,35.00,35.00,34.32,34.74,5330
BIP,02/01/2023,35.23,35.30,34.15,34.45,4771
BIP,01/31/2023,34.92,35.64,34.84,35.34,4440
BIP,01/30/2023,35.00,35.33,34.79,34.92,2040
BIP,01/27/2023,35.79,35.97,35.03,35.14,2720
BIP,01/26/2023,36.02,36.08,35.46,35.94,4575
BIP,01/25/2023,35.50,36.02,35.38,35.82,3403
BIP,01/24/2023,35.86,35.93,35.57,35.87,2759
BIP,01/23/2023,35.54,36.04,35.09,36.03,5289
BIP,01/20/2023,34.96,35.38,34.35,35.34,5466
BIP,01/19/2023,34.48,34.54,34.25,34.25,3463
BIP,01/18/2023,35.00,35.47,34.74,34.74,4186
BIP,01/17/2023,34.28,34.98,34.28,34.87,2595
BIP,01/13/2023,33.85,34.74,33.85,34.53,1887
BIP,01/12/2023,33.98,34.27,33.65,34.22,6347
BIP,01/11/2023,33.55,34.16,33.55,34.07,2883
BIP,01/10/2023,33.51,33.75,33.22,33.39,2987
BIP,01/09/2023,33.07,33.93,32.96,33.62,3663
BIP,01/06/2023,32.22,33.00,32.15,32.95,4602
BIP,01/05/2023,32.30,32.30,31.63,32.11,6101
BIP,01/04/2023,31.78,32.49,31.50,32.27,5042
BIP,01/03/2023,31.19,31.53,31.00,31.32,6536
BIP,12/30/2022,31.29,31.45,30.71,30.99,6400
BIP,12/29/2022,30.35,31.39,30.35,31.29,7479
BIP,12/28/2022,30.50,31.48,30.03,30.23,15580
BIP,12/27/2022,31.14,31.40,30.67,30.83,6233
BIP,12/23/2022,30.62,31.37,30.59,31.33,6400
BIP,12/22/2022,31.13,31.42,30.54,30.96,6413
BIP,12/21/2022,30.79,31.81,30.45,31.79,9838
BIP,12/20/2022,30.70,31.28,30.62,30.90,7461
BIP,12/19/2022,31.80,31.93,31.05,31.07,10246
BIP,12/16/2022,32.64,32.85,31.81,32.01,11956
BIP,12/15/2022,33.50,33.52,32.76,33.02,7168
BIP,12/14/2022,34.71,34.85,33.94,33.95,6508
BIP,12/13/2022,34.72,35.55,34.72,34.94,7030
BIP,12/12/2022,34.62,34.81,34.25,34.69,6754
BIP,12/09/2022,34.55,35.16,34.30,34.68,3639
BIP,12/08/2022,33.56,35.29,33.56,35.03,9616
BIP,12/07/2022,33.76,33.90,33.22,33.77,14090
BIP,12/06/2022,34.81,34.91,33.44,33.88,7698
BIP,12/05/2022,35.11,35.36,34.51,34.93,5773
BIP,12/02/2022,35.39,35.69,35.21,35.35,4565
BIP,12/01/2022,37.60,37.73,35.94,36.03,6159
BIP,11/30/2022,36.50,37.64,36.36,37.51,4692
BIP,11/29/2022,37.00,37.14,36.67,36.93,3599
BIP,11/28/2022,37.42,37.74,37.08,37.25,3753
BIP,11/25/2022,37.58,38.20,37.50,37.76,1748
BIP,11/23/2022,37.50,38.12,37.45,37.85,4649
BIP,11/22/2022,36.98,37.83,36.98,37.70,3338
BIP,11/21/2022,36.97,37.53,36.65,37.41,3044
BIP,11/18/2022,36.75,37.35,36.64,37.15,2241
BIP,11/17/2022,36.91,37.33,36.74,36.80,3138
BIP,11/16/2022,37.63,37.97,37.16,37.40,3527
BIP,11/15/2022,37.75,38.10,37.35,37.85,2866
BIP,11/14/2022,37.68,37.99,37.27,37.54,2903
BIP,11/11/2022,37.18,37.95,37.18,37.95,3283
BIP,11/10/2022,36.89,37.61,36.89,37.54,3208
BIP,11/09/2022,35.98,36.40,35.80,35.80,1302
BIP,11/08/2022,36.06,36.78,35.95,36.26,2235
BIP,11/07/2022,36.31,36.58,35.62,35.97,2073
BIP,11/04/2022,35.38,36.53,35.38,36.19,2345
BIP,11/03/2022,35.06,35.52,34.90,35.01,2881
BIP,11/02/2022,35.92,36.97,35.92,36.04,3133
BIP,11/01/2022,36.53,36.79,36.41,36.51,2992
BIP,10/31/2022,36.41,36.58,36.00,36.38,4050
BIP,10/28/2022,36.30,36.77,35.86,36.51,4642
BIP,10/27/2022,36.22,36.58,35.91,36.16,4814
BIP,10/26/2022,35.48,36.65,35.44,36.18,2279
BIP,10/25/2022,33.64,35.70,33.64,35.62,2897
BIP,10/24/2022,33.38,33.94,33.09,33.85,2556
BIP,10/21/2022,33.56,33.95,33.29,33.54,3611
BIP,10/20/2022,34.19,34.66,33.76,33.79,2547
BIP,10/19/2022,34.94,34.94,34.09,34.38,3386
BIP,10/18/2022,34.60,35.11,34.35,35.10,3020
BIP,10/17/2022,33.12,34.54,33.12,34.12,3365
BIP,10/14/2022,33.75,33.93,32.68,32.79,3438
BIP,10/13/2022,32.33,33.59,32.09,33.52,6771
BIP,10/12/2022,33.02,33.23,32.75,32.85,6063
BIP,10/11/2022,33.70,33.93,32.99,33.16,4477
BIP,10/10/2022,34.39,34.74,33.94,33.94,1938
BIP,10/07/2022,35.23,35.40,34.29,34.43,5287
BIP,10/06/2022,36.36,36.48,35.22,35.47,4855
BIP,10/05/2022,36.78,37.04,35.82,36.72,4096
BIP,10/04/2022,37.19,37.69,37.00,37.21,3618
BIP,10/03/2022,36.47,37.10,36.26,36.70,6694
BIP,09/30/2022,36.02,36.49,35.59,35.90,9739
BIP,09/29/2022,36.27,36.48,35.03,35.70,8069
BIP,09/28/2022,37.13,37.16,35.80,36.61,13392
BIP,09/27/2022,38.24,38.62,36.85,37.13,12942
BIP,09/26/2022,39.09,39.17,37.79,38.20,10622
BIP,09/23/2022,40.24,40.62,39.00,39.61,7551
BIP,09/22/2022,40.98,41.17,40.55,40.88,3743
BIP,09/21/2022,41.04,41.72,40.92,41.02,6194
BIP,09/20/2022,41.03,41.16,40.33,41.03,3787
BIP,09/19/2022,40.16,41.12,40.16,41.05,5033
BIP,09/16/2022,40.76,40.82,40.16,40.55,5781
BIP,09/15/2022,41.92,42.11,40.75,41.19,4118
BIP,09/14/2022,42.38,42.38,41.87,42.30,2561
BIP,09/13/2022,42.19,42.43,41.89,42.17,2537
BIP,09/12/2022,42.62,42.93,42.53,42.68,3594
BIP,09/09/2022,42.13,42.51,41.95,42.25,1370
BIP,09/08/2022,41.50,41.88,41.23,41.73,1435
BIP,09/07/2022,41.28,41.80,41.14,41.53,2795
BIP,09/06/2022,41.02,41.58,40.84,41.37,4431
BIP,09/02/2022,41.42,41.90,40.72,41.18,2006
BIP,09/01/2022,41.13,41.64,40.91,41.34,3199
BIP,08/31/2022,42.11,42.25,41.76,41.99,2192
BIP,08/30/2022,43.01,43.01,41.87,42.27,1774
BIP,08/29/2022,43.11,43.62,42.67,43.05,3024
BIP,08/26/2022,43.19,43.31,42.57,43.01,2795
BIP,08/25/2022,43.47,43.47,42.77,43.27,2414
BIP,08/24/2022,42.70,43.23,42.70,43.16,2384
BIP,08/23/2022,42.38,43.03,42.24,42.96,3141
BIP,08/22/2022,42.00,42.39,41.85,42.32,3742
BIP,08/19/2022,41.88,42.92,41.58,42.45,2525
BIP,08/18/2022,41.44,41.96,41.27,41.88,2552
BIP,08/17/2022,41.08,41.52,41.00,41.32,1614
BIP,08/16/2022,40.91,41.70,40.91,41.40,1404
BIP,08/15/2022,41.18,41.37,40.76,41.23,1999
BIP,08/12/2022,41.41,41.82,41.26,41.50,2123
BIP,08/11/2022,41.00,41.75,41.00,41.54,3382
BIP,08/10/2022,40.55,41.44,40.55,41.01,1300
BIP,08/09/2022,40.52,40.77,40.12,40.37,1578
BIP,08/08/2022,41.49,41.82,40.68,40.76,3208
BIP,08/05/2022,40.25,41.05,40.12,41.02,1582
BIP,08/04/2022,39.95,40.97,39.77,40.49,2522
BIP,08/03/2022,40.00,40.07,39.30,39.80,2487
BIP,08/02/2022,39.89,40.12,39.57,39.75,3457
BIP,08/01/2022,39.95,40.13,39.58,39.87,2138
BIP,07/29/2022,39.40,40.15,39.40,39.83,1606
BIP,07/28/2022,39.24,39.93,38.90,39.56,3937
BIP,07/27/2022,38.92,39.34,38.85,39.09,1521
BIP,07/26/2022,38.95,39.00,38.46,38.61,1434
BIP,07/25/2022,39.02,39.47,38.99,39.11,1800
BIP,07/22/2022,39.30,39.42,38.75,38.94,2212
BIP,07/21/2022,38.20,39.07,38.05,39.06,4355
BIP,07/20/2022,37.45,38.13,37.05,38.10,1920
BIP,07/19/2022,37.90,38.09,37.36,37.47,3020
BIP,07/18/2022,37.94,38.12,37.37,37.45,4351
BIP,07/15/2022,38.36,38.38,37.57,37.74,1908
BIP,07/14/2022,37.47,37.93,37.10,37.90,2986
BIP,07/13/2022,37.88,38.77,37.75,38.19,1036
BIP,07/12/2022,38.00,38.87,38.00,38.28,1760
BIP,07/11/2022,38.13,38.40,37.86,38.36,1779
BIP,07/08/2022,38.21,38.34,37.94,38.22,1437
BIP,07/07/2022,37.60,38.32,37.41,38.29,2290
BIP,07/06/2022,37.88,37.88,37.43,37.52,3134
BIP,07/05/2022,37.77,37.83,36.90,37.79,4380
BIP,07/01/2022,38.52,39.07,38.36,38.93,2464
BIP,06/30/2022,37.25,38.22,37.05,38.22,5766
BIP,06/29/2022,37.15,37.35,36.69,37.04,2525
BIP,06/28/2022,37.86,38.11,37.15,37.19,1997
BIP,06/27/2022,37.11,37.78,36.83,37.66,4399
BIP,06/24/2022,37.00,37.62,36.92,37.09,3221
BIP,06/23/2022,36.51,36.83,36.12,36.83,2712
BIP,06/22/2022,36.50,37.01,36.00,36.45,4246
BIP,06/21/2022,37.66,37.66,36.35,36.62,4843
BIP,06/17/2022,38.10,38.65,37.19,37.66,4567
BIP,06/16/2022,38.33,38.83,38.05,38.20,6468
BIP,06/15/2022,39.63,39.95,38.99,39.73,2770
BIP,06/14/2022,39.61,39.70,38.83,39.40,3807
BIP,06/13/2022,39.42,39.69,38.70,39.60,4157
BIP,06/10/2022,40.67,40.78,40.15,40.20,1693
BIP,06/09/2022,41.64,41.72,40.94,41.10,1556
BIP,06/08/2022,41.68,42.12,41.53,41.67,3431
BIP,06/07/2022,42.07,42.30,41.74,42.22,4166
BIP,06/06/2022,41.86,42.10,41.47,42.07,2908
BIP,06/03/2022,41.44,41.94,41.26,41.75,2618
BIP,06/02/2022,40.25,41.61,40.21,41.61,2449
BIP,06/01/2022,40.24,40.42,39.78,40.16,3104
BIP,05/31/2022,40.20,40.26,39.72,39.78,4568
BIP,05/27/2022,40.29,40.70,40.06,40.20,3941
BIP,05/26/2022,40.88,41.06,40.33,40.36,3865
BIP,05/25/2022,41.00,41.22,40.56,40.68,2425
BIP,05/24/2022,41.40,41.80,40.92,41.20,2861
BIP,05/23/2022,41.32,41.65,41.05,41.38,2021
BIP,05/20/2022,40.62,40.95,40.28,40.80,2252
BIP,05/19/2022,40.37,40.68,40.09,40.42,6199
BIP,05/18/2022,40.34,40.82,40.21,40.57,2911
BIP,05/17/2022,40.76,40.76,40.27,40.64,1718
BIP,05/16/2022,39.92,40.47,39.57,40.29,2722
BIP,05/13/2022,39.21,40.32,39.02,39.72,3097
BIP,05/12/2022,38.89,39.21,38.50,39.03,3413
BIP,05/11/2022,39.08,39.94,39.03,39.21,2506
BIP,05/10/2022,39.57,40.08,38.30,39.12,3584
BIP,05/09/2022,40.19,40.38,39.33,39.38,5080
BIP,05/06/2022,40.40,41.00,40.22,40.82,3691
BIP,05/05/2022,41.38,41.47,40.27,40.76,3293
BIP,05/04/2022,40.00,41.58,40.00,41.38,2893
BIP,05/03/2022,40.00,40.62,39.55,40.54,5935
BIP,05/02/2022,41.38,41.46,39.90,40.22,6412
BIP,04/29/2022,42.26,42.42,41.32,41.62,2929
BIP,04/28/2022,42.28,42.73,41.88,42.42,3908
BIP,04/27/2022,41.29,41.97,40.99,41.86,3455
BIP,04/26/2022,42.79,42.79,41.07,41.31,5176
BIP,04/25/2022,42.59,43.12,42.02,42.97,5144
BIP,04/22/2022,44.27,44.27,42.74,42.82,6076
BIP,04/21/2022,45.52,45.52,44.22,44.61,2777
BIP,04/20/2022,44.28,45.47,44.26,45.33,3154
BIP,04/19/2022,44.33,44.44,44.06,44.12,2821
BIP,04/18/2022,44.50,44.60,43.98,44.20,2623
BIP,04/14/2022,44.89,45.06,44.23,44.49,2071
BIP,04/13/2022,44.32,44.88,44.24,44.83,2782
BIP,04/12/2022,44.34,44.71,43.95,44.15,1916
BIP,04/11/2022,44.66,44.66,43.85,44.38,2651
BIP,04/08/2022,44.65,45.08,44.50,44.74,1583
BIP,04/07/2022,44.42,44.64,43.74,44.56,3037
BIP,04/06/2022,45.00,45.11,44.27,44.51,3946
BIP,04/05/2022,45.20,46.01,45.14,45.28,3665
BIP,04/04/2022,44.73,45.45,44.73,45.03,4219
BIP,04/01/2022,44.44,44.89,44.19,44.84,5408
BIP,03/31/2022,43.65,44.65,43.52,44.16,4427
BIP,03/30/2022,42.87,43.68,42.78,43.52,5126
BIP,03/29/2022,42.70,43.23,42.70,42.98,4579
BIP,03/28/2022,42.76,42.78,42.38,42.68,3505
BIP,03/25/2022,41.99,42.96,41.94,42.71,3302
BIP,03/24/2022,42.00,42.25,41.66,42.00,4120
BIP,03/23/2022,42.45,42.66,41.92,41.92,4346
BIP,03/22/2022,43.10,43.16,42.14,42.40,4951
BIP,03/21/2022,41.98,42.96,41.84,42.96,7016
BIP,03/18/2022,41.37,42.08,41.01,41.82,7364
BIP,03/17/2022,40.60,41.57,40.60,41.30,5446
BIP,03/16/2022,40.00,40.84,40.00,40.45,4834
BIP,03/15/2022,40.23,40.46,39.76,40.01,3173
BIP,03/14/2022,40.60,40.77,39.92,40.26,2875
BIP,03/11/2022,40.38,40.67,40.14,40.50,3937
BIP,03/10/2022,40.05,40.32,39.58,40.28,2632
BIP,03/09/2022,39.97,40.83,39.97,40.28,2587
BIP,03/08/2022,39.76,40.50,39.63,39.75,4448
BIP,03/07/2022,39.64,39.88,39.46,39.67,3757
BIP,03/04/2022,38.84,39.93,38.69,39.79,3587
BIP,03/03/2022,40.30,40.50,38.99,39.13,5618
BIP,03/02/2022,39.67,40.63,39.67,40.20,3133
BIP,03/01/2022,39.34,39.75,38.94,39.68,4154
BIP,02/28/2022,39.04,39.67,38.74,39.54,3302
BIP,02/25/2022,39.09,39.76,39.01,39.30,3514
BIP,02/24/2022,38.71,39.29,38.45,39.19,6427
BIP,02/23/2022,39.59,40.02,39.12,39.27,4169
BIP,02/22/2022,39.66,39.93,39.38,39.56,3728
BIP,02/18/2022,39.69,40.12,39.63,39.84,2678
BIP,02/17/2022,39.82,39.93,39.55,39.82,2797
BIP,02/16/2022,40.15,40.36,39.80,39.84,2621
BIP,02/15/2022,40.98,40.98,40.04,40.13,2009
BIP,02/14/2022,40.87,40.87,40.36,40.55,3137
