BK,06/23/2023,42.74,42.93,42.44,42.78,4401
BK,06/22/2023,43.90,44.01,43.10,43.25,29786
BK,06/21/2023,44.42,44.52,43.97,44.00,31414
BK,06/20/2023,44.46,44.51,43.99,44.36,45158
BK,06/16/2023,45.12,45.12,44.33,44.65,124809
BK,06/15/2023,43.96,44.88,43.95,44.87,35484
BK,06/14/2023,44.39,44.96,43.85,44.17,37275
BK,06/13/2023,43.75,44.63,43.73,44.14,38901
BK,06/12/2023,44.34,44.47,43.34,43.72,63391
BK,06/09/2023,43.98,44.46,43.90,44.43,50193
BK,06/08/2023,43.62,43.88,43.31,43.85,43461
BK,06/07/2023,43.44,43.93,43.20,43.71,40155
BK,06/06/2023,42.58,43.90,42.44,43.41,48126
BK,06/05/2023,42.86,42.93,42.26,42.52,51654
BK,06/02/2023,41.81,43.15,41.69,42.74,68970
BK,06/01/2023,40.53,41.53,40.30,41.25,62533
BK,05/31/2023,40.29,40.53,39.90,40.20,72061
BK,05/30/2023,40.80,40.97,40.31,40.69,38719
BK,05/26/2023,40.42,40.99,40.39,40.78,31077
BK,05/25/2023,40.25,40.74,40.09,40.38,44869
BK,05/24/2023,40.92,41.01,40.29,40.42,26830
BK,05/23/2023,41.25,41.65,41.06,41.14,44507
BK,05/22/2023,41.04,41.34,40.79,41.25,32431
BK,05/19/2023,41.38,41.78,40.81,40.89,46615
BK,05/18/2023,40.47,41.12,40.39,41.08,41726
BK,05/17/2023,40.14,40.84,40.05,40.66,42259
BK,05/16/2023,40.38,40.58,39.65,39.67,34073
BK,05/15/2023,40.31,40.90,40.27,40.70,32395
BK,05/12/2023,41.05,41.06,39.81,40.15,57208
BK,05/11/2023,40.58,40.98,40.24,40.68,45295
BK,05/10/2023,41.90,42.09,40.75,41.02,36565
BK,05/09/2023,41.26,41.65,41.06,41.54,39086
BK,05/08/2023,41.53,41.70,41.19,41.50,32153
BK,05/05/2023,40.91,41.30,40.54,41.17,49415
BK,05/04/2023,40.49,40.80,39.75,40.08,57083
BK,05/03/2023,41.75,41.99,40.67,40.79,47051
BK,05/02/2023,42.08,42.16,40.95,41.61,63631
BK,05/01/2023,42.83,42.99,42.11,42.14,41965
BK,04/28/2023,41.70,42.83,41.66,42.59,36551
BK,04/27/2023,41.71,42.19,41.48,42.01,63804
BK,04/26/2023,42.35,42.78,41.69,41.79,41361
BK,04/25/2023,43.34,43.35,42.46,42.49,53856
BK,04/24/2023,44.05,44.17,43.62,43.85,38392
BK,04/21/2023,44.53,44.56,43.97,44.05,51633
BK,04/20/2023,44.92,45.18,44.47,44.84,54005
BK,04/19/2023,44.32,45.45,44.32,45.24,67104
BK,04/18/2023,43.93,44.94,42.73,44.89,124653
BK,04/17/2023,43.70,44.30,42.44,44.23,169758
BK,04/14/2023,46.84,47.24,46.16,46.36,45899
BK,04/13/2023,45.86,46.26,45.68,46.20,62279
BK,04/12/2023,45.95,45.99,45.08,45.83,61704
BK,04/11/2023,45.23,45.94,45.03,45.74,56031
BK,04/10/2023,44.85,45.50,44.72,45.23,36153
BK,04/06/2023,44.91,45.27,44.78,44.85,32053
BK,04/05/2023,44.10,44.97,44.08,44.88,32990
BK,04/04/2023,45.48,45.50,44.24,44.68,30688
BK,04/03/2023,45.44,45.59,44.79,45.15,43150
BK,03/31/2023,45.18,45.45,44.76,45.44,45470
BK,03/30/2023,45.59,45.79,44.74,44.90,55865
BK,03/29/2023,44.57,45.11,44.44,45.06,64779
BK,03/28/2023,43.38,43.96,43.38,43.91,35615
BK,03/27/2023,43.66,43.75,42.99,43.64,52718
BK,03/24/2023,42.43,42.89,41.57,42.75,59672
BK,03/23/2023,43.89,44.16,42.86,43.24,51888
BK,03/22/2023,45.21,45.34,43.90,43.95,49688
BK,03/21/2023,44.69,45.45,44.57,45.14,64450
BK,03/20/2023,43.18,43.93,42.91,43.27,72240
BK,03/17/2023,43.76,43.82,42.30,42.58,110587
BK,03/16/2023,43.52,44.75,43.01,44.40,73211
BK,03/15/2023,44.13,44.38,43.23,44.01,103562
BK,03/14/2023,45.63,46.22,45.20,45.73,96992
BK,03/13/2023,46.04,46.09,44.04,44.12,146737
BK,03/10/2023,47.35,48.46,46.48,47.31,82869
BK,03/09/2023,49.59,49.75,47.65,48.00,69983
BK,03/08/2023,49.58,50.38,49.50,49.80,49462
BK,03/07/2023,51.01,51.20,49.40,49.50,53636
BK,03/06/2023,51.39,51.84,51.08,51.14,43282
BK,03/03/2023,50.37,51.59,50.36,51.33,55377
BK,03/02/2023,50.21,50.38,49.59,50.19,38995
BK,03/01/2023,50.49,50.87,50.24,50.52,41609
BK,02/28/2023,50.88,51.15,50.70,50.88,56616
BK,02/27/2023,50.93,51.25,50.72,50.84,39181
BK,02/24/2023,49.98,50.65,49.66,50.46,42409
BK,02/23/2023,50.46,50.67,50.04,50.29,43370
BK,02/22/2023,50.51,50.76,49.88,50.16,36064
BK,02/21/2023,51.10,51.30,50.21,50.43,47541
BK,02/17/2023,51.11,51.63,50.97,51.50,30339
BK,02/16/2023,51.37,51.56,51.20,51.29,38310
BK,02/15/2023,51.40,51.83,51.31,51.77,32533
BK,02/14/2023,51.69,52.26,51.60,51.71,35553
BK,02/13/2023,51.37,52.01,51.27,51.92,32377
BK,02/10/2023,51.29,51.59,51.11,51.40,37685
BK,02/09/2023,52.01,52.22,51.50,51.57,60521
BK,02/08/2023,51.25,51.97,51.09,51.78,43000
BK,02/07/2023,50.30,51.59,50.30,51.43,66516
BK,02/06/2023,49.86,50.56,49.75,50.54,46857
BK,02/03/2023,49.89,50.74,49.78,50.23,70997
BK,02/02/2023,51.01,51.10,49.87,50.17,72073
BK,02/01/2023,49.97,51.26,49.91,50.80,64809
BK,01/31/2023,49.69,50.58,49.56,50.57,65081
BK,01/30/2023,49.69,50.25,49.64,49.77,44858
BK,01/27/2023,50.57,50.67,50.05,50.06,68962
BK,01/26/2023,50.24,50.71,49.93,50.61,42307
BK,01/25/2023,49.06,50.00,49.05,49.99,36063
BK,01/24/2023,49.28,49.76,48.88,49.46,42696
BK,01/23/2023,49.24,49.61,49.08,49.34,53199
BK,01/20/2023,48.79,49.24,48.44,49.24,62352
BK,01/19/2023,48.71,49.05,48.25,48.92,72112
BK,01/18/2023,49.35,49.95,49.18,49.23,107816
BK,01/17/2023,48.97,50.09,48.59,49.68,113841
BK,01/13/2023,47.78,49.66,47.63,49.03,134234
BK,01/12/2023,48.43,48.76,47.89,48.16,89680
BK,01/11/2023,48.02,48.96,47.90,48.18,69760
BK,01/10/2023,48.10,48.36,47.86,48.01,37412
BK,01/09/2023,48.22,48.75,47.98,48.14,38557
BK,01/06/2023,47.47,48.07,47.13,47.95,42771
BK,01/05/2023,47.22,47.52,46.93,47.21,42502
BK,01/04/2023,47.60,48.03,47.10,47.44,75489
BK,01/03/2023,45.90,46.94,45.77,46.30,52253
BK,12/30/2022,45.32,45.56,45.15,45.52,31151
BK,12/29/2022,44.91,45.73,44.80,45.66,30880
BK,12/28/2022,44.82,44.92,44.56,44.63,19434
BK,12/27/2022,44.81,44.91,44.50,44.82,21086
BK,12/23/2022,44.44,44.71,44.20,44.65,22654
BK,12/22/2022,44.45,44.79,43.67,44.48,26695
BK,12/21/2022,44.80,45.07,44.63,44.78,32890
BK,12/20/2022,44.34,44.81,44.19,44.29,30963
BK,12/19/2022,44.04,44.58,43.91,44.17,35821
BK,12/16/2022,43.63,44.21,43.55,44.09,48506
BK,12/15/2022,44.13,44.57,43.83,44.24,37262
BK,12/14/2022,45.65,45.76,44.61,44.94,40893
BK,12/13/2022,46.00,46.33,45.20,45.72,61580
BK,12/12/2022,44.71,45.00,44.51,44.85,43726
BK,12/09/2022,44.53,45.22,44.47,44.71,43132
BK,12/08/2022,44.80,45.01,44.33,44.59,53249
BK,12/07/2022,42.59,44.90,42.24,44.61,110828
BK,12/06/2022,43.28,43.67,42.56,42.84,51927
BK,12/05/2022,44.98,45.10,43.77,44.04,35020
BK,12/02/2022,45.27,45.60,44.87,45.22,30081
BK,12/01/2022,45.90,46.00,45.01,45.76,46044
BK,11/30/2022,44.88,45.96,44.24,45.90,57127
BK,11/29/2022,44.79,45.00,44.53,44.84,30030
BK,11/28/2022,45.25,45.45,44.68,44.80,36232
BK,11/25/2022,45.52,45.85,45.40,45.67,11466
BK,11/23/2022,45.14,45.75,45.02,45.49,29740
BK,11/22/2022,44.94,45.81,44.77,45.24,37924
BK,11/21/2022,44.42,44.72,44.21,44.65,29850
BK,11/18/2022,44.53,44.97,44.18,44.56,39124
BK,11/17/2022,43.17,43.99,42.97,43.88,57899
BK,11/16/2022,43.83,44.11,43.51,43.81,29894
BK,11/15/2022,43.83,44.19,43.25,43.83,54523
BK,11/14/2022,44.33,44.60,43.55,43.58,41770
BK,11/11/2022,44.25,44.69,43.96,44.52,58017
BK,11/10/2022,43.63,44.55,43.38,44.07,86992
BK,11/09/2022,42.50,42.71,42.03,42.10,28173
BK,11/08/2022,42.49,43.00,42.24,42.70,48222
BK,11/07/2022,42.81,42.85,42.28,42.42,55395
BK,11/04/2022,42.05,42.86,41.92,42.49,54447
BK,11/03/2022,41.60,41.90,41.12,41.53,50420
BK,11/02/2022,42.28,43.27,42.02,42.04,43913
BK,11/01/2022,42.43,42.53,41.85,42.23,39078
BK,10/31/2022,41.93,42.40,41.74,42.11,42489
BK,10/28/2022,41.86,42.52,41.67,42.32,59833
BK,10/27/2022,41.72,42.18,41.51,41.65,63886
BK,10/26/2022,41.42,41.88,40.91,41.26,63865
BK,10/25/2022,40.70,41.74,40.43,41.60,59458
BK,10/24/2022,40.43,41.07,40.23,40.84,69121
BK,10/21/2022,38.47,40.40,38.11,40.23,83127
BK,10/20/2022,38.97,39.62,38.37,38.42,69257
BK,10/19/2022,39.58,40.17,38.68,39.02,59866
BK,10/18/2022,41.00,41.52,39.37,39.96,89980
BK,10/17/2022,39.73,40.96,39.48,40.36,73402
BK,10/14/2022,39.37,39.88,38.30,38.41,64346
BK,10/13/2022,36.76,39.38,36.22,39.21,70723
BK,10/12/2022,38.25,38.55,37.27,37.29,80705
BK,10/11/2022,38.91,39.17,38.27,38.48,49789
BK,10/10/2022,39.79,39.93,39.17,39.21,48278
BK,10/07/2022,40.25,40.41,39.18,39.48,37549
BK,10/06/2022,41.10,41.42,40.59,40.68,30969
BK,10/05/2022,40.95,41.56,40.72,41.36,40298
BK,10/04/2022,40.52,41.42,40.50,41.37,62977
BK,10/03/2022,38.89,39.92,38.43,39.66,74251
BK,09/30/2022,39.11,39.51,38.47,38.52,44448
BK,09/29/2022,39.06,39.25,38.49,38.88,47164
BK,09/28/2022,39.06,39.81,38.75,39.59,59377
BK,09/27/2022,39.76,39.89,38.30,38.94,54441
BK,09/26/2022,39.82,40.28,39.24,39.47,67561
BK,09/23/2022,40.49,40.63,39.33,40.17,56579
BK,09/22/2022,42.47,42.56,40.91,40.93,54802
BK,09/21/2022,43.56,43.62,42.29,42.30,31689
BK,09/20/2022,43.84,43.91,42.90,43.27,29051
BK,09/19/2022,43.46,44.52,43.41,44.21,30352
BK,09/16/2022,44.09,44.31,43.47,43.89,60206
BK,09/15/2022,43.85,45.01,43.70,44.44,41091
BK,09/14/2022,44.20,44.58,43.28,43.72,46947
BK,09/13/2022,43.85,44.86,43.77,44.11,57286
BK,09/12/2022,44.50,44.81,43.93,44.28,43470
BK,09/09/2022,44.08,44.31,43.80,44.14,42829
BK,09/08/2022,42.10,43.84,42.02,43.82,47947
BK,09/07/2022,40.96,42.56,40.91,42.43,44793
BK,09/06/2022,41.39,41.47,40.56,41.14,35058
BK,09/02/2022,41.94,42.36,40.81,41.12,31245
BK,09/01/2022,41.45,41.45,40.49,41.36,30318
BK,08/31/2022,41.98,42.07,41.52,41.53,31610
BK,08/30/2022,42.00,42.13,41.35,41.68,22702
BK,08/29/2022,41.77,42.17,41.47,41.76,24899
BK,08/26/2022,43.78,43.85,41.99,42.00,31620
BK,08/25/2022,43.15,43.74,42.99,43.50,24971
BK,08/24/2022,42.85,43.29,42.68,42.98,21947
BK,08/23/2022,43.37,43.61,42.95,42.97,19336
BK,08/22/2022,43.20,43.62,42.98,43.24,33965
BK,08/19/2022,44.36,44.37,43.60,43.89,36492
BK,08/18/2022,44.68,44.71,44.01,44.66,25945
BK,08/17/2022,44.44,45.11,44.29,44.81,23076
BK,08/16/2022,44.42,45.44,44.42,45.03,30397
BK,08/15/2022,44.35,45.03,44.15,44.71,25653
BK,08/12/2022,44.62,44.93,44.31,44.90,26185
BK,08/11/2022,44.46,44.57,44.04,44.37,26034
BK,08/10/2022,43.50,44.33,43.50,43.99,25230
BK,08/09/2022,43.24,43.38,42.80,43.19,20988
BK,08/08/2022,43.80,43.94,43.05,43.08,27208
BK,08/05/2022,43.00,43.79,42.84,43.50,25328
BK,08/04/2022,43.74,43.92,43.02,43.06,19338
BK,08/03/2022,43.47,43.81,43.03,43.71,23688
BK,08/02/2022,42.85,43.42,42.58,42.95,24412
BK,08/01/2022,43.05,43.43,42.62,43.29,23662
BK,07/29/2022,43.05,43.58,42.97,43.46,23741
BK,07/28/2022,43.08,43.20,42.02,43.03,21208
BK,07/27/2022,42.43,43.07,42.06,42.88,29617
BK,07/26/2022,42.68,42.97,41.94,42.11,26698
BK,07/25/2022,43.15,43.22,42.65,43.02,22952
BK,07/22/2022,43.14,43.44,42.34,42.72,30391
BK,07/21/2022,43.30,43.56,42.96,43.48,28856
BK,07/20/2022,43.40,43.42,42.59,43.13,39553
BK,07/19/2022,43.34,43.85,43.21,43.58,36382
BK,07/18/2022,43.93,44.41,42.52,42.77,42882
BK,07/15/2022,41.49,43.75,41.19,43.41,49837
BK,07/14/2022,40.30,40.64,39.78,40.44,50262
BK,07/13/2022,41.21,41.48,40.65,41.27,38702
BK,07/12/2022,41.30,42.75,41.27,41.77,31372
BK,07/11/2022,41.45,41.94,41.20,41.71,22837
BK,07/08/2022,42.50,42.63,41.68,41.89,19457
BK,07/07/2022,42.07,42.60,41.94,42.29,25754
BK,07/06/2022,41.75,41.99,41.13,41.58,25493
BK,07/05/2022,41.58,42.10,40.98,42.08,30206
BK,07/01/2022,41.38,42.56,41.15,42.42,28622
BK,06/30/2022,41.55,42.15,41.10,41.71,31988
BK,06/29/2022,42.84,43.04,42.21,42.41,43115
BK,06/28/2022,43.54,44.05,42.75,42.86,29656
BK,06/27/2022,43.71,43.78,42.87,43.06,31320
BK,06/24/2022,42.03,43.79,42.03,43.60,146492
BK,06/23/2022,42.13,42.37,41.21,42.00,44290
BK,06/22/2022,41.75,42.49,41.75,42.23,50464
BK,06/21/2022,42.24,42.45,41.81,42.32,35386
BK,06/17/2022,41.36,41.95,40.99,41.13,93625
BK,06/16/2022,41.03,41.27,40.43,41.21,53818
BK,06/15/2022,41.52,42.46,41.29,41.87,60974
BK,06/14/2022,41.70,42.07,40.26,40.60,59225
BK,06/13/2022,41.95,42.14,41.13,41.47,61182
BK,06/10/2022,43.12,43.42,42.54,42.79,47639
BK,06/09/2022,45.00,45.38,44.01,44.04,26960
BK,06/08/2022,45.82,46.09,45.22,45.34,28957
BK,06/07/2022,45.52,46.44,45.31,46.34,30728
BK,06/06/2022,46.06,46.74,45.83,45.95,30173
BK,06/03/2022,46.11,46.26,45.56,45.59,24532
BK,06/02/2022,45.77,46.50,45.38,46.47,35005
BK,06/01/2022,46.57,46.67,45.02,45.65,38922
BK,05/31/2022,46.09,46.97,45.64,46.61,67507
BK,05/27/2022,45.75,46.48,45.70,46.48,33328
BK,05/26/2022,45.35,45.87,45.29,45.66,32504
BK,05/25/2022,44.21,45.00,44.11,44.72,43486
BK,05/24/2022,44.36,44.60,43.15,44.34,44941
BK,05/23/2022,44.70,45.19,44.23,44.68,41664
BK,05/20/2022,43.77,44.13,42.95,43.77,49930
BK,05/19/2022,42.48,43.75,42.44,43.32,71862
BK,05/18/2022,44.20,44.25,43.14,43.29,40603
BK,05/17/2022,44.19,44.76,43.88,44.59,39670
BK,05/16/2022,43.32,43.65,42.50,43.24,35545
BK,05/13/2022,43.31,43.81,42.93,43.46,42143
BK,05/12/2022,42.16,43.17,41.90,42.81,53450
BK,05/11/2022,43.11,44.01,42.36,42.43,54305
BK,05/10/2022,43.62,44.05,42.25,42.96,52820
BK,05/09/2022,43.25,43.82,42.89,43.21,49741
BK,05/06/2022,44.08,44.14,43.20,43.76,47875
BK,05/05/2022,44.19,44.33,43.25,44.10,57343
BK,05/04/2022,43.23,44.84,42.96,44.80,59457
BK,05/03/2022,42.94,43.69,42.53,43.11,71368
BK,05/02/2022,42.37,42.94,41.76,42.70,80820
BK,04/29/2022,43.47,43.68,41.95,42.06,44107
BK,04/28/2022,43.21,43.54,42.35,43.46,56536
BK,04/27/2022,42.60,42.91,42.17,42.35,66389
BK,04/26/2022,43.99,44.52,43.25,43.26,62090
BK,04/25/2022,43.79,44.48,43.14,44.37,64987
BK,04/22/2022,45.90,46.05,44.14,44.21,45644
BK,04/21/2022,47.61,47.77,46.03,46.15,46753
BK,04/20/2022,46.97,47.53,46.79,47.02,46428
BK,04/19/2022,46.41,46.82,46.15,46.52,61883
BK,04/18/2022,45.60,46.66,44.99,46.21,60179
BK,04/14/2022,48.44,48.97,47.26,47.29,72654
BK,04/13/2022,47.28,48.39,46.88,48.34,60074
BK,04/12/2022,47.81,48.63,47.41,47.65,41812
BK,04/11/2022,48.00,48.92,47.79,48.07,37090
BK,04/08/2022,47.96,48.61,47.77,48.34,31549
BK,04/07/2022,48.11,48.41,46.95,47.76,44986
BK,04/06/2022,48.61,48.73,47.95,48.20,51031
BK,04/05/2022,49.26,49.62,48.74,48.96,43121
BK,04/04/2022,49.50,49.83,48.57,49.51,54944
BK,04/01/2022,50.29,50.48,49.10,49.45,41516
BK,03/31/2022,51.51,51.77,49.61,49.63,57957
BK,03/30/2022,52.00,52.43,51.56,51.84,40661
BK,03/29/2022,53.38,53.63,52.30,52.74,35231
BK,03/28/2022,52.79,52.80,51.90,52.51,41030
BK,03/25/2022,52.09,53.01,52.03,52.74,42592
BK,03/24/2022,52.04,52.20,51.45,52.04,38344
BK,03/23/2022,52.40,52.67,51.68,51.73,36172
BK,03/22/2022,52.87,53.46,52.31,52.69,51188
BK,03/21/2022,52.64,52.91,51.79,52.18,67788
BK,03/18/2022,52.52,52.58,51.12,52.30,193889
BK,03/17/2022,51.06,52.54,50.37,52.51,71252
BK,03/16/2022,51.57,52.71,50.91,51.91,71861
BK,03/15/2022,50.84,50.99,49.95,50.55,57373
BK,03/14/2022,50.78,51.31,50.24,50.53,62261
BK,03/11/2022,50.98,51.12,49.79,50.00,56447
BK,03/10/2022,50.97,51.17,48.84,50.00,93599
BK,03/09/2022,52.80,53.36,52.02,52.18,69323
BK,03/08/2022,50.69,51.83,49.89,50.73,80542
BK,03/07/2022,50.39,50.83,49.82,50.01,82195
BK,03/04/2022,50.92,51.23,50.20,50.92,62150
BK,03/03/2022,52.25,52.86,51.57,52.36,47799
BK,03/02/2022,51.16,52.72,51.16,52.14,46792
BK,03/01/2022,52.62,52.76,49.81,50.58,83052
BK,02/28/2022,52.59,53.50,52.35,53.15,95087
BK,02/25/2022,52.97,54.48,52.81,54.37,63189
BK,02/24/2022,51.50,52.69,50.61,52.50,84878
BK,02/23/2022,56.00,56.25,53.09,53.35,67355
BK,02/22/2022,56.00,56.62,55.20,55.64,61864
BK,02/18/2022,57.09,57.46,56.01,56.38,75680
BK,02/17/2022,61.48,61.69,57.30,57.35,97970
BK,02/16/2022,61.81,62.89,61.59,62.50,36206
BK,02/15/2022,62.13,62.56,61.81,62.23,43936
BK,02/14/2022,62.35,62.53,60.77,61.47,48594
