BKI,06/23/2023,57.28,57.39,56.84,57.00,489
BKI,06/22/2023,57.82,57.99,57.02,57.36,6325
BKI,06/21/2023,58.20,58.20,57.01,57.86,15241
BKI,06/20/2023,57.00,58.85,57.00,58.34,16956
BKI,06/16/2023,58.38,58.46,57.12,57.38,15626
BKI,06/15/2023,56.82,58.28,56.47,58.07,13107
BKI,06/14/2023,56.66,57.19,56.57,57.00,11405
BKI,06/13/2023,57.41,57.50,56.30,56.83,6840
BKI,06/12/2023,56.20,57.31,56.13,57.19,3888
BKI,06/09/2023,56.19,56.19,55.13,56.12,6172
BKI,06/08/2023,56.25,56.52,55.81,56.04,4744
BKI,06/07/2023,57.02,57.36,56.09,56.24,7086
BKI,06/06/2023,56.74,57.20,56.68,56.92,3811
BKI,06/05/2023,57.11,57.42,55.47,56.74,4541
BKI,06/02/2023,56.58,57.62,56.51,57.31,2979
BKI,06/01/2023,57.63,57.93,56.11,56.55,5229
BKI,05/31/2023,56.50,58.07,55.96,57.78,52851
BKI,05/30/2023,56.31,56.90,55.89,56.44,6003
BKI,05/26/2023,55.00,56.37,55.00,56.09,5629
BKI,05/25/2023,55.01,55.82,55.01,55.11,4239
BKI,05/24/2023,54.33,55.65,54.33,55.07,7141
BKI,05/23/2023,55.57,56.04,54.48,54.52,7961
BKI,05/22/2023,55.74,56.62,55.65,55.69,7318
BKI,05/19/2023,55.95,56.23,55.62,55.62,6235
BKI,05/18/2023,55.06,56.23,54.82,55.76,5082
BKI,05/17/2023,54.54,55.74,54.54,55.19,5833
BKI,05/16/2023,53.49,54.79,53.37,54.45,8242
BKI,05/15/2023,53.55,53.95,53.55,53.66,14589
BKI,05/12/2023,54.56,54.86,53.61,53.69,8646
BKI,05/11/2023,54.70,54.75,53.95,54.51,5593
BKI,05/10/2023,53.96,54.80,53.87,54.72,6397
BKI,05/09/2023,53.80,54.05,53.65,53.93,11211
BKI,05/08/2023,53.98,54.38,53.57,53.68,7934
BKI,05/05/2023,53.70,54.28,53.45,54.06,11355
BKI,05/04/2023,54.21,54.73,53.34,53.70,14471
BKI,05/03/2023,54.10,54.37,53.15,53.40,6477
BKI,05/02/2023,54.21,54.90,53.87,54.00,10754
BKI,05/01/2023,54.46,54.80,54.10,54.14,10334
BKI,04/28/2023,54.50,55.25,54.31,54.64,13169
BKI,04/27/2023,54.75,55.33,54.18,54.40,9466
BKI,04/26/2023,55.01,55.14,54.31,54.51,4357
BKI,04/25/2023,55.46,55.60,54.69,54.75,11322
BKI,04/24/2023,55.70,55.97,55.32,55.54,10394
BKI,04/21/2023,56.02,56.12,55.51,55.75,15898
BKI,04/20/2023,56.50,56.97,55.66,55.84,13028
BKI,04/19/2023,56.58,56.99,56.08,56.50,11712
BKI,04/18/2023,56.85,56.85,56.22,56.63,11712
BKI,04/17/2023,56.00,56.64,55.85,56.58,9880
BKI,04/14/2023,56.37,56.56,55.79,56.26,5402
BKI,04/13/2023,55.41,56.36,55.41,56.28,10867
BKI,04/12/2023,57.15,57.15,55.28,55.38,19304
BKI,04/11/2023,57.23,57.86,56.68,56.79,15546
BKI,04/10/2023,58.05,58.49,57.53,57.76,13485
BKI,04/06/2023,57.19,58.31,57.19,58.27,10952
BKI,04/05/2023,57.09,57.66,57.09,57.29,4939
BKI,04/04/2023,57.59,57.76,57.13,57.31,8970
BKI,04/03/2023,57.11,57.60,56.93,57.60,14026
BKI,03/31/2023,56.48,57.58,56.48,57.56,11729
BKI,03/30/2023,56.52,57.23,56.40,56.51,9442
BKI,03/29/2023,55.94,56.53,55.64,56.38,6424
BKI,03/28/2023,55.19,55.60,55.19,55.51,13584
BKI,03/27/2023,54.80,55.42,54.46,55.25,8149
BKI,03/24/2023,55.02,55.10,54.38,54.58,11821
BKI,03/23/2023,55.66,55.86,54.86,54.90,13831
BKI,03/22/2023,55.66,55.99,55.23,55.27,6135
BKI,03/21/2023,55.50,55.82,55.00,55.61,9834
BKI,03/20/2023,55.24,55.95,55.15,55.30,6628
BKI,03/17/2023,55.36,55.54,54.84,55.26,19945
BKI,03/16/2023,55.62,56.35,55.37,55.67,8679
BKI,03/15/2023,55.89,56.47,55.50,55.63,12798
BKI,03/14/2023,56.23,56.61,55.48,56.18,22805
BKI,03/13/2023,56.24,56.28,54.66,55.71,35266
BKI,03/10/2023,59.30,59.50,55.45,56.52,29557
BKI,03/09/2023,61.07,61.09,59.42,59.42,20730
BKI,03/08/2023,60.51,61.14,60.51,61.01,13458
BKI,03/07/2023,60.40,61.40,60.16,60.69,36132
BKI,03/06/2023,58.93,58.97,57.71,58.45,11469
BKI,03/03/2023,57.93,59.23,57.88,58.84,14247
BKI,03/02/2023,58.10,58.25,57.22,57.75,9357
BKI,03/01/2023,59.66,59.73,58.09,58.37,12393
BKI,02/28/2023,59.67,60.05,59.14,59.60,18158
BKI,02/27/2023,63.21,63.31,59.02,60.85,29471
BKI,02/24/2023,62.83,63.41,62.28,63.08,6737
BKI,02/23/2023,64.00,64.02,62.90,63.32,6233
BKI,02/22/2023,63.91,64.17,63.63,63.86,6617
BKI,02/21/2023,63.80,63.97,63.39,63.69,7363
BKI,02/17/2023,64.28,64.55,63.59,63.94,7689
BKI,02/16/2023,64.00,64.76,63.82,64.47,6156
BKI,02/15/2023,63.65,64.68,63.65,64.15,6844
BKI,02/14/2023,64.11,64.15,63.16,63.60,8561
BKI,02/13/2023,64.32,64.59,63.08,63.98,7827
BKI,02/10/2023,62.45,65.18,62.29,64.63,35730
BKI,02/09/2023,61.32,63.33,60.68,62.00,30287
BKI,02/08/2023,60.61,61.17,59.89,60.88,7539
BKI,02/07/2023,60.12,60.63,59.59,60.47,6312
BKI,02/06/2023,60.51,61.08,60.24,60.37,8003
BKI,02/03/2023,61.10,61.70,60.75,61.10,9287
BKI,02/02/2023,61.72,62.22,61.05,61.60,13068
BKI,02/01/2023,60.53,62.45,60.31,61.14,17479
BKI,01/31/2023,60.70,61.34,60.08,60.59,8504
BKI,01/30/2023,60.89,61.27,60.46,60.67,6393
BKI,01/27/2023,60.82,61.56,60.55,60.89,9985
BKI,01/26/2023,61.03,61.18,60.35,60.89,11807
BKI,01/25/2023,60.15,61.13,60.02,60.52,8087
BKI,01/24/2023,61.28,61.65,60.03,60.53,13131
BKI,01/23/2023,60.68,62.00,60.68,61.71,11454
BKI,01/20/2023,58.61,60.80,58.26,60.61,18123
BKI,01/19/2023,58.32,58.62,57.82,58.28,9693
BKI,01/18/2023,60.23,60.26,58.49,58.51,8531
BKI,01/17/2023,59.74,60.48,59.31,59.85,9788
BKI,01/13/2023,61.04,61.39,59.74,60.00,9389
BKI,01/12/2023,61.96,61.96,60.69,61.50,7126
BKI,01/11/2023,62.11,62.47,60.66,62.02,12149
BKI,01/10/2023,60.80,62.70,60.80,61.92,6304
BKI,01/09/2023,62.00,62.41,61.11,61.14,8194
BKI,01/06/2023,62.29,62.35,61.06,61.72,4299
BKI,01/05/2023,61.56,61.91,60.75,61.87,5516
BKI,01/04/2023,62.59,62.59,61.62,61.83,6421
BKI,01/03/2023,61.71,62.51,61.14,62.00,5715
BKI,12/30/2022,60.78,61.97,60.75,61.75,4991
BKI,12/29/2022,60.17,61.41,59.74,61.09,5401
BKI,12/28/2022,59.22,60.18,59.14,59.96,6361
BKI,12/27/2022,59.27,60.26,58.96,59.50,6876
BKI,12/23/2022,58.50,59.47,58.30,59.35,5141
BKI,12/22/2022,58.99,59.66,58.68,58.75,4240
BKI,12/21/2022,58.16,60.09,58.02,59.50,4277
BKI,12/20/2022,58.20,58.92,57.78,58.30,6938
BKI,12/19/2022,58.37,59.40,57.62,58.30,7643
BKI,12/16/2022,59.48,59.58,57.92,58.63,9773
BKI,12/15/2022,60.00,60.76,59.30,59.67,6420
BKI,12/14/2022,60.78,61.75,60.31,60.52,5340
BKI,12/13/2022,60.89,61.52,60.64,60.93,5191
BKI,12/12/2022,59.85,60.22,59.46,60.09,4408
BKI,12/09/2022,60.13,60.95,59.83,59.89,5516
BKI,12/08/2022,58.92,60.52,58.66,60.26,5555
BKI,12/07/2022,59.18,59.71,57.80,59.08,5988
BKI,12/06/2022,59.86,60.04,59.13,59.29,5927
BKI,12/05/2022,60.95,61.00,59.81,59.97,7437
BKI,12/02/2022,61.04,62.13,60.93,61.39,6335
BKI,12/01/2022,62.04,63.31,61.71,61.95,6728
BKI,11/30/2022,61.00,62.30,60.47,61.99,16308
BKI,11/29/2022,60.96,61.64,60.35,60.75,8535
BKI,11/28/2022,62.55,63.06,61.07,61.16,4699
BKI,11/25/2022,64.25,64.75,62.62,62.69,4079
BKI,11/23/2022,63.14,64.10,62.62,63.99,9332
BKI,11/22/2022,61.22,63.19,61.07,63.10,7731
BKI,11/21/2022,61.13,61.39,60.21,61.10,10429
BKI,11/18/2022,60.23,60.86,59.66,60.80,14314
BKI,11/17/2022,58.95,59.91,58.95,59.75,10680
BKI,11/16/2022,59.82,59.82,58.71,59.64,7980
BKI,11/15/2022,60.11,60.53,59.24,59.66,11172
BKI,11/14/2022,58.58,59.41,58.35,59.06,10342
BKI,11/11/2022,58.75,59.08,58.27,58.58,9801
BKI,11/10/2022,57.39,58.78,57.39,58.72,8836
BKI,11/09/2022,55.92,56.42,55.37,56.09,7728
BKI,11/08/2022,54.25,56.51,53.84,56.11,8578
BKI,11/07/2022,55.02,55.70,54.46,55.11,8463
BKI,11/04/2022,55.90,56.54,54.43,55.05,9013
BKI,11/03/2022,59.37,60.48,55.80,56.40,27266
BKI,11/02/2022,60.91,61.81,59.88,60.77,5014
BKI,11/01/2022,60.72,61.38,60.35,61.10,10584
BKI,10/31/2022,60.18,61.52,60.05,60.47,9028
BKI,10/28/2022,60.96,61.27,60.02,60.27,8880
BKI,10/27/2022,63.68,63.83,61.04,61.27,14539
BKI,10/26/2022,63.46,64.26,63.33,63.55,13721
BKI,10/25/2022,62.24,64.30,62.15,64.05,7345
BKI,10/24/2022,60.45,62.14,60.20,62.09,4636
BKI,10/21/2022,59.96,60.31,59.36,60.27,6582
BKI,10/20/2022,60.62,61.15,59.38,59.69,5944
BKI,10/19/2022,61.08,61.43,60.46,60.68,3350
BKI,10/18/2022,61.68,62.14,61.01,61.24,5847
BKI,10/17/2022,62.33,62.66,60.94,60.95,9188
BKI,10/14/2022,62.62,62.66,61.40,61.62,15130
BKI,10/13/2022,61.88,62.58,61.45,62.13,13959
BKI,10/12/2022,63.25,63.43,62.47,62.57,4031
BKI,10/11/2022,64.73,65.06,62.86,63.04,8634
BKI,10/10/2022,65.89,66.06,64.75,64.88,3726
BKI,10/07/2022,65.82,66.18,65.48,66.02,6349
BKI,10/06/2022,66.12,66.56,65.91,66.30,7818
BKI,10/05/2022,66.27,66.81,65.96,66.11,8444
BKI,10/04/2022,66.02,66.68,65.32,66.65,11086
BKI,10/03/2022,64.87,65.78,64.57,65.38,11380
BKI,09/30/2022,65.59,65.90,64.70,64.73,8072
BKI,09/29/2022,65.74,66.27,65.31,65.65,15840
BKI,09/28/2022,65.67,66.47,65.45,66.12,10573
BKI,09/27/2022,65.73,66.14,65.03,65.49,7358
BKI,09/26/2022,66.16,66.23,64.88,65.52,11131
BKI,09/23/2022,66.68,66.94,65.54,66.22,7016
BKI,09/22/2022,66.68,67.08,66.48,67.00,7239
BKI,09/21/2022,67.07,67.90,66.82,66.82,15354
BKI,09/20/2022,66.80,67.78,66.74,67.32,8226
BKI,09/19/2022,67.07,67.25,66.67,67.06,6193
BKI,09/16/2022,67.29,67.48,66.63,67.29,10161
BKI,09/15/2022,67.97,68.43,67.48,67.58,3937
BKI,09/14/2022,68.22,68.53,67.75,68.30,13594
BKI,09/13/2022,67.54,68.76,67.54,68.20,4464
BKI,09/12/2022,67.81,68.46,67.50,68.45,8241
BKI,09/09/2022,66.44,67.74,66.09,67.74,4720
BKI,09/08/2022,65.94,66.07,65.76,66.00,4130
BKI,09/07/2022,65.51,66.63,65.31,65.99,5383
BKI,09/06/2022,66.41,66.86,65.02,65.39,7225
BKI,09/02/2022,67.68,67.68,66.02,66.36,6333
BKI,09/01/2022,65.98,67.31,65.68,67.31,5499
BKI,08/31/2022,66.66,66.69,65.89,66.16,13090
BKI,08/30/2022,66.51,67.30,66.22,66.50,3565
BKI,08/29/2022,66.80,67.32,66.44,66.51,6126
BKI,08/26/2022,67.69,67.97,66.98,67.23,3863
BKI,08/25/2022,67.07,67.80,67.00,67.69,2562
BKI,08/24/2022,67.07,67.43,66.79,67.16,1951
BKI,08/23/2022,66.89,67.37,66.69,66.90,3616
BKI,08/22/2022,67.20,67.32,66.62,66.89,4969
BKI,08/19/2022,68.00,68.23,66.93,67.26,4416
BKI,08/18/2022,68.34,68.78,67.87,68.35,5135
BKI,08/17/2022,67.52,68.38,67.52,68.26,3682
BKI,08/16/2022,67.05,68.30,67.05,67.70,4812
BKI,08/15/2022,66.94,67.85,66.78,67.71,7030
BKI,08/12/2022,66.09,67.26,65.98,67.14,4481
BKI,08/11/2022,66.21,66.41,65.20,65.86,9446
BKI,08/10/2022,64.90,66.08,64.57,66.02,7393
BKI,08/09/2022,64.02,65.06,63.23,64.30,6792
BKI,08/08/2022,64.38,64.85,63.98,64.61,9239
BKI,08/05/2022,64.99,66.01,64.20,64.51,4302
BKI,08/04/2022,64.85,66.12,64.60,65.70,6716
BKI,08/03/2022,64.12,65.16,63.90,64.17,5431
BKI,08/02/2022,64.43,65.04,63.68,63.79,3317
BKI,08/01/2022,65.39,65.56,64.36,64.49,5055
BKI,07/29/2022,65.22,65.75,64.34,65.68,4790
BKI,07/28/2022,64.76,66.04,64.76,65.57,3011
BKI,07/27/2022,64.56,64.75,63.61,64.69,5626
BKI,07/26/2022,64.90,65.17,63.88,64.10,4610
BKI,07/25/2022,64.63,65.27,64.07,64.90,5031
BKI,07/22/2022,65.69,65.93,64.65,65.03,2906
BKI,07/21/2022,65.04,65.94,64.72,65.69,4939
BKI,07/20/2022,63.32,65.41,62.95,65.04,6232
BKI,07/19/2022,63.09,64.47,62.74,63.21,6710
BKI,07/18/2022,63.11,63.77,62.23,62.45,7981
BKI,07/15/2022,62.76,63.09,62.36,62.60,10509
BKI,07/14/2022,62.14,62.96,61.52,62.36,5489
BKI,07/13/2022,62.28,63.22,61.37,62.94,5126
BKI,07/12/2022,64.05,65.17,62.51,63.09,6174
BKI,07/11/2022,64.83,65.07,64.10,64.36,2410
BKI,07/08/2022,65.51,65.86,65.10,65.19,2634
BKI,07/07/2022,65.73,66.22,65.36,65.81,6587
BKI,07/06/2022,65.02,65.85,64.18,65.84,6619
BKI,07/05/2022,65.68,65.76,63.90,65.12,7054
BKI,07/01/2022,65.38,66.40,64.64,66.18,7147
BKI,06/30/2022,64.66,65.82,63.95,65.39,8267
BKI,06/29/2022,66.04,67.06,64.81,65.46,4989
BKI,06/28/2022,67.19,67.31,65.77,66.00,6766
BKI,06/27/2022,66.11,67.51,65.02,66.97,5970
BKI,06/24/2022,65.14,66.30,64.54,66.21,10061
BKI,06/23/2022,63.80,65.66,63.80,65.36,6934
BKI,06/22/2022,62.77,64.92,62.17,64.06,8473
BKI,06/21/2022,64.91,65.39,62.54,62.89,16690
BKI,06/17/2022,63.17,64.83,63.11,64.69,10925
BKI,06/16/2022,63.29,63.54,61.57,63.06,8058
BKI,06/15/2022,64.92,65.00,63.42,64.54,5306
BKI,06/14/2022,64.94,65.43,63.38,64.42,7459
BKI,06/13/2022,65.44,66.00,64.35,64.37,13708
BKI,06/10/2022,66.24,67.06,65.82,66.51,5874
BKI,06/09/2022,67.28,67.98,66.96,67.25,4678
BKI,06/08/2022,69.00,69.08,67.50,67.60,6420
BKI,06/07/2022,68.59,69.34,68.03,69.29,10307
BKI,06/06/2022,69.12,69.83,68.85,69.04,5412
BKI,06/03/2022,68.20,70.12,68.02,69.56,11975
BKI,06/02/2022,67.61,69.73,67.29,68.85,9541
BKI,06/01/2022,68.54,68.54,66.85,67.51,10409
BKI,05/31/2022,68.22,68.65,67.17,67.91,39216
BKI,05/27/2022,69.24,70.18,68.65,68.68,10692
BKI,05/26/2022,69.50,69.78,68.79,68.81,8696
BKI,05/25/2022,70.00,70.80,68.90,69.35,15462
BKI,05/24/2022,70.84,71.32,69.70,69.95,13547
BKI,05/23/2022,72.25,72.26,70.70,71.11,8611
BKI,05/20/2022,72.11,72.74,71.30,71.96,16175
BKI,05/19/2022,70.75,71.93,70.51,71.81,15006
BKI,05/18/2022,71.87,72.07,70.07,70.60,15349
BKI,05/17/2022,70.63,72.03,69.76,71.89,30272
BKI,05/16/2022,69.05,70.00,68.87,69.91,13957
BKI,05/13/2022,69.28,69.97,68.69,69.34,12934
BKI,05/12/2022,68.83,70.45,68.70,69.41,24296
BKI,05/11/2022,69.00,70.09,68.25,69.34,36474
BKI,05/10/2022,70.87,70.99,69.17,69.54,19451
BKI,05/09/2022,69.33,71.54,69.23,70.08,28932
BKI,05/06/2022,70.62,72.23,69.64,70.91,51283
BKI,05/05/2022,72.97,73.75,70.54,71.81,62321
BKI,05/04/2022,63.17,79.78,62.22,72.84,103051
BKI,05/03/2022,63.79,64.56,63.42,63.63,10740
BKI,05/02/2022,65.43,65.54,63.40,63.83,13237
BKI,04/29/2022,65.93,66.60,65.16,65.79,16914
BKI,04/28/2022,65.29,66.63,64.69,66.23,8292
BKI,04/27/2022,64.92,65.99,64.69,64.71,9932
BKI,04/26/2022,66.70,67.48,64.95,65.18,14798
BKI,04/25/2022,65.64,67.57,65.13,67.46,11398
BKI,04/22/2022,67.17,67.21,65.71,65.78,9151
BKI,04/21/2022,69.49,69.84,66.96,67.26,9260
BKI,04/20/2022,68.32,69.85,67.81,69.06,12411
BKI,04/19/2022,66.87,68.51,66.59,68.09,8644
BKI,04/18/2022,67.52,68.10,66.39,66.48,9972
BKI,04/14/2022,67.72,68.46,67.12,67.71,11334
BKI,04/13/2022,65.84,67.46,65.59,67.24,11886
BKI,04/12/2022,67.16,68.07,66.20,66.27,12973
BKI,04/11/2022,67.83,68.41,66.83,67.10,10714
BKI,04/08/2022,68.00,68.55,67.44,68.02,15935
BKI,04/07/2022,66.79,68.35,66.25,68.20,21889
BKI,04/06/2022,65.68,68.39,65.56,67.14,33382
BKI,04/05/2022,59.02,67.14,58.49,66.27,69708
BKI,04/04/2022,58.07,59.53,57.98,59.27,14549
BKI,04/01/2022,58.24,58.48,57.26,57.78,8210
BKI,03/31/2022,58.35,59.48,57.98,57.99,9335
BKI,03/30/2022,58.86,59.44,57.88,58.27,15588
BKI,03/29/2022,58.61,59.68,58.26,59.38,10064
BKI,03/28/2022,58.91,59.62,57.08,57.95,9709
BKI,03/25/2022,58.96,59.42,58.06,59.08,9004
BKI,03/24/2022,59.45,59.55,58.28,58.59,11233
BKI,03/23/2022,60.44,60.75,59.00,59.35,13900
BKI,03/22/2022,60.38,61.83,59.84,61.10,7846
BKI,03/21/2022,60.10,60.69,59.82,60.22,8962
BKI,03/18/2022,58.65,60.63,58.65,60.58,21865
BKI,03/17/2022,58.92,59.85,58.85,59.14,7336
BKI,03/16/2022,57.18,59.28,57.18,59.26,16892
BKI,03/15/2022,57.45,57.97,56.28,56.59,22443
BKI,03/14/2022,56.82,58.08,56.69,57.08,14771
BKI,03/11/2022,57.64,57.85,56.07,56.60,14840
BKI,03/10/2022,57.42,57.69,56.04,57.18,16150
BKI,03/09/2022,58.45,59.05,57.77,58.37,13080
BKI,03/08/2022,57.87,58.66,56.49,57.39,17350
BKI,03/07/2022,60.75,61.17,58.26,58.44,17112
BKI,03/04/2022,59.35,61.25,59.30,60.72,18028
BKI,03/03/2022,59.98,60.44,58.91,59.95,16226
BKI,03/02/2022,57.98,59.69,57.20,59.37,18788
BKI,03/01/2022,56.30,58.03,56.19,57.65,15317
BKI,02/28/2022,56.20,57.08,54.83,56.19,19154
BKI,02/25/2022,54.98,56.85,54.75,56.45,15448
BKI,02/24/2022,52.23,55.87,52.00,55.38,20704
BKI,02/23/2022,54.98,55.42,52.91,53.12,27363
BKI,02/22/2022,55.35,55.55,54.00,54.25,17224
BKI,02/18/2022,57.46,57.75,55.77,55.86,21635
BKI,02/17/2022,59.11,59.76,57.38,57.81,21081
BKI,02/16/2022,62.69,63.45,59.95,60.44,21977
BKI,02/15/2022,66.40,68.29,62.51,63.44,21508
BKI,02/14/2022,66.56,67.12,64.55,65.53,22195
