BRO,06/23/2023,66.22,66.75,66.13,66.72,1583
BRO,06/22/2023,66.63,66.63,65.68,66.01,8197
BRO,06/21/2023,66.11,66.48,65.51,66.40,12462
BRO,06/20/2023,66.00,66.77,65.75,66.05,11374
BRO,06/16/2023,66.09,66.70,66.00,66.25,18758
BRO,06/15/2023,64.62,66.24,64.50,66.05,11669
BRO,06/14/2023,64.50,64.96,64.07,64.60,8880
BRO,06/13/2023,64.20,64.74,63.93,64.50,11261
BRO,06/12/2023,64.00,64.42,63.36,64.31,8107
BRO,06/09/2023,63.67,64.29,63.49,64.03,8827
BRO,06/08/2023,63.24,63.87,63.02,63.86,11625
BRO,06/07/2023,63.73,63.85,62.92,63.44,10508
BRO,06/06/2023,63.87,63.91,63.28,63.79,6638
BRO,06/05/2023,63.77,64.00,63.32,63.68,7830
BRO,06/02/2023,62.92,63.95,62.84,63.79,8797
BRO,06/01/2023,62.54,62.77,61.71,62.75,7364
BRO,05/31/2023,62.70,62.86,61.84,62.33,15944
BRO,05/30/2023,62.94,63.49,62.76,62.98,11232
BRO,05/26/2023,63.03,63.60,62.75,62.87,9168
BRO,05/25/2023,63.21,63.22,62.42,63.09,7556
BRO,05/24/2023,62.78,63.37,62.44,63.09,9793
BRO,05/23/2023,65.38,65.61,63.09,63.20,12290
BRO,05/22/2023,66.09,66.52,65.58,65.71,9783
BRO,05/19/2023,66.62,66.92,66.03,66.36,9848
BRO,05/18/2023,65.47,66.31,65.07,66.27,9219
BRO,05/17/2023,66.05,66.05,65.20,65.36,7944
BRO,05/16/2023,65.61,66.15,65.28,65.71,10425
BRO,05/15/2023,65.80,65.88,65.40,65.87,6195
BRO,05/12/2023,66.00,66.16,65.02,65.68,5894
BRO,05/11/2023,65.49,65.71,65.06,65.66,6784
BRO,05/10/2023,65.74,66.06,65.07,65.59,7953
BRO,05/09/2023,65.70,66.10,65.38,65.57,6974
BRO,05/08/2023,65.17,65.88,65.02,65.75,7767
BRO,05/05/2023,64.33,65.36,64.32,65.31,9827
BRO,05/04/2023,64.69,64.91,63.96,64.11,10141
BRO,05/03/2023,65.29,65.62,64.69,64.70,10940
BRO,05/02/2023,65.71,65.85,64.36,64.92,16340
BRO,05/01/2023,64.22,66.39,64.22,65.83,21675
BRO,04/28/2023,63.82,64.70,63.76,64.39,17224
BRO,04/27/2023,62.96,64.08,62.76,64.04,15272
BRO,04/26/2023,62.72,63.53,62.66,62.82,16300
BRO,04/25/2023,60.00,64.18,60.00,63.01,26457
BRO,04/24/2023,61.44,61.70,60.88,61.06,14161
BRO,04/21/2023,60.88,61.44,60.43,61.40,83676
BRO,04/20/2023,60.41,61.00,59.91,60.85,13028
BRO,04/19/2023,60.61,60.93,60.18,60.39,11982
BRO,04/18/2023,60.60,60.84,59.94,60.35,18724
BRO,04/17/2023,58.83,59.81,58.71,59.81,19311
BRO,04/14/2023,59.02,59.25,58.48,58.77,7207
BRO,04/13/2023,58.29,59.04,58.05,58.96,9242
BRO,04/12/2023,59.10,59.38,58.17,58.48,15124
BRO,04/11/2023,58.58,59.05,58.33,58.91,7560
BRO,04/10/2023,58.73,58.85,58.02,58.42,7952
BRO,04/06/2023,58.81,59.17,58.50,59.14,7955
BRO,04/05/2023,57.60,58.85,57.60,58.84,10062
BRO,04/04/2023,57.97,58.26,57.07,57.79,9360
BRO,04/03/2023,57.25,57.85,57.21,57.65,9401
BRO,03/31/2023,57.22,57.48,56.83,57.42,8180
BRO,03/30/2023,56.74,57.02,56.09,56.62,8756
BRO,03/29/2023,56.37,56.58,55.99,56.42,8196
BRO,03/28/2023,55.78,56.03,55.42,55.78,7890
BRO,03/27/2023,55.80,56.16,55.59,55.79,8626
BRO,03/24/2023,54.62,55.46,54.24,55.36,9289
BRO,03/23/2023,54.64,55.56,54.51,55.06,9480
BRO,03/22/2023,55.91,56.34,54.87,54.88,11531
BRO,03/21/2023,55.24,56.00,55.17,55.79,12742
BRO,03/20/2023,54.01,54.64,53.63,54.35,16241
BRO,03/17/2023,55.01,55.05,53.49,53.80,29273
BRO,03/16/2023,53.36,55.59,53.14,55.11,13731
BRO,03/15/2023,53.89,54.34,52.82,53.43,14870
BRO,03/14/2023,54.92,55.25,54.11,55.04,14776
BRO,03/13/2023,54.17,55.11,53.79,54.07,13277
BRO,03/10/2023,55.39,55.96,54.46,54.92,13570
BRO,03/09/2023,57.03,57.30,55.13,55.43,13127
BRO,03/08/2023,56.12,56.94,56.00,56.88,13187
BRO,03/07/2023,57.08,57.21,55.90,56.02,8099
BRO,03/06/2023,56.99,57.44,56.85,57.00,9144
BRO,03/03/2023,56.36,56.80,55.85,56.76,6577
BRO,03/02/2023,55.68,56.21,55.37,56.15,7955
BRO,03/01/2023,55.72,56.34,55.54,56.01,12794
BRO,02/28/2023,55.89,56.50,55.83,56.07,16106
BRO,02/27/2023,57.04,57.09,55.86,55.96,7122
BRO,02/24/2023,56.08,56.54,55.83,56.47,6181
BRO,02/23/2023,56.54,56.97,55.93,56.46,5183
BRO,02/22/2023,56.30,56.85,56.17,56.48,8512
BRO,02/21/2023,57.35,57.40,56.11,56.25,7713
BRO,02/17/2023,57.27,57.78,57.12,57.67,8843
BRO,02/16/2023,57.16,57.75,57.07,57.37,5905
BRO,02/15/2023,56.93,57.97,56.75,57.92,6521
BRO,02/14/2023,58.99,59.07,57.23,57.26,10704
BRO,02/13/2023,58.35,58.67,58.15,58.47,6910
BRO,02/10/2023,58.17,58.28,57.61,58.25,7568
BRO,02/09/2023,59.22,59.60,58.19,58.31,10636
BRO,02/08/2023,59.56,59.99,58.89,58.96,8705
BRO,02/07/2023,58.68,60.18,58.66,59.97,12448
BRO,02/06/2023,58.15,59.14,58.06,59.01,9486
BRO,02/03/2023,58.32,58.48,57.66,58.39,12560
BRO,02/02/2023,58.39,58.70,57.67,58.66,14723
BRO,02/01/2023,58.04,58.97,57.48,58.40,14671
BRO,01/31/2023,57.43,58.56,57.26,58.56,26283
BRO,01/30/2023,57.50,57.98,57.38,57.46,12442
BRO,01/27/2023,58.27,58.37,57.07,57.60,14951
BRO,01/26/2023,58.84,58.93,57.66,58.36,15202
BRO,01/25/2023,58.87,59.62,57.57,58.96,20013
BRO,01/24/2023,61.77,61.77,57.51,58.71,26411
BRO,01/23/2023,61.85,62.22,61.13,61.96,15810
BRO,01/20/2023,60.51,61.80,60.18,61.72,12806
BRO,01/19/2023,60.25,60.59,59.95,60.25,8806
BRO,01/18/2023,61.26,61.48,60.48,60.63,9537
BRO,01/17/2023,61.27,61.74,61.08,61.18,9860
BRO,01/13/2023,61.15,61.47,60.84,61.27,6698
BRO,01/12/2023,61.95,62.23,61.02,61.66,11976
BRO,01/11/2023,60.12,61.73,60.01,61.69,13983
BRO,01/10/2023,58.80,59.88,58.76,59.87,7973
BRO,01/09/2023,59.00,59.76,58.78,58.84,9047
BRO,01/06/2023,57.62,59.13,57.26,58.83,7278
BRO,01/05/2023,57.40,57.77,56.27,57.08,12993
BRO,01/04/2023,57.13,58.02,56.92,57.60,12525
BRO,01/03/2023,57.06,57.47,56.10,56.65,11332
BRO,12/30/2022,57.13,57.20,56.34,56.97,6653
BRO,12/29/2022,56.97,58.04,56.66,57.65,7283
BRO,12/28/2022,57.54,57.67,56.55,56.57,6752
BRO,12/27/2022,57.04,57.38,56.60,57.36,7849
BRO,12/23/2022,56.65,57.00,56.14,56.94,7655
BRO,12/22/2022,56.74,56.94,55.78,56.65,12024
BRO,12/21/2022,56.09,57.00,55.76,56.98,8279
BRO,12/20/2022,55.42,56.04,55.28,55.53,8211
BRO,12/19/2022,55.30,56.11,55.04,55.41,10084
BRO,12/16/2022,55.84,56.42,55.01,55.50,21336
BRO,12/15/2022,57.36,57.50,56.30,56.58,8784
BRO,12/14/2022,58.91,59.78,57.82,58.17,10069
BRO,12/13/2022,59.45,59.72,58.32,58.91,13661
BRO,12/12/2022,57.60,58.06,57.26,58.01,8638
BRO,12/09/2022,57.75,58.11,57.48,57.50,8834
BRO,12/08/2022,57.37,58.25,57.01,57.77,12077
BRO,12/07/2022,58.04,58.55,57.16,57.32,8951
BRO,12/06/2022,59.03,59.07,57.48,57.97,10135
BRO,12/05/2022,59.05,59.31,58.69,59.05,11942
BRO,12/02/2022,58.25,59.65,58.07,59.52,9506
BRO,12/01/2022,59.84,59.97,58.42,58.92,11567
BRO,11/30/2022,56.97,59.69,56.82,59.59,19814
BRO,11/29/2022,57.49,58.12,57.31,57.36,6907
BRO,11/28/2022,58.80,59.34,57.85,57.89,8198
BRO,11/25/2022,58.95,59.52,58.79,59.26,4724
BRO,11/23/2022,57.95,58.80,57.67,58.63,8085
BRO,11/22/2022,58.50,58.61,57.49,57.93,11718
BRO,11/21/2022,57.12,58.22,57.05,58.00,9032
BRO,11/18/2022,57.27,57.63,56.80,56.94,14623
BRO,11/17/2022,56.38,56.99,55.95,56.39,9296
BRO,11/16/2022,55.80,56.97,55.80,56.85,10999
BRO,11/15/2022,56.47,56.77,55.29,55.80,11091
BRO,11/14/2022,56.85,57.35,55.63,55.64,14296
BRO,11/11/2022,59.17,59.17,55.92,56.67,12811
BRO,11/10/2022,57.46,58.79,56.70,58.69,13447
BRO,11/09/2022,56.29,56.86,55.71,55.73,5775
BRO,11/08/2022,56.21,57.08,55.80,56.45,9552
BRO,11/07/2022,55.96,56.21,55.27,56.02,11039
BRO,11/04/2022,57.16,57.16,54.61,55.77,22005
BRO,11/03/2022,56.70,57.58,56.48,56.54,10421
BRO,11/02/2022,58.68,58.87,57.03,57.14,14102
BRO,11/01/2022,59.04,59.18,58.35,58.65,9983
BRO,10/31/2022,58.43,59.22,58.07,58.79,19063
BRO,10/28/2022,56.91,58.71,56.70,58.64,13016
BRO,10/27/2022,56.31,57.16,56.27,56.70,16096
BRO,10/26/2022,55.09,56.35,53.84,55.95,34545
BRO,10/25/2022,59.59,60.45,54.97,55.10,67644
BRO,10/24/2022,62.10,63.29,62.10,63.08,14803
BRO,10/21/2022,60.91,61.75,59.82,61.53,21374
BRO,10/20/2022,62.72,62.72,60.66,60.89,11195
BRO,10/19/2022,61.98,62.99,61.53,62.90,15788
BRO,10/18/2022,62.73,62.75,61.57,62.16,12430
BRO,10/17/2022,60.60,62.04,60.58,61.29,17874
BRO,10/14/2022,63.07,63.26,59.37,59.48,16456
BRO,10/13/2022,59.62,62.95,59.19,62.56,17235
BRO,10/12/2022,61.80,61.80,60.55,60.68,12866
BRO,10/11/2022,62.00,62.71,61.44,61.96,12848
BRO,10/10/2022,61.53,62.30,61.36,62.07,8069
BRO,10/07/2022,62.16,62.29,60.80,61.22,11145
BRO,10/06/2022,63.58,63.70,62.42,62.65,10493
BRO,10/05/2022,62.77,64.03,62.62,63.71,9148
BRO,10/04/2022,62.58,64.02,62.58,63.30,10845
BRO,10/03/2022,60.55,62.40,60.55,62.04,15347
BRO,09/30/2022,60.81,61.70,60.29,60.48,18206
BRO,09/29/2022,60.04,61.01,59.42,60.89,20344
BRO,09/28/2022,60.08,60.67,59.47,60.24,13931
BRO,09/27/2022,59.42,60.50,58.88,59.45,19868
BRO,09/26/2022,58.69,59.24,58.08,58.62,15489
BRO,09/23/2022,58.84,59.57,58.16,58.92,14549
BRO,09/22/2022,60.20,60.20,58.76,59.24,14891
BRO,09/21/2022,61.84,62.67,60.36,60.40,10170
BRO,09/20/2022,61.23,61.82,60.61,61.44,18407
BRO,09/19/2022,61.27,61.88,61.07,61.75,20193
BRO,09/16/2022,61.08,61.68,60.65,61.54,39417
BRO,09/15/2022,62.58,62.69,61.28,61.49,23342
BRO,09/14/2022,62.98,62.99,62.00,62.52,24983
BRO,09/13/2022,64.12,64.28,62.62,62.76,10725
BRO,09/12/2022,65.50,65.62,64.96,65.30,9396
BRO,09/09/2022,65.58,66.19,65.35,65.41,9396
BRO,09/08/2022,64.88,65.61,64.68,65.55,6183
BRO,09/07/2022,63.60,65.38,63.50,65.26,8872
BRO,09/06/2022,62.98,63.90,62.94,63.36,8160
BRO,09/02/2022,64.21,64.47,62.56,62.89,7543
BRO,09/01/2022,63.00,63.69,62.43,63.66,9828
BRO,08/31/2022,64.26,64.49,63.02,63.04,10639
BRO,08/30/2022,64.74,64.74,63.64,63.80,6112
BRO,08/29/2022,64.44,65.01,63.90,64.37,9885
BRO,08/26/2022,66.71,66.71,65.06,65.09,6229
BRO,08/25/2022,65.62,66.62,65.31,66.57,6569
BRO,08/24/2022,65.24,65.60,64.99,65.35,8127
BRO,08/23/2022,65.72,65.91,64.96,65.05,6293
BRO,08/22/2022,66.58,66.90,65.83,65.93,8612
BRO,08/19/2022,67.56,67.62,66.95,67.27,9122
BRO,08/18/2022,67.93,68.08,67.21,67.81,16671
BRO,08/17/2022,67.53,68.27,67.37,67.94,6121
BRO,08/16/2022,67.68,68.43,67.61,68.14,6806
BRO,08/15/2022,67.28,68.12,66.99,67.99,7828
BRO,08/12/2022,67.03,67.59,66.84,67.55,13897
BRO,08/11/2022,66.71,67.35,66.26,66.54,6906
BRO,08/10/2022,66.00,66.53,65.94,66.37,12372
BRO,08/09/2022,65.07,66.01,64.97,65.52,8005
BRO,08/08/2022,65.16,65.69,64.92,65.28,6914
BRO,08/05/2022,63.80,64.94,63.63,64.90,5637
BRO,08/04/2022,64.15,64.57,63.99,64.31,11435
BRO,08/03/2022,63.17,64.49,63.14,64.29,6725
BRO,08/02/2022,62.99,63.60,62.69,62.88,9141
BRO,08/01/2022,64.11,64.45,63.06,63.18,10009
BRO,07/29/2022,64.57,65.70,64.49,65.10,13081
BRO,07/28/2022,63.22,64.44,62.53,64.38,11389
BRO,07/27/2022,62.00,63.37,62.00,63.08,9750
BRO,07/26/2022,61.50,62.58,61.23,61.69,13122
BRO,07/25/2022,62.10,62.59,61.73,62.39,10160
BRO,07/22/2022,62.61,62.80,61.41,61.97,8540
BRO,07/21/2022,60.86,62.39,60.73,62.36,10091
BRO,07/20/2022,60.89,61.26,60.45,60.68,9413
BRO,07/19/2022,59.42,60.92,59.25,60.85,14628
BRO,07/18/2022,59.38,60.18,58.61,58.76,12039
BRO,07/15/2022,59.26,59.65,58.99,59.31,10558
BRO,07/14/2022,57.90,58.52,57.48,58.30,7901
BRO,07/13/2022,58.26,59.43,58.10,58.89,8022
BRO,07/12/2022,59.34,60.18,58.62,59.04,9937
BRO,07/11/2022,59.88,60.10,59.48,59.65,6025
BRO,07/08/2022,60.50,60.62,59.88,60.08,8144
BRO,07/07/2022,60.43,60.79,60.16,60.45,12260
BRO,07/06/2022,60.07,60.82,59.52,60.42,12092
BRO,07/05/2022,58.66,59.97,58.51,59.90,21677
BRO,07/01/2022,58.33,59.34,58.10,59.33,11516
BRO,06/30/2022,57.66,58.54,57.28,58.34,15748
BRO,06/29/2022,57.75,58.16,57.35,58.00,12561
BRO,06/28/2022,59.10,59.92,57.68,57.71,7574
BRO,06/27/2022,59.09,59.26,58.35,59.02,11010
BRO,06/24/2022,57.72,59.11,57.60,59.06,12531
BRO,06/23/2022,55.87,57.64,55.66,57.29,15427
BRO,06/22/2022,54.24,56.37,54.24,55.49,13409
BRO,06/21/2022,54.08,55.10,54.04,54.87,13486
BRO,06/17/2022,53.50,54.12,53.10,53.50,19749
BRO,06/16/2022,53.80,53.88,52.91,53.28,13900
BRO,06/15/2022,55.34,55.88,54.02,54.94,10318
BRO,06/14/2022,54.45,55.21,54.09,54.66,13722
BRO,06/13/2022,54.60,55.38,53.92,54.49,12255
BRO,06/10/2022,55.63,56.48,55.23,55.75,11299
BRO,06/09/2022,58.47,58.84,56.81,56.84,8933
BRO,06/08/2022,58.73,59.41,58.39,58.44,8233
BRO,06/07/2022,58.36,59.27,58.02,59.25,9775
BRO,06/06/2022,59.35,59.84,58.76,58.92,11436
BRO,06/03/2022,58.75,59.38,58.57,58.74,10255
BRO,06/02/2022,58.05,59.66,57.61,59.61,13100
BRO,06/01/2022,59.52,59.85,57.50,58.01,13114
BRO,05/31/2022,59.47,59.91,58.43,59.37,80621
BRO,05/27/2022,58.40,59.96,58.29,59.95,24519
BRO,05/26/2022,56.80,58.37,56.32,58.10,21283
BRO,05/25/2022,55.78,56.48,55.32,56.18,18500
BRO,05/24/2022,55.67,56.16,54.62,55.96,18301
BRO,05/23/2022,55.63,56.17,54.65,55.97,22633
BRO,05/20/2022,55.23,55.37,53.40,55.00,49493
BRO,05/19/2022,55.03,55.36,53.91,54.71,25033
BRO,05/18/2022,57.63,57.78,55.11,55.26,16127
BRO,05/17/2022,58.05,58.36,57.23,58.28,18353
BRO,05/16/2022,57.78,57.98,57.00,57.46,15214
BRO,05/13/2022,56.60,58.23,56.41,57.90,18150
BRO,05/12/2022,55.88,56.91,55.24,56.06,21385
BRO,05/11/2022,57.28,57.97,55.98,56.09,20790
BRO,05/10/2022,57.14,57.99,56.24,57.55,28367
BRO,05/09/2022,57.86,57.94,56.35,56.58,20316
BRO,05/06/2022,58.47,58.79,57.51,58.24,18770
BRO,05/05/2022,60.92,61.31,58.25,58.96,15289
BRO,05/04/2022,59.92,61.64,58.82,61.51,23272
BRO,05/03/2022,60.27,61.29,59.69,59.96,20981
BRO,05/02/2022,62.50,62.70,58.55,60.08,31195
BRO,04/29/2022,64.96,65.08,61.76,61.98,37933
BRO,04/28/2022,65.30,66.20,64.30,65.77,19012
BRO,04/27/2022,65.70,66.18,64.51,64.71,20592
BRO,04/26/2022,68.72,68.85,65.66,65.68,24711
BRO,04/25/2022,67.46,68.62,66.61,68.45,17340
BRO,04/22/2022,70.44,70.56,67.63,67.73,13632
BRO,04/21/2022,71.59,72.04,70.53,70.68,15125
BRO,04/20/2022,70.39,71.27,70.20,71.06,14957
BRO,04/19/2022,70.05,70.46,69.55,70.16,14972
BRO,04/18/2022,70.54,71.08,69.59,69.92,17661
BRO,04/14/2022,71.98,72.38,71.20,71.26,9478
BRO,04/13/2022,71.85,72.19,70.93,71.85,11218
BRO,04/12/2022,72.67,73.45,71.69,71.94,9441
BRO,04/11/2022,72.85,73.24,71.89,72.51,10665
BRO,04/08/2022,73.41,73.83,72.86,72.96,9300
BRO,04/07/2022,72.92,73.86,72.35,73.40,14892
BRO,04/06/2022,71.89,72.99,71.60,72.88,12206
BRO,04/05/2022,72.04,73.60,72.01,72.36,10571
BRO,04/04/2022,72.41,73.33,72.01,72.20,12660
BRO,04/01/2022,72.55,73.51,72.03,72.56,17564
BRO,03/31/2022,72.88,74.00,72.27,72.27,22860
BRO,03/30/2022,72.43,72.73,72.01,72.71,11032
BRO,03/29/2022,72.78,73.17,71.85,72.48,11787
BRO,03/28/2022,70.75,72.25,70.70,72.11,16806
BRO,03/25/2022,69.25,70.40,69.03,70.37,10503
BRO,03/24/2022,68.68,69.41,68.61,68.99,15724
BRO,03/23/2022,68.79,69.74,68.60,68.68,12441
BRO,03/22/2022,69.84,69.88,68.57,69.21,22190
BRO,03/21/2022,69.61,70.23,68.55,69.51,18968
BRO,03/18/2022,68.34,69.81,68.06,69.59,27246
BRO,03/17/2022,66.73,68.17,66.70,68.03,15383
BRO,03/16/2022,66.23,67.54,65.25,66.88,18773
BRO,03/15/2022,64.67,66.06,64.27,65.98,17847
BRO,03/14/2022,63.33,64.16,62.74,63.56,11176
BRO,03/11/2022,63.60,64.18,62.63,62.71,13614
BRO,03/10/2022,62.61,63.91,62.61,63.18,17530
BRO,03/09/2022,62.40,64.23,61.62,63.54,26682
BRO,03/08/2022,66.15,66.33,61.12,61.13,44210
BRO,03/07/2022,67.82,68.01,66.10,66.23,15423
BRO,03/04/2022,67.59,68.51,66.98,68.41,10730
BRO,03/03/2022,68.16,68.87,67.41,68.11,13462
BRO,03/02/2022,67.49,68.16,66.81,67.71,14236
BRO,03/01/2022,67.43,68.00,66.42,66.87,22090
BRO,02/28/2022,66.46,67.86,66.40,67.61,14647
BRO,02/25/2022,66.26,67.75,66.10,67.59,22615
BRO,02/24/2022,62.87,66.40,62.41,66.15,21080
BRO,02/23/2022,65.99,66.30,64.15,64.23,11457
BRO,02/22/2022,66.09,66.58,65.09,65.68,11052
BRO,02/18/2022,65.62,66.56,65.37,66.14,17905
BRO,02/17/2022,66.24,66.55,65.33,65.63,11338
BRO,02/16/2022,66.14,66.81,65.71,66.61,9659
BRO,02/15/2022,66.80,67.25,66.19,66.58,10316
BRO,02/14/2022,66.73,67.40,65.47,65.98,15946
