BWA,06/23/2023,45.22,45.51,44.59,45.31,3051
BWA,06/22/2023,46.06,46.52,45.77,45.91,21306
BWA,06/21/2023,46.35,47.02,45.93,46.31,21359
BWA,06/20/2023,48.04,48.19,46.04,46.39,32249
BWA,06/16/2023,48.61,48.74,47.85,48.60,44939
BWA,06/15/2023,47.60,48.38,47.44,48.28,22677
BWA,06/14/2023,46.99,48.32,46.75,47.80,31911
BWA,06/13/2023,46.11,46.83,46.11,46.68,17333
BWA,06/12/2023,45.86,46.34,45.40,45.78,21086
BWA,06/09/2023,45.93,46.00,45.31,45.85,40754
BWA,06/08/2023,47.00,47.33,45.49,45.68,36643
BWA,06/07/2023,47.01,47.48,46.49,46.73,38082
BWA,06/06/2023,46.60,47.03,44.82,46.97,52144
BWA,06/05/2023,47.68,47.68,46.65,46.95,28950
BWA,06/02/2023,45.99,47.92,45.75,47.68,31246
BWA,06/01/2023,44.78,45.69,44.39,45.27,29504
BWA,05/31/2023,45.90,46.03,44.15,44.33,41551
BWA,05/30/2023,47.16,47.41,46.50,46.71,18131
BWA,05/26/2023,47.11,47.48,46.89,47.17,20570
BWA,05/25/2023,46.04,46.99,46.04,46.86,26253
BWA,05/24/2023,46.36,46.68,45.91,46.20,29275
BWA,05/23/2023,47.30,47.84,46.56,46.73,22810
BWA,05/22/2023,46.15,47.71,46.15,47.64,34478
BWA,05/19/2023,45.35,46.21,45.12,46.15,37035
BWA,05/18/2023,44.38,45.01,44.09,44.98,16161
BWA,05/17/2023,43.98,44.70,43.88,44.41,19010
BWA,05/16/2023,44.05,44.33,43.61,43.61,16700
BWA,05/15/2023,44.82,44.91,44.42,44.54,22202
BWA,05/12/2023,44.90,45.02,43.76,44.11,16437
BWA,05/11/2023,44.23,44.66,43.97,44.64,11912
BWA,05/10/2023,45.32,45.53,44.00,44.31,19636
BWA,05/09/2023,44.71,45.10,44.15,44.51,21003
BWA,05/08/2023,44.86,45.08,44.41,45.03,19559
BWA,05/05/2023,43.74,45.11,43.43,44.61,37443
BWA,05/04/2023,44.53,44.73,42.02,42.80,74080
BWA,05/03/2023,47.06,47.63,46.45,46.46,25392
BWA,05/02/2023,47.55,47.55,46.39,47.30,22648
BWA,05/01/2023,48.31,48.91,47.78,47.81,16459
BWA,04/28/2023,47.44,48.29,47.32,48.13,16317
BWA,04/27/2023,48.18,48.23,46.67,47.64,21332
BWA,04/26/2023,48.15,48.66,48.11,48.19,19672
BWA,04/25/2023,48.92,49.05,48.25,48.35,23757
BWA,04/24/2023,49.00,49.46,48.98,49.16,14253
BWA,04/21/2023,48.67,48.99,48.34,48.98,17056
BWA,04/20/2023,47.64,48.99,47.42,48.87,22650
BWA,04/19/2023,48.25,48.84,48.15,48.81,13871
BWA,04/18/2023,48.72,48.94,48.36,48.48,15705
BWA,04/17/2023,48.56,48.73,47.76,48.38,11910
BWA,04/14/2023,48.38,49.32,48.36,48.73,19760
BWA,04/13/2023,48.26,48.51,47.89,48.12,17862
BWA,04/12/2023,48.19,48.64,47.96,48.07,18389
BWA,04/11/2023,47.29,48.08,46.91,47.70,21300
BWA,04/10/2023,45.98,46.93,45.82,46.92,13849
BWA,04/06/2023,46.35,46.40,45.78,46.06,20409
BWA,04/05/2023,46.90,47.15,46.11,46.40,20379
BWA,04/04/2023,48.69,48.92,47.19,47.43,24394
BWA,04/03/2023,48.93,49.60,48.47,48.70,16979
BWA,03/31/2023,48.51,49.19,48.48,49.11,13919
BWA,03/30/2023,48.56,48.74,48.11,48.21,15618
BWA,03/29/2023,48.07,48.33,47.69,48.14,16756
BWA,03/28/2023,47.50,47.92,47.21,47.67,19658
BWA,03/27/2023,47.88,48.05,46.97,47.43,19663
BWA,03/24/2023,46.09,47.49,45.85,47.38,22278
BWA,03/23/2023,46.98,47.58,46.16,46.62,17456
BWA,03/22/2023,47.37,47.71,46.59,46.63,15960
BWA,03/21/2023,47.03,47.69,46.67,47.21,18594
BWA,03/20/2023,45.87,46.70,45.70,46.03,22576
BWA,03/17/2023,46.51,46.55,45.34,45.74,33729
BWA,03/16/2023,45.49,47.02,45.30,46.94,24343
BWA,03/15/2023,46.14,46.30,45.06,45.91,23042
BWA,03/14/2023,47.18,48.08,46.85,47.61,28555
BWA,03/13/2023,46.83,46.96,45.95,46.36,28845
BWA,03/10/2023,48.89,49.47,47.56,47.94,17710
BWA,03/09/2023,50.11,50.32,48.95,48.98,16877
BWA,03/08/2023,50.12,50.55,49.75,50.07,12684
BWA,03/07/2023,50.11,50.57,49.68,49.98,16657
BWA,03/06/2023,50.99,51.03,50.10,50.27,21067
BWA,03/03/2023,51.05,51.14,50.55,50.81,16633
BWA,03/02/2023,50.27,50.70,49.72,50.70,19684
BWA,03/01/2023,50.49,50.97,49.89,50.65,15224
BWA,02/28/2023,50.15,50.55,49.97,50.28,20239
BWA,02/27/2023,50.22,50.60,49.89,50.16,16741
BWA,02/24/2023,49.00,49.97,48.89,49.78,22342
BWA,02/23/2023,50.17,50.27,49.46,49.77,22264
BWA,02/22/2023,49.53,50.02,49.07,49.74,22304
BWA,02/21/2023,49.90,50.72,49.19,49.33,27075
BWA,02/17/2023,50.08,50.44,49.50,50.43,28707
BWA,02/16/2023,48.72,50.45,48.44,50.32,26775
BWA,02/15/2023,49.49,49.78,49.11,49.38,15242
BWA,02/14/2023,49.61,50.06,48.98,49.69,20114
BWA,02/13/2023,48.30,49.95,48.21,49.86,27517
BWA,02/10/2023,47.46,48.50,47.41,48.32,40100
BWA,02/09/2023,48.12,50.79,47.55,47.95,63747
BWA,02/08/2023,46.66,47.18,46.32,46.63,19885
BWA,02/07/2023,46.74,47.62,46.61,47.31,26510
BWA,02/06/2023,47.35,47.35,46.44,46.97,21364
BWA,02/03/2023,47.51,48.31,47.36,47.61,21621
BWA,02/02/2023,48.28,49.01,48.01,48.21,17445
BWA,02/01/2023,47.28,48.52,47.20,48.28,19419
BWA,01/31/2023,46.48,47.39,46.38,47.28,20295
BWA,01/30/2023,45.25,46.53,45.25,46.16,17873
BWA,01/27/2023,46.23,46.52,45.85,45.97,20357
BWA,01/26/2023,45.27,45.45,44.78,45.32,11272
BWA,01/25/2023,44.43,44.92,44.31,44.85,11117
BWA,01/24/2023,44.08,44.85,43.74,44.52,16736
BWA,01/23/2023,44.50,44.82,44.34,44.67,10865
BWA,01/20/2023,43.91,44.48,43.69,44.40,14363
BWA,01/19/2023,43.30,43.80,42.93,43.70,16521
BWA,01/18/2023,44.72,44.82,43.60,43.85,16809
BWA,01/17/2023,44.49,44.90,44.25,44.25,18385
BWA,01/13/2023,44.00,44.50,43.81,44.48,12678
BWA,01/12/2023,43.97,44.86,43.81,44.61,18252
BWA,01/11/2023,43.10,43.65,42.97,43.56,20008
BWA,01/10/2023,42.44,43.12,42.28,43.07,15148
BWA,01/09/2023,43.00,43.14,42.15,42.24,23700
BWA,01/06/2023,42.29,43.38,42.14,43.15,14168
BWA,01/05/2023,41.21,42.56,41.04,42.00,16344
BWA,01/04/2023,40.79,41.97,40.59,41.61,16637
BWA,01/03/2023,40.80,40.94,40.11,40.27,17484
BWA,12/30/2022,40.14,40.49,39.99,40.25,8302
BWA,12/29/2022,39.96,40.56,39.77,40.46,8738
BWA,12/28/2022,40.29,40.43,39.36,39.48,11388
BWA,12/27/2022,39.95,40.47,39.80,40.15,11395
BWA,12/23/2022,39.61,40.05,39.33,40.00,10621
BWA,12/22/2022,40.46,40.51,38.96,39.57,16860
BWA,12/21/2022,41.00,41.28,40.72,41.00,12262
BWA,12/20/2022,40.63,41.24,40.42,40.46,14245
BWA,12/19/2022,40.74,41.24,40.31,40.62,12904
BWA,12/16/2022,40.31,40.85,39.98,40.54,34374
BWA,12/15/2022,40.67,40.97,40.44,40.79,13531
BWA,12/14/2022,40.74,41.60,40.74,41.16,18672
BWA,12/13/2022,42.51,43.06,40.74,41.12,19805
BWA,12/12/2022,40.37,41.52,40.10,41.34,15290
BWA,12/09/2022,40.42,40.88,40.27,40.47,12325
BWA,12/08/2022,41.44,41.44,40.65,40.74,15722
BWA,12/07/2022,40.91,41.83,40.74,41.18,24735
BWA,12/06/2022,42.38,43.16,40.64,41.00,42227
BWA,12/05/2022,42.12,42.23,41.64,41.91,12702
BWA,12/02/2022,42.12,42.83,41.88,42.68,15749
BWA,12/01/2022,42.58,43.12,42.18,42.66,17425
BWA,11/30/2022,41.90,42.51,41.26,42.51,30678
BWA,11/29/2022,41.85,42.28,41.68,41.93,13828
BWA,11/28/2022,42.12,42.14,41.41,41.53,16604
BWA,11/25/2022,42.08,42.28,41.83,42.24,7706
BWA,11/23/2022,42.26,42.32,41.67,42.01,12609
BWA,11/22/2022,42.25,42.50,42.04,42.48,14456
BWA,11/21/2022,41.85,42.17,41.45,41.90,19916
BWA,11/18/2022,42.08,42.30,41.24,42.22,27826
BWA,11/17/2022,40.76,41.33,40.25,41.32,18584
BWA,11/16/2022,42.39,42.69,41.38,41.45,22317
BWA,11/15/2022,42.37,43.39,42.36,42.79,24392
BWA,11/14/2022,41.99,43.01,41.80,41.98,26962
BWA,11/11/2022,41.16,42.64,41.01,42.42,24381
BWA,11/10/2022,40.00,41.04,40.00,40.97,20706
BWA,11/09/2022,38.36,39.06,38.35,38.54,17893
BWA,11/08/2022,38.41,39.10,38.19,38.85,26572
BWA,11/07/2022,38.35,38.41,37.42,38.26,15493
BWA,11/04/2022,37.21,38.58,36.98,37.94,27056
BWA,11/03/2022,35.78,37.26,35.63,36.29,24666
BWA,11/02/2022,37.02,37.50,36.32,36.34,29223
BWA,11/01/2022,37.87,38.09,37.27,37.31,17993
BWA,10/31/2022,37.48,37.78,37.12,37.53,22779
BWA,10/28/2022,36.87,37.86,36.74,37.84,20087
BWA,10/27/2022,37.25,37.92,36.01,36.88,34828
BWA,10/26/2022,36.71,37.25,36.33,36.54,18362
BWA,10/25/2022,35.55,36.43,35.55,36.36,17930
BWA,10/24/2022,34.79,35.92,34.45,35.64,22058
BWA,10/21/2022,33.96,34.65,33.77,34.54,23429
BWA,10/20/2022,34.27,34.62,33.45,33.77,28256
BWA,10/19/2022,33.82,34.33,33.69,34.07,12611
BWA,10/18/2022,34.68,34.83,33.84,34.11,20506
BWA,10/17/2022,34.01,34.39,33.65,33.80,17635
BWA,10/14/2022,33.66,34.14,32.97,33.21,16226
BWA,10/13/2022,32.04,33.68,31.55,33.47,19587
BWA,10/12/2022,32.92,32.96,32.43,32.62,17248
BWA,10/11/2022,32.74,33.50,32.54,32.93,17620
BWA,10/10/2022,33.55,33.58,32.56,32.85,20537
BWA,10/07/2022,33.89,33.98,33.34,33.60,14686
BWA,10/06/2022,34.00,34.39,33.83,34.24,16143
BWA,10/05/2022,33.58,34.30,33.38,34.17,19090
BWA,10/04/2022,33.63,34.39,33.49,34.33,21810
BWA,10/03/2022,31.97,32.95,31.45,32.75,21550
BWA,09/30/2022,31.61,32.25,31.19,31.40,24776
BWA,09/29/2022,32.53,32.78,31.14,31.67,33904
BWA,09/28/2022,33.28,33.76,32.76,33.54,17877
BWA,09/27/2022,33.90,33.90,32.84,33.28,14973
BWA,09/26/2022,32.92,33.88,32.81,33.35,18664
BWA,09/23/2022,33.94,33.99,32.40,32.97,23245
BWA,09/22/2022,35.28,35.41,34.41,34.71,16496
BWA,09/21/2022,36.43,36.62,35.19,35.19,20331
BWA,09/20/2022,37.48,37.48,36.36,36.42,15693
BWA,09/19/2022,36.50,37.76,36.50,37.74,11446
BWA,09/16/2022,36.59,37.19,36.34,36.98,26057
BWA,09/15/2022,37.02,38.22,36.91,37.08,15648
BWA,09/14/2022,37.92,37.92,36.73,37.08,30361
BWA,09/13/2022,38.23,38.71,37.86,37.94,19544
BWA,09/12/2022,39.07,39.66,38.90,39.43,14295
BWA,09/09/2022,38.13,38.62,37.97,38.57,11702
BWA,09/08/2022,37.20,37.74,36.80,37.71,20920
BWA,09/07/2022,36.39,37.84,36.35,37.81,16095
BWA,09/06/2022,37.02,37.36,36.19,36.44,15135
BWA,09/02/2022,38.02,38.20,36.82,37.02,13985
BWA,09/01/2022,37.26,37.40,36.77,37.37,16458
BWA,08/31/2022,38.25,38.26,37.41,37.70,30578
BWA,08/30/2022,38.49,38.73,37.95,38.26,19627
BWA,08/29/2022,37.60,38.79,37.60,38.20,18692
BWA,08/26/2022,39.15,39.24,37.95,37.97,21599
BWA,08/25/2022,37.75,38.90,37.75,38.88,14985
BWA,08/24/2022,37.14,37.60,36.94,37.54,11832
BWA,08/23/2022,36.92,37.55,36.84,37.14,13658
BWA,08/22/2022,38.00,38.18,36.62,36.69,21868
BWA,08/19/2022,39.13,39.32,38.67,38.93,15404
BWA,08/18/2022,38.62,39.65,38.57,39.51,12935
BWA,08/17/2022,39.06,39.39,37.90,38.55,22386
BWA,08/16/2022,39.50,39.97,39.29,39.75,19999
BWA,08/15/2022,39.46,40.00,39.46,39.70,12286
BWA,08/12/2022,40.00,40.06,39.59,40.02,11393
BWA,08/11/2022,39.65,39.99,39.32,39.75,12347
BWA,08/10/2022,38.88,39.43,38.88,39.15,11533
BWA,08/09/2022,38.25,38.36,37.88,38.06,11610
BWA,08/08/2022,38.50,38.80,38.29,38.43,13479
BWA,08/05/2022,38.07,38.23,37.53,37.87,15251
BWA,08/04/2022,39.33,39.42,38.15,38.36,20829
BWA,08/03/2022,39.75,40.17,39.39,39.51,18265
BWA,08/02/2022,38.54,39.08,38.16,38.56,18151
BWA,08/01/2022,38.20,38.81,37.89,38.65,12067
BWA,07/29/2022,38.38,38.71,38.14,38.46,13425
BWA,07/28/2022,37.50,38.44,37.12,38.39,20910
BWA,07/27/2022,36.64,37.40,36.39,37.23,12621
BWA,07/26/2022,36.30,36.66,36.00,36.46,14398
BWA,07/25/2022,36.63,36.91,36.28,36.66,12344
BWA,07/22/2022,36.54,36.58,36.04,36.41,13594
BWA,07/21/2022,35.80,36.37,35.47,36.37,15786
BWA,07/20/2022,35.30,36.45,35.30,36.18,14411
BWA,07/19/2022,34.88,36.04,34.88,35.74,17671
BWA,07/18/2022,34.87,35.26,34.04,34.16,25746
BWA,07/15/2022,33.69,33.79,32.77,33.65,20969
BWA,07/14/2022,32.84,33.06,32.28,33.04,18894
BWA,07/13/2022,33.74,33.97,33.29,33.61,19798
BWA,07/12/2022,33.71,35.11,33.67,34.51,20813
BWA,07/11/2022,34.18,34.62,33.86,33.93,12410
BWA,07/08/2022,34.95,35.15,34.33,34.45,13294
BWA,07/07/2022,33.54,34.85,33.50,34.66,18496
BWA,07/06/2022,33.50,33.84,32.40,32.82,20090
BWA,07/05/2022,33.13,33.74,32.48,33.72,18034
BWA,07/01/2022,33.33,34.20,33.13,34.07,17477
BWA,06/30/2022,34.21,34.40,32.97,33.37,30946
BWA,06/29/2022,35.89,35.92,34.74,35.13,21205
BWA,06/28/2022,36.09,36.65,35.76,36.05,25795
BWA,06/27/2022,35.87,36.24,35.38,35.74,19465
BWA,06/24/2022,34.97,35.98,34.85,35.69,20671
BWA,06/23/2022,35.18,35.62,34.31,34.82,22320
BWA,06/22/2022,34.91,36.09,34.83,35.35,21084
BWA,06/21/2022,34.79,35.50,34.19,35.40,21412
BWA,06/17/2022,33.06,34.03,32.58,33.67,37018
BWA,06/16/2022,34.65,34.83,32.67,32.95,27861
BWA,06/15/2022,35.50,36.15,35.04,35.78,19685
BWA,06/14/2022,35.45,35.82,34.81,35.06,20995
BWA,06/13/2022,36.76,36.78,35.12,35.27,20091
BWA,06/10/2022,38.42,38.73,37.50,37.50,16720
BWA,06/09/2022,39.47,39.82,39.16,39.17,14864
BWA,06/08/2022,39.90,40.17,39.54,39.69,13020
BWA,06/07/2022,39.81,39.93,39.28,39.83,15318
BWA,06/06/2022,39.83,40.30,39.67,40.08,15581
BWA,06/03/2022,39.73,39.85,39.11,39.30,13149
BWA,06/02/2022,40.10,40.47,39.91,40.23,13256
BWA,06/01/2022,40.39,40.65,39.61,40.12,19718
BWA,05/31/2022,39.70,40.63,39.21,40.32,26296
BWA,05/27/2022,39.71,40.05,39.52,39.73,14618
BWA,05/26/2022,39.07,39.73,39.07,39.39,15262
BWA,05/25/2022,37.40,38.73,37.29,38.48,18899
BWA,05/24/2022,37.66,37.86,36.97,37.45,21034
BWA,05/23/2022,38.62,38.72,37.86,38.20,16087
BWA,05/20/2022,39.59,39.63,37.13,38.15,19792
BWA,05/19/2022,37.90,39.56,37.79,38.86,24040
BWA,05/18/2022,38.86,39.29,38.15,38.35,23733
BWA,05/17/2022,38.04,39.46,38.04,39.46,16016
BWA,05/16/2022,38.21,38.23,37.04,37.45,18028
BWA,05/13/2022,37.31,38.56,37.19,38.40,22427
BWA,05/12/2022,35.81,36.70,35.70,36.67,76373
BWA,05/11/2022,36.59,37.36,36.01,36.04,19752
BWA,05/10/2022,37.39,37.71,35.50,36.30,22043
BWA,05/09/2022,37.31,38.32,36.72,36.82,22867
BWA,05/06/2022,38.27,38.37,37.17,37.97,18933
BWA,05/05/2022,38.13,38.98,37.63,38.10,28669
BWA,05/04/2022,37.40,39.19,36.68,38.98,30418
BWA,05/03/2022,37.33,38.56,37.03,38.14,25583
BWA,05/02/2022,36.62,37.38,36.18,37.33,19003
BWA,04/29/2022,37.56,38.04,36.69,36.83,19361
BWA,04/28/2022,37.39,37.80,36.50,37.59,15127
BWA,04/27/2022,36.11,37.35,35.80,36.72,14522
BWA,04/26/2022,37.29,37.55,35.93,35.93,16189
BWA,04/25/2022,37.60,37.82,36.72,37.72,12642
BWA,04/22/2022,37.84,38.43,37.51,37.86,17305
BWA,04/21/2022,39.47,39.98,38.56,38.74,15823
BWA,04/20/2022,38.81,39.33,38.55,38.76,12593
BWA,04/19/2022,37.46,38.49,37.46,38.43,15243
BWA,04/18/2022,36.86,37.42,36.74,37.29,10853
BWA,04/14/2022,36.88,37.44,36.74,37.01,20650
BWA,04/13/2022,37.04,37.41,36.67,36.85,15434
BWA,04/12/2022,37.28,37.78,36.83,37.06,16418
BWA,04/11/2022,36.13,37.56,36.10,36.85,63515
BWA,04/08/2022,36.17,37.30,35.92,36.41,24032
BWA,04/07/2022,36.70,37.03,35.58,36.34,19114
BWA,04/06/2022,36.93,37.51,36.62,37.22,19862
BWA,04/05/2022,38.05,38.26,36.98,37.08,24076
BWA,04/04/2022,39.17,39.24,38.67,38.79,18370
BWA,04/01/2022,39.44,39.91,38.80,39.36,17083
BWA,03/31/2022,39.23,39.58,38.89,38.90,16346
BWA,03/30/2022,39.62,40.07,39.31,39.62,13157
BWA,03/29/2022,39.95,40.78,39.78,40.08,14797
BWA,03/28/2022,38.67,38.84,38.08,38.57,13324
BWA,03/25/2022,38.46,38.63,38.01,38.59,10056
BWA,03/24/2022,37.71,38.76,37.54,38.52,13603
BWA,03/23/2022,37.97,38.22,37.13,37.41,23488
BWA,03/22/2022,38.59,39.09,38.21,38.45,15345
BWA,03/21/2022,38.76,38.82,37.82,38.38,14988
BWA,03/18/2022,37.97,38.76,37.59,38.62,29602
BWA,03/17/2022,37.32,38.35,37.17,38.35,20783
BWA,03/16/2022,37.19,38.42,36.99,38.16,17175
BWA,03/15/2022,36.65,37.18,36.06,36.52,15588
BWA,03/14/2022,36.26,37.12,35.96,36.31,16272
BWA,03/11/2022,36.94,37.10,36.30,36.32,25058
BWA,03/10/2022,36.36,37.05,36.11,36.72,26205
BWA,03/09/2022,37.64,38.52,37.44,37.46,27221
BWA,03/08/2022,35.53,37.36,34.85,36.12,38755
BWA,03/07/2022,36.77,36.88,34.95,35.02,37393
BWA,03/04/2022,38.80,39.09,36.60,36.93,44843
BWA,03/03/2022,40.52,40.76,39.37,39.91,25333
BWA,03/02/2022,39.25,40.91,39.13,40.62,22998
BWA,03/01/2022,40.89,40.96,38.32,38.83,43606
BWA,02/28/2022,40.97,41.70,40.52,41.01,22851
BWA,02/25/2022,41.14,42.50,41.14,42.15,20142
BWA,02/24/2022,40.65,41.16,40.17,41.10,25048
BWA,02/23/2022,43.32,43.42,42.20,42.31,22254
BWA,02/22/2022,43.31,43.70,41.65,42.38,23654
BWA,02/18/2022,44.35,44.73,43.29,43.56,17062
BWA,02/17/2022,44.88,45.37,44.25,44.62,18536
BWA,02/16/2022,44.79,45.70,44.05,45.22,27658
BWA,02/15/2022,42.97,45.43,42.72,45.28,34478
BWA,02/14/2022,43.39,43.56,42.20,42.76,26913
