BYD,06/23/2023,66.19,66.19,64.95,65.62,1310
BYD,06/22/2023,68.03,68.12,66.81,67.02,7316
BYD,06/21/2023,68.16,68.67,67.89,68.08,5596
BYD,06/20/2023,67.75,68.45,67.28,68.36,5689
BYD,06/16/2023,69.37,69.37,67.53,68.00,15085
BYD,06/15/2023,69.01,69.45,68.21,69.08,6611
BYD,06/14/2023,68.91,69.70,68.90,69.37,9286
BYD,06/13/2023,69.80,70.04,68.82,69.16,9062
BYD,06/12/2023,68.67,69.51,68.39,69.37,6330
BYD,06/09/2023,69.09,69.33,68.12,68.41,5147
BYD,06/08/2023,68.15,68.91,67.84,68.88,6593
BYD,06/07/2023,67.93,68.80,67.75,68.43,7467
BYD,06/06/2023,66.73,68.18,66.62,67.79,7250
BYD,06/05/2023,65.62,67.08,65.62,66.69,8695
BYD,06/02/2023,65.24,66.74,65.24,66.30,11234
BYD,06/01/2023,63.64,64.67,63.30,64.33,7168
BYD,05/31/2023,64.02,64.25,63.22,63.73,8396
BYD,05/30/2023,65.18,65.66,63.91,64.16,8403
BYD,05/26/2023,65.13,65.61,64.70,65.18,5353
BYD,05/25/2023,64.96,65.78,64.44,64.97,6893
BYD,05/24/2023,64.39,65.01,63.69,64.74,8170
BYD,05/23/2023,65.71,65.75,64.08,64.65,10184
BYD,05/22/2023,66.83,67.04,65.84,66.09,16499
BYD,05/19/2023,67.57,67.91,66.49,66.79,6193
BYD,05/18/2023,66.59,67.58,66.29,67.57,6779
BYD,05/17/2023,66.45,67.69,66.26,66.63,11369
BYD,05/16/2023,68.02,68.15,65.98,66.01,9309
BYD,05/15/2023,68.50,68.67,68.00,68.39,7223
BYD,05/12/2023,68.50,69.06,68.30,68.32,5032
BYD,05/11/2023,69.28,69.81,68.15,68.57,10978
BYD,05/10/2023,71.20,71.53,68.92,69.88,8960
BYD,05/09/2023,70.04,71.69,69.68,70.95,10130
BYD,05/08/2023,70.99,71.49,69.34,70.28,8579
BYD,05/05/2023,69.97,70.98,69.05,70.60,10979
BYD,05/04/2023,69.72,69.72,67.94,67.99,9644
BYD,05/03/2023,71.09,71.28,69.96,70.01,9132
BYD,05/02/2023,71.28,71.38,69.26,71.08,10552
BYD,05/01/2023,69.95,71.36,69.76,71.28,13750
BYD,04/28/2023,68.39,69.78,68.24,69.40,8712
BYD,04/27/2023,67.61,68.91,66.76,68.59,15742
BYD,04/26/2023,67.20,68.25,66.60,67.25,14792
BYD,04/25/2023,67.00,67.20,66.15,66.24,12866
BYD,04/24/2023,68.30,68.90,67.31,67.36,10794
BYD,04/21/2023,68.00,68.32,67.38,68.17,7513
BYD,04/20/2023,67.50,67.93,66.94,67.57,8422
BYD,04/19/2023,66.23,67.50,66.10,67.00,12872
BYD,04/18/2023,66.56,67.35,66.32,66.36,11643
BYD,04/17/2023,65.60,66.42,65.60,65.94,11246
BYD,04/14/2023,64.66,65.44,64.41,65.29,7925
BYD,04/13/2023,64.22,65.07,63.74,64.84,5533
BYD,04/12/2023,65.05,65.05,63.40,63.54,10309
BYD,04/11/2023,63.82,64.78,63.69,64.52,5438
BYD,04/10/2023,62.47,63.80,62.47,63.70,5566
BYD,04/06/2023,62.60,62.98,61.85,62.87,5169
BYD,04/05/2023,63.29,63.56,62.18,62.57,5652
BYD,04/04/2023,64.68,64.68,62.89,63.83,6087
BYD,04/03/2023,64.22,64.70,63.56,64.40,5811
BYD,03/31/2023,63.02,64.23,62.80,64.12,7969
BYD,03/30/2023,62.75,63.20,62.24,62.42,4631
BYD,03/29/2023,61.75,62.37,61.68,62.31,5443
BYD,03/28/2023,60.73,61.68,60.55,61.19,6388
BYD,03/27/2023,61.24,61.38,60.32,60.92,6397
BYD,03/24/2023,59.26,60.65,58.34,60.42,9821
BYD,03/23/2023,60.74,61.82,59.42,59.96,9912
BYD,03/22/2023,61.82,62.03,60.30,60.31,10734
BYD,03/21/2023,62.01,62.61,61.80,61.93,12702
BYD,03/20/2023,60.45,61.29,60.09,60.91,9291
BYD,03/17/2023,59.77,60.46,59.21,59.99,9068
BYD,03/16/2023,58.32,60.49,58.32,60.13,9357
BYD,03/15/2023,58.77,59.24,57.74,59.13,10630
BYD,03/14/2023,59.87,60.87,59.70,60.27,10314
BYD,03/13/2023,59.85,60.08,58.23,58.92,10227
BYD,03/10/2023,62.80,62.81,60.75,61.11,9766
BYD,03/09/2023,65.01,65.01,63.03,63.06,12367
BYD,03/08/2023,64.91,65.03,64.11,64.87,7201
BYD,03/07/2023,64.92,65.69,64.72,64.91,7476
BYD,03/06/2023,65.83,66.17,64.73,64.80,8104
BYD,03/03/2023,65.64,66.07,64.84,65.84,7869
BYD,03/02/2023,64.55,65.40,64.19,65.39,9006
BYD,03/01/2023,64.95,65.76,64.93,65.09,8827
BYD,02/28/2023,63.95,65.64,63.88,65.13,11930
BYD,02/27/2023,64.04,64.35,63.45,63.98,7451
BYD,02/24/2023,64.10,64.14,62.83,63.57,9452
BYD,02/23/2023,65.51,65.91,64.12,64.89,8784
BYD,02/22/2023,65.10,65.65,64.73,65.24,5958
BYD,02/21/2023,65.26,66.12,64.67,65.01,6396
BYD,02/17/2023,65.74,66.46,65.31,66.19,6269
BYD,02/16/2023,66.52,67.19,65.83,65.91,10029
BYD,02/15/2023,67.26,67.50,66.78,67.33,10454
BYD,02/14/2023,65.95,67.28,65.41,67.14,13415
BYD,02/13/2023,65.50,66.08,65.33,65.98,8824
BYD,02/10/2023,64.39,65.74,64.39,65.64,15420
BYD,02/09/2023,66.50,66.85,64.78,64.85,10791
BYD,02/08/2023,66.25,66.54,64.65,65.26,8275
BYD,02/07/2023,64.81,66.51,64.34,66.45,12573
BYD,02/06/2023,66.20,66.46,64.47,64.99,9852
BYD,02/03/2023,65.41,66.84,64.47,66.48,27809
BYD,02/02/2023,62.74,62.74,61.02,62.14,13897
BYD,02/01/2023,62.22,62.81,61.52,62.35,7918
BYD,01/31/2023,60.42,62.38,60.36,62.31,9645
BYD,01/30/2023,60.64,61.41,60.29,60.37,5951
BYD,01/27/2023,60.99,61.79,60.99,61.17,4808
BYD,01/26/2023,61.40,61.40,60.74,61.23,5800
BYD,01/25/2023,60.55,60.90,60.22,60.72,3453
BYD,01/24/2023,60.70,61.17,59.98,60.96,7100
BYD,01/23/2023,60.40,60.81,59.85,60.37,8743
BYD,01/20/2023,58.67,60.20,58.67,60.13,7099
BYD,01/19/2023,58.60,59.09,58.01,58.46,5245
BYD,01/18/2023,60.06,60.40,59.04,59.21,5882
BYD,01/17/2023,58.93,59.59,58.67,59.43,6422
BYD,01/13/2023,57.83,58.56,57.83,58.42,4227
BYD,01/12/2023,57.33,58.75,57.12,58.34,7823
BYD,01/11/2023,56.63,57.38,56.54,57.11,8497
BYD,01/10/2023,55.74,56.34,55.15,56.32,7299
BYD,01/09/2023,56.40,57.03,55.76,55.99,9553
BYD,01/06/2023,55.97,56.59,55.40,56.22,6716
BYD,01/05/2023,55.51,56.30,55.10,55.33,7200
BYD,01/04/2023,54.97,56.27,54.70,56.21,9109
BYD,01/03/2023,55.28,55.44,54.03,54.39,5601
BYD,12/30/2022,53.36,54.61,53.18,54.53,8414
BYD,12/29/2022,53.12,54.68,52.79,54.25,6807
BYD,12/28/2022,54.76,54.76,52.84,53.00,8914
BYD,12/27/2022,55.22,55.37,54.65,54.86,7082
BYD,12/23/2022,54.45,55.24,54.22,55.13,8791
BYD,12/22/2022,55.28,55.35,53.64,54.60,9661
BYD,12/21/2022,56.50,56.83,55.57,55.75,9995
BYD,12/20/2022,55.00,56.00,54.82,55.79,10450
BYD,12/19/2022,57.09,57.12,54.68,55.24,14021
BYD,12/16/2022,56.98,57.62,56.85,57.12,19592
BYD,12/15/2022,57.72,58.26,57.03,57.73,9682
BYD,12/14/2022,59.15,59.82,58.18,58.74,13971
BYD,12/13/2022,60.57,60.72,58.81,59.48,12330
BYD,12/12/2022,57.75,59.03,57.71,58.77,8268
BYD,12/09/2022,58.77,59.03,58.45,58.64,7349
BYD,12/08/2022,59.01,59.13,58.35,58.92,7346
BYD,12/07/2022,57.89,58.90,57.50,58.57,7097
BYD,12/06/2022,58.96,59.30,57.65,58.33,8923
BYD,12/05/2022,59.47,59.75,58.56,58.91,6730
BYD,12/02/2022,59.68,60.53,59.68,59.82,6700
BYD,12/01/2022,61.44,61.82,60.81,60.87,8897
BYD,11/30/2022,60.09,61.39,59.14,61.33,14624
BYD,11/29/2022,59.32,60.25,59.32,60.06,10237
BYD,11/28/2022,59.83,60.07,59.10,59.39,8615
BYD,11/25/2022,59.77,60.49,59.54,60.26,2735
BYD,11/23/2022,60.64,61.03,59.71,59.73,7374
BYD,11/22/2022,59.73,60.95,59.28,60.81,9640
BYD,11/21/2022,59.72,60.39,58.92,59.30,10012
BYD,11/18/2022,60.29,60.42,59.45,60.27,8400
BYD,11/17/2022,59.09,59.84,58.68,59.38,5790
BYD,11/16/2022,59.27,60.16,59.07,60.04,6416
BYD,11/15/2022,60.05,60.98,59.82,60.27,8398
BYD,11/14/2022,58.88,60.30,58.50,59.23,7840
BYD,11/11/2022,60.05,60.67,59.16,59.27,12710
BYD,11/10/2022,59.82,60.31,58.67,59.17,13988
BYD,11/09/2022,57.23,58.38,57.05,57.33,5957
BYD,11/08/2022,58.60,58.61,57.35,58.22,5905
BYD,11/07/2022,56.70,58.11,55.83,58.11,9904
BYD,11/04/2022,55.76,56.38,54.95,56.16,7949
BYD,11/03/2022,54.56,55.80,54.01,54.60,9827
BYD,11/02/2022,57.95,58.26,55.52,55.59,10718
BYD,11/01/2022,58.76,58.89,57.72,58.42,7828
BYD,10/31/2022,57.87,58.47,57.42,57.76,8978
BYD,10/28/2022,56.52,57.68,55.86,57.66,10423
BYD,10/27/2022,56.85,57.34,56.28,56.60,8180
BYD,10/26/2022,56.00,57.46,55.64,56.00,16159
BYD,10/25/2022,53.86,54.99,53.58,54.78,9029
BYD,10/24/2022,53.34,54.34,53.13,53.78,7853
BYD,10/21/2022,52.12,53.66,51.79,53.45,8658
BYD,10/20/2022,51.98,53.55,51.79,52.01,5616
BYD,10/19/2022,52.78,53.57,51.36,52.01,5616
BYD,10/18/2022,54.20,54.70,53.17,53.54,8201
BYD,10/17/2022,51.91,52.95,51.58,52.71,7656
BYD,10/14/2022,52.46,52.87,50.51,50.60,7494
BYD,10/13/2022,49.66,52.69,49.15,51.88,9312
BYD,10/12/2022,50.57,51.24,49.57,50.87,6570
BYD,10/11/2022,50.29,51.17,48.86,50.50,11027
BYD,10/10/2022,51.12,51.32,49.95,50.26,6355
BYD,10/07/2022,51.66,51.87,50.80,51.18,5948
BYD,10/06/2022,52.34,53.47,52.22,52.29,6832
BYD,10/05/2022,51.54,52.90,51.39,52.64,8566
BYD,10/04/2022,50.11,52.55,49.52,52.48,14689
BYD,10/03/2022,48.31,49.51,47.55,48.75,9564
BYD,09/30/2022,47.52,48.82,47.18,47.65,14354
BYD,09/29/2022,47.23,48.00,46.37,47.98,9174
BYD,09/28/2022,47.25,48.51,47.06,48.25,7632
BYD,09/27/2022,47.05,48.38,46.51,46.95,9749
BYD,09/26/2022,47.14,48.05,46.10,46.22,15843
BYD,09/23/2022,47.82,48.06,46.18,47.02,21476
BYD,09/22/2022,50.98,50.98,47.97,48.43,19584
BYD,09/21/2022,52.23,52.85,50.44,50.95,9661
BYD,09/20/2022,52.73,52.94,51.79,52.22,8716
BYD,09/19/2022,51.15,53.19,51.15,52.71,10235
BYD,09/16/2022,53.02,53.66,51.65,51.85,20254
BYD,09/15/2022,54.43,55.81,53.55,53.76,13175
BYD,09/14/2022,54.69,54.79,52.84,54.57,11139
BYD,09/13/2022,55.50,56.53,54.34,54.40,11348
BYD,09/12/2022,57.20,58.13,56.88,57.26,9151
BYD,09/09/2022,55.88,56.90,55.70,56.78,8026
BYD,09/08/2022,54.15,55.12,53.50,55.09,8374
BYD,09/07/2022,53.03,55.06,52.72,54.84,12881
BYD,09/06/2022,53.82,54.18,52.46,53.12,10484
BYD,09/02/2022,54.20,54.34,53.00,53.24,8750
BYD,09/01/2022,53.84,53.84,52.50,53.53,9015
BYD,08/31/2022,55.19,55.64,54.30,54.43,11348
BYD,08/30/2022,56.52,56.89,54.38,54.69,14237
BYD,08/29/2022,55.09,56.27,54.93,55.90,8483
BYD,08/26/2022,57.46,57.47,55.94,56.03,8389
BYD,08/25/2022,56.63,57.58,56.46,57.23,6744
BYD,08/24/2022,55.15,56.54,54.99,55.96,5356
BYD,08/23/2022,55.25,56.04,55.00,55.55,5155
BYD,08/22/2022,54.80,55.49,54.40,55.06,6240
BYD,08/19/2022,56.84,56.93,55.59,55.85,7416
BYD,08/18/2022,56.91,57.52,56.56,57.39,4178
BYD,08/17/2022,57.45,57.83,56.56,57.00,5459
BYD,08/16/2022,57.56,58.60,57.42,58.31,7102
BYD,08/15/2022,57.36,58.34,57.36,57.77,6101
BYD,08/12/2022,56.62,57.79,56.59,57.73,6618
BYD,08/11/2022,57.20,57.72,56.57,56.59,7708
BYD,08/10/2022,56.31,56.92,55.32,56.23,9358
BYD,08/09/2022,54.70,55.31,53.94,55.03,13577
BYD,08/08/2022,54.87,56.64,54.78,55.23,9644
BYD,08/05/2022,54.70,55.36,53.77,54.22,9166
BYD,08/04/2022,55.52,56.53,55.32,55.50,9410
BYD,08/03/2022,55.37,55.92,54.28,55.27,13280
BYD,08/02/2022,54.46,55.25,53.62,54.97,16335
BYD,08/01/2022,54.88,55.77,54.37,55.03,14360
BYD,07/29/2022,55.41,55.57,53.86,55.51,9842
BYD,07/28/2022,55.53,56.09,54.08,55.71,9179
BYD,07/27/2022,54.75,56.39,54.21,55.64,16819
BYD,07/26/2022,54.70,54.84,53.37,54.28,15046
BYD,07/25/2022,54.90,55.47,54.04,55.20,10777
BYD,07/22/2022,55.79,56.00,54.01,54.64,8497
BYD,07/21/2022,54.57,55.77,54.13,55.67,6824
BYD,07/20/2022,54.21,55.59,54.10,54.91,5729
BYD,07/19/2022,53.77,54.99,53.67,54.50,9036
BYD,07/18/2022,52.77,53.79,52.51,52.74,8754
BYD,07/15/2022,50.69,52.46,50.50,52.14,8387
BYD,07/14/2022,49.50,50.28,48.96,49.69,12545
BYD,07/13/2022,48.74,50.60,48.38,50.31,11368
BYD,07/12/2022,48.91,51.14,48.91,49.92,6883
BYD,07/11/2022,49.36,49.36,48.02,49.01,7598
BYD,07/08/2022,50.49,50.60,49.12,49.62,6497
BYD,07/07/2022,50.96,52.18,50.59,51.00,8010
BYD,07/06/2022,51.54,52.43,49.55,50.46,10121
BYD,07/05/2022,49.78,52.02,49.11,51.87,9155
BYD,07/01/2022,49.57,51.21,49.57,51.11,7230
BYD,06/30/2022,49.73,50.61,48.58,49.75,10728
BYD,06/29/2022,51.56,51.65,49.95,50.58,7870
BYD,06/28/2022,53.47,54.58,51.78,51.82,13541
BYD,06/27/2022,53.46,53.69,52.02,52.44,8870
BYD,06/24/2022,49.67,53.38,49.36,53.38,26019
BYD,06/23/2022,50.12,50.24,47.66,49.05,13416
BYD,06/22/2022,50.29,51.24,49.59,49.75,12917
BYD,06/21/2022,52.80,53.07,50.70,50.83,14027
BYD,06/17/2022,50.67,52.07,49.92,51.66,19582
BYD,06/16/2022,51.68,51.89,49.75,50.12,16294
BYD,06/15/2022,52.63,54.06,52.43,53.20,11998
BYD,06/14/2022,51.57,52.79,51.11,52.09,13087
BYD,06/13/2022,53.26,53.94,50.79,51.40,14271
BYD,06/10/2022,57.87,58.37,55.31,55.54,15172
BYD,06/09/2022,59.06,59.69,58.01,59.03,8035
BYD,06/08/2022,60.13,61.15,59.74,59.81,7199
BYD,06/07/2022,59.22,60.66,58.94,60.43,6217
BYD,06/06/2022,59.91,60.36,59.21,60.17,10727
BYD,06/03/2022,59.03,60.08,58.99,59.39,8818
BYD,06/02/2022,59.45,60.27,58.86,59.92,15760
BYD,06/01/2022,59.49,59.86,56.49,57.72,13239
BYD,05/31/2022,59.06,59.58,57.77,58.77,10553
BYD,05/27/2022,60.06,60.72,58.71,59.33,9102
BYD,05/26/2022,56.19,59.70,56.19,59.52,14228
BYD,05/25/2022,52.11,56.16,52.11,55.55,12590
BYD,05/24/2022,54.22,54.22,51.79,52.49,11329
BYD,05/23/2022,55.60,55.99,53.51,54.75,12052
BYD,05/20/2022,55.32,55.58,53.31,55.01,11236
BYD,05/19/2022,53.43,55.33,53.43,54.50,10071
BYD,05/18/2022,55.65,55.83,53.31,54.07,12465
BYD,05/17/2022,56.40,57.02,55.59,56.44,7726
BYD,05/16/2022,55.93,57.16,54.95,55.09,9020
BYD,05/13/2022,54.92,57.29,54.92,56.50,9032
BYD,05/12/2022,53.22,54.67,52.60,54.01,11217
BYD,05/11/2022,54.45,56.39,52.98,53.33,10543
BYD,05/10/2022,55.47,56.24,53.40,54.52,11258
BYD,05/09/2022,57.20,58.22,54.73,55.03,10464
BYD,05/06/2022,58.24,59.29,56.50,58.35,9188
BYD,05/05/2022,58.73,59.62,57.34,58.39,12493
BYD,05/04/2022,61.34,61.63,57.02,59.62,18130
BYD,05/03/2022,61.38,61.98,59.91,61.19,8808
BYD,05/02/2022,60.88,61.12,58.67,60.97,13026
BYD,04/29/2022,61.37,63.16,60.43,60.58,9153
BYD,04/28/2022,60.72,62.31,59.95,61.75,9568
BYD,04/27/2022,63.42,64.87,59.58,60.16,16851
BYD,04/26/2022,64.93,64.93,61.83,62.32,10670
BYD,04/25/2022,61.75,64.31,61.51,64.20,12542
BYD,04/22/2022,64.11,64.42,62.33,62.80,9781
BYD,04/21/2022,67.58,68.05,63.77,64.09,7951
BYD,04/20/2022,65.40,67.05,65.26,66.27,7695
BYD,04/19/2022,63.08,65.56,62.88,65.11,9591
BYD,04/18/2022,61.95,63.57,61.70,63.16,11322
BYD,04/14/2022,62.95,63.53,62.29,62.30,6031
BYD,04/13/2022,61.14,63.44,61.11,62.84,9273
BYD,04/12/2022,61.84,62.83,60.83,61.05,7987
BYD,04/11/2022,61.27,62.95,60.78,61.12,10363
BYD,04/08/2022,61.59,62.81,61.03,61.97,10807
BYD,04/07/2022,62.62,63.16,59.94,61.67,18807
BYD,04/06/2022,64.35,64.42,61.47,62.61,13129
BYD,04/05/2022,66.73,67.14,64.54,65.28,7274
BYD,04/04/2022,65.27,66.85,64.76,66.64,11582
BYD,04/01/2022,66.29,66.70,64.16,65.35,14214
BYD,03/31/2022,66.62,67.49,65.54,65.78,21423
BYD,03/30/2022,67.55,68.42,66.85,66.97,8982
BYD,03/29/2022,68.99,70.46,67.93,68.27,15034
BYD,03/28/2022,69.10,69.57,67.03,67.64,11132
BYD,03/25/2022,69.19,69.61,68.40,69.01,10279
BYD,03/24/2022,68.70,69.17,68.06,69.00,7303
BYD,03/23/2022,68.28,68.98,67.69,68.05,7050
BYD,03/22/2022,68.34,69.74,68.01,69.07,12785
BYD,03/21/2022,68.51,68.74,67.29,68.10,6154
BYD,03/18/2022,67.77,69.04,67.03,68.88,11214
BYD,03/17/2022,67.57,68.95,67.29,68.13,6148
BYD,03/16/2022,66.99,68.73,66.40,68.34,12120
BYD,03/15/2022,62.84,66.18,62.59,66.02,10491
BYD,03/14/2022,64.23,64.90,61.90,62.60,13029
BYD,03/11/2022,65.21,65.79,64.15,64.22,6871
BYD,03/10/2022,63.10,65.79,63.10,64.68,12270
BYD,03/09/2022,63.58,65.82,63.36,64.48,12860
BYD,03/08/2022,60.41,63.46,59.31,61.41,16016
BYD,03/07/2022,67.30,67.30,59.82,60.05,27715
BYD,03/04/2022,68.21,68.72,65.55,67.05,14312
BYD,03/03/2022,70.50,72.00,68.96,69.10,24278
BYD,03/02/2022,69.18,70.09,68.57,70.08,10515
BYD,03/01/2022,70.84,70.99,67.67,68.15,12390
BYD,02/28/2022,69.44,71.16,69.38,70.94,9128
BYD,02/25/2022,68.78,70.54,67.78,70.48,11792
BYD,02/24/2022,64.06,68.83,63.50,68.62,12795
BYD,02/23/2022,68.17,68.85,66.42,66.57,11356
BYD,02/22/2022,67.32,68.10,65.91,66.83,12675
BYD,02/18/2022,69.00,69.72,67.70,68.41,8691
BYD,02/17/2022,70.41,70.84,69.03,69.26,11076
BYD,02/16/2022,69.26,71.49,69.06,71.17,15726
BYD,02/15/2022,69.65,70.38,68.83,69.90,9304
BYD,02/14/2022,69.94,70.85,68.10,68.34,15866
