BZ,06/23/2023,15.05,15.05,14.28,14.57,2893
BZ,06/22/2023,15.16,15.27,14.88,15.16,8701
BZ,06/21/2023,15.46,15.71,15.19,15.29,19795
BZ,06/20/2023,16.53,17.22,15.53,15.59,28987
BZ,06/16/2023,17.37,17.47,16.79,17.23,127866
BZ,06/15/2023,17.29,17.78,16.70,17.05,24789
BZ,06/14/2023,15.71,16.85,15.71,16.82,27844
BZ,06/13/2023,15.86,16.39,15.69,15.94,16822
BZ,06/12/2023,15.28,15.78,15.21,15.27,29748
BZ,06/09/2023,15.05,15.54,14.86,15.30,45365
BZ,06/08/2023,14.94,15.30,14.79,14.95,18321
BZ,06/07/2023,14.86,15.74,14.81,14.82,26637
BZ,06/06/2023,14.38,15.25,14.14,15.04,34344
BZ,06/05/2023,14.74,14.76,13.74,14.02,38296
BZ,06/02/2023,15.61,16.07,14.70,14.75,34162
BZ,06/01/2023,13.75,14.92,13.34,14.61,33415
BZ,05/31/2023,13.43,13.89,13.13,13.87,53922
BZ,05/30/2023,14.45,14.60,13.35,13.51,38489
BZ,05/26/2023,14.37,14.61,13.93,14.27,36893
BZ,05/25/2023,15.92,15.95,13.93,14.03,70310
BZ,05/24/2023,16.35,16.74,15.10,15.33,53681
BZ,05/23/2023,17.15,17.15,16.60,16.90,31751
BZ,05/22/2023,17.85,17.85,17.34,17.47,14995
BZ,05/19/2023,16.91,17.48,16.73,17.40,26823
BZ,05/18/2023,17.99,17.99,16.88,17.06,23616
BZ,05/17/2023,17.78,18.01,17.44,17.80,13697
BZ,05/16/2023,18.24,18.49,17.98,18.28,11224
BZ,05/15/2023,17.95,18.70,17.66,18.51,13642
BZ,05/12/2023,17.68,17.70,17.20,17.44,13428
BZ,05/11/2023,17.21,18.08,17.20,17.97,22708
BZ,05/10/2023,17.91,18.08,17.16,17.25,22759
BZ,05/09/2023,17.77,18.23,17.75,17.89,17662
BZ,05/08/2023,18.77,18.77,18.08,18.41,9631
BZ,05/05/2023,19.12,19.12,18.64,18.71,17300
BZ,05/04/2023,18.50,19.32,18.34,19.11,20375
BZ,05/03/2023,18.07,18.34,17.45,18.22,23910
BZ,05/02/2023,18.57,18.64,17.58,17.78,33455
BZ,05/01/2023,18.33,18.87,18.14,18.72,26758
BZ,04/28/2023,17.99,18.64,17.86,18.49,23256
BZ,04/27/2023,17.36,18.21,16.56,17.90,22489
BZ,04/26/2023,17.22,17.41,16.76,17.35,20386
BZ,04/25/2023,16.23,16.60,16.01,16.56,33727
BZ,04/24/2023,17.05,17.23,16.48,16.65,15307
BZ,04/21/2023,17.28,17.42,16.96,17.12,11416
BZ,04/20/2023,17.80,18.16,17.33,17.55,26007
BZ,04/19/2023,17.64,17.90,16.82,17.76,18248
BZ,04/18/2023,17.18,18.45,17.18,18.09,13972
BZ,04/17/2023,17.35,17.35,16.78,17.15,43574
BZ,04/14/2023,17.29,17.49,17.07,17.20,15003
BZ,04/13/2023,17.57,17.74,17.20,17.40,26473
BZ,04/12/2023,18.13,18.25,17.10,17.28,27689
BZ,04/11/2023,18.67,19.10,18.30,18.39,8303
BZ,04/10/2023,18.48,19.10,18.48,18.60,10642
BZ,04/06/2023,18.51,18.77,18.23,18.70,11550
BZ,04/05/2023,18.90,18.90,18.17,18.43,16501
BZ,04/04/2023,19.72,19.92,19.05,19.12,9723
BZ,04/03/2023,19.07,20.01,18.95,19.91,17012
BZ,03/31/2023,19.35,19.60,18.78,19.03,15859
BZ,03/30/2023,19.36,20.01,19.19,19.45,22937
BZ,03/29/2023,19.05,19.40,18.79,19.16,22444
BZ,03/28/2023,19.53,19.75,18.89,18.95,16886
BZ,03/27/2023,19.11,19.37,18.33,18.88,16359
BZ,03/24/2023,18.88,19.68,18.79,19.59,29790
BZ,03/23/2023,18.63,19.55,18.36,18.95,37792
BZ,03/22/2023,19.00,19.00,17.66,17.70,29397
BZ,03/21/2023,18.20,19.23,18.20,18.95,24848
BZ,03/20/2023,18.46,18.50,16.11,17.85,35163
BZ,03/17/2023,17.45,17.91,17.23,17.84,24369
BZ,03/16/2023,17.06,17.55,16.55,17.50,44636
BZ,03/15/2023,17.50,17.76,17.08,17.16,32553
BZ,03/14/2023,18.06,18.60,17.55,17.98,19178
BZ,03/13/2023,18.50,18.69,17.82,18.32,31552
BZ,03/10/2023,18.34,19.15,18.27,18.28,24476
BZ,03/09/2023,19.01,19.62,18.40,18.48,38093
BZ,03/08/2023,19.71,19.86,19.42,19.70,17979
BZ,03/07/2023,20.88,21.08,19.63,20.00,26150
BZ,03/06/2023,22.00,22.12,20.72,20.91,23195
BZ,03/03/2023,22.66,22.77,22.06,22.10,20919
BZ,03/02/2023,21.02,22.78,20.07,22.73,18074
BZ,03/01/2023,21.67,21.70,21.16,21.33,12425
BZ,02/28/2023,19.66,20.58,19.66,20.15,22257
BZ,02/27/2023,21.15,21.15,19.97,20.05,14510
BZ,02/24/2023,21.03,21.14,20.40,20.57,9321
BZ,02/23/2023,22.47,22.83,21.20,21.78,22082
BZ,02/22/2023,22.18,22.42,22.00,22.13,13897
BZ,02/21/2023,22.17,22.63,21.93,22.06,23116
BZ,02/17/2023,23.21,23.63,22.65,22.72,16013
BZ,02/16/2023,22.89,23.98,22.71,23.83,17101
BZ,02/15/2023,22.62,23.10,22.61,23.05,15271
BZ,02/14/2023,22.71,23.29,22.50,23.09,17267
BZ,02/13/2023,23.00,23.37,22.76,23.02,16355
BZ,02/10/2023,23.28,23.78,22.40,22.53,12132
BZ,02/09/2023,23.62,24.69,23.62,24.19,26235
BZ,02/08/2023,22.71,23.27,21.87,22.65,7894
BZ,02/07/2023,22.49,23.44,22.31,23.17,15226
BZ,02/06/2023,22.09,22.42,21.00,22.25,31538
BZ,02/03/2023,23.46,23.70,22.43,22.50,19158
BZ,02/02/2023,24.48,25.02,23.74,23.98,13068
BZ,02/01/2023,25.25,25.25,23.62,24.67,19152
BZ,01/31/2023,24.71,24.89,24.10,24.29,29614
BZ,01/30/2023,24.60,25.60,24.07,25.25,23672
BZ,01/27/2023,26.05,26.26,25.30,25.72,18878
BZ,01/26/2023,25.89,26.07,25.26,26.03,20385
BZ,01/25/2023,24.70,25.30,24.39,25.25,9153
BZ,01/24/2023,25.15,25.40,24.91,25.13,6461
BZ,01/23/2023,24.46,25.58,24.31,25.21,15783
BZ,01/20/2023,24.06,24.35,23.34,24.02,20152
BZ,01/19/2023,22.74,23.58,22.64,23.42,22641
BZ,01/18/2023,23.95,24.29,22.38,22.43,20187
BZ,01/17/2023,23.56,24.24,23.50,23.71,33924
BZ,01/13/2023,24.23,24.71,22.98,23.79,23709
BZ,01/12/2023,23.67,24.23,22.57,23.83,33671
BZ,01/11/2023,24.05,24.58,23.59,23.90,48000
BZ,01/10/2023,25.09,25.18,23.94,24.05,54929
BZ,01/09/2023,24.59,25.25,24.08,24.82,39707
BZ,01/06/2023,23.28,23.93,22.12,23.74,26607
BZ,01/05/2023,22.98,23.76,22.80,23.28,21634
BZ,01/04/2023,22.35,24.30,22.11,23.57,44451
BZ,01/03/2023,21.00,22.10,20.97,21.42,18311
BZ,12/30/2022,19.38,20.46,19.29,20.37,16677
BZ,12/29/2022,19.86,20.92,19.77,20.71,17244
BZ,12/28/2022,19.46,19.98,19.31,19.80,12366
BZ,12/27/2022,19.38,20.56,19.23,20.01,19056
BZ,12/23/2022,20.01,20.41,19.09,19.20,8703
BZ,12/22/2022,20.38,20.38,19.38,19.92,16623
BZ,12/21/2022,19.40,20.10,18.85,19.98,17873
BZ,12/20/2022,18.61,19.38,18.60,19.25,11896
BZ,12/19/2022,19.17,19.57,18.80,19.06,13532
BZ,12/16/2022,19.67,19.78,19.06,19.15,22194
BZ,12/15/2022,20.35,20.67,19.09,19.35,34080
BZ,12/14/2022,20.00,20.59,19.35,19.88,25603
BZ,12/13/2022,20.05,21.08,19.81,19.91,38925
BZ,12/12/2022,19.37,20.10,18.61,18.89,24395
BZ,12/09/2022,20.51,21.36,20.03,20.07,58403
BZ,12/08/2022,19.84,20.58,19.69,20.09,53433
BZ,12/07/2022,18.28,19.20,18.12,18.81,45923
BZ,12/06/2022,19.63,20.03,19.16,19.51,30458
BZ,12/05/2022,21.26,21.78,19.08,19.54,94263
BZ,12/02/2022,18.00,19.79,17.80,19.54,54803
BZ,12/01/2022,18.24,18.54,16.87,17.90,34181
BZ,11/30/2022,17.64,18.90,17.30,18.82,46071
BZ,11/29/2022,16.74,17.99,16.34,16.47,37915
BZ,11/28/2022,14.63,15.40,14.26,15.08,33540
BZ,11/25/2022,14.34,14.68,14.23,14.32,8583
BZ,11/23/2022,15.28,15.48,14.91,15.09,10210
BZ,11/22/2022,14.76,15.24,14.50,14.89,15929
BZ,11/21/2022,15.72,16.16,15.08,15.49,15683
BZ,11/18/2022,15.84,16.07,15.30,15.92,21176
BZ,11/17/2022,14.70,16.83,14.57,16.55,29257
BZ,11/16/2022,16.97,16.97,15.66,16.17,22004
BZ,11/15/2022,17.59,18.56,16.52,17.19,37455
BZ,11/14/2022,16.10,17.79,15.73,16.09,61215
BZ,11/11/2022,14.00,15.45,13.78,15.25,51470
BZ,11/10/2022,13.51,13.74,12.80,13.08,22410
BZ,11/09/2022,12.65,12.84,11.80,11.95,16357
BZ,11/08/2022,13.18,13.67,12.46,13.27,12293
BZ,11/07/2022,14.62,14.70,13.12,13.45,27716
BZ,11/04/2022,14.19,14.71,13.50,14.00,46450
BZ,11/03/2022,11.78,13.36,11.78,12.57,20124
BZ,11/02/2022,12.30,12.93,11.92,12.20,27792
BZ,11/01/2022,11.76,12.64,11.75,12.21,29949
BZ,10/31/2022,10.68,11.17,10.54,10.93,29138
BZ,10/28/2022,11.40,11.88,10.60,10.74,37228
BZ,10/27/2022,12.04,12.88,11.80,12.17,33376
BZ,10/26/2022,11.11,13.28,11.00,12.46,42027
BZ,10/25/2022,11.60,12.45,11.01,11.31,46735
BZ,10/24/2022,11.60,11.67,9.74,11.00,80460
BZ,10/21/2022,14.19,14.46,13.75,14.23,22432
BZ,10/20/2022,14.68,15.23,14.32,14.44,23718
BZ,10/19/2022,15.35,15.55,14.21,14.48,29529
BZ,10/18/2022,16.84,17.14,15.45,15.85,14726
BZ,10/17/2022,16.25,17.10,16.24,16.40,11127
BZ,10/14/2022,15.85,16.43,15.45,15.60,12990
BZ,10/13/2022,14.73,15.80,14.50,15.57,13033
BZ,10/12/2022,15.82,15.97,15.11,15.62,10745
BZ,10/11/2022,15.34,16.28,14.93,15.78,16975
BZ,10/10/2022,16.39,16.40,15.08,15.72,27478
BZ,10/07/2022,17.80,17.80,16.41,16.64,12663
BZ,10/06/2022,18.75,19.07,17.65,18.34,5648
BZ,10/05/2022,18.94,19.70,18.91,19.06,4899
BZ,10/04/2022,17.97,19.70,17.94,19.16,12146
BZ,10/03/2022,16.79,17.60,16.79,17.49,9581
BZ,09/30/2022,17.17,17.54,16.84,16.88,22507
BZ,09/29/2022,18.58,18.64,16.44,17.16,30495
BZ,09/28/2022,18.73,19.59,18.55,19.39,10019
BZ,09/27/2022,19.55,20.08,19.15,19.25,8356
BZ,09/26/2022,18.29,19.59,18.25,19.32,14635
BZ,09/23/2022,18.90,19.23,18.04,18.25,26512
BZ,09/22/2022,20.15,20.63,18.65,19.31,18175
BZ,09/21/2022,21.01,21.09,20.02,20.04,9078
BZ,09/20/2022,21.15,21.65,20.93,21.11,12224
BZ,09/19/2022,20.91,21.32,20.88,21.28,8352
BZ,09/16/2022,21.84,22.03,20.87,21.29,25910
BZ,09/15/2022,22.12,22.57,21.99,22.23,6953
BZ,09/14/2022,22.44,22.61,22.12,22.32,5450
BZ,09/13/2022,22.41,22.76,22.02,22.38,10207
BZ,09/12/2022,22.76,23.77,22.39,23.75,8473
BZ,09/09/2022,22.51,22.89,21.82,22.76,12159
BZ,09/08/2022,22.38,22.86,21.88,22.12,9370
BZ,09/07/2022,22.08,22.76,21.76,22.71,6139
BZ,09/06/2022,22.66,22.66,21.71,21.89,15366
BZ,09/02/2022,22.79,23.31,22.43,22.71,15778
BZ,09/01/2022,23.00,23.17,22.51,23.05,19918
BZ,08/31/2022,23.24,23.95,22.65,23.49,123317
BZ,08/30/2022,23.63,24.05,22.10,22.74,25202
BZ,08/29/2022,23.99,25.01,23.20,23.26,26269
BZ,08/26/2022,25.88,26.33,23.72,24.23,60954
BZ,08/25/2022,23.79,24.80,23.32,24.37,45761
BZ,08/24/2022,21.83,23.84,21.82,22.77,36769
BZ,08/23/2022,21.50,22.24,20.31,21.83,31908
BZ,08/22/2022,21.05,22.11,20.82,21.86,22422
BZ,08/19/2022,20.95,21.14,20.48,21.05,9952
BZ,08/18/2022,21.03,21.25,20.52,21.13,9991
BZ,08/17/2022,21.31,21.53,20.85,21.03,13352
BZ,08/16/2022,22.15,22.54,21.44,21.60,17492
BZ,08/15/2022,21.54,22.49,21.50,22.17,11759
BZ,08/12/2022,22.31,22.71,21.43,21.82,23456
BZ,08/11/2022,22.50,23.72,21.67,22.75,42959
BZ,08/10/2022,20.56,21.90,20.22,21.73,19900
BZ,08/09/2022,20.05,20.91,19.92,20.35,9747
BZ,08/08/2022,19.89,20.62,19.67,20.21,18469
BZ,08/05/2022,20.69,20.83,19.81,19.94,28490
BZ,08/04/2022,20.72,21.64,20.66,21.34,23362
BZ,08/03/2022,20.35,21.07,19.52,21.00,94276
BZ,08/02/2022,21.14,22.94,20.97,22.39,28128
BZ,08/01/2022,22.67,22.86,21.33,21.73,28408
BZ,07/29/2022,23.30,23.87,22.55,23.51,24814
BZ,07/28/2022,24.05,24.45,22.82,24.41,14204
BZ,07/27/2022,24.37,24.73,23.45,24.58,12120
BZ,07/26/2022,24.40,24.50,23.70,23.88,11726
BZ,07/25/2022,23.86,24.33,23.30,24.14,8498
BZ,07/22/2022,24.53,24.89,23.06,23.58,26672
BZ,07/21/2022,24.89,25.89,24.74,24.98,14719
BZ,07/20/2022,24.47,25.66,24.35,24.99,17771
BZ,07/19/2022,24.55,24.73,22.81,24.59,22233
BZ,07/18/2022,24.40,25.18,23.43,24.50,17200
BZ,07/15/2022,23.80,23.98,23.02,23.81,15466
BZ,07/14/2022,24.36,25.29,24.03,24.24,18369
BZ,07/13/2022,23.79,24.82,23.21,24.59,25839
BZ,07/12/2022,24.69,25.40,23.97,24.39,27335
BZ,07/11/2022,25.32,25.95,24.89,24.98,18468
BZ,07/08/2022,26.12,26.92,25.46,26.34,25127
BZ,07/07/2022,26.79,27.55,26.12,27.16,29754
BZ,07/06/2022,27.49,27.68,24.47,26.50,46907
BZ,07/05/2022,26.90,28.99,26.13,27.78,36926
BZ,07/01/2022,25.76,28.16,25.76,27.49,33302
BZ,06/30/2022,25.99,26.49,25.20,26.28,69051
BZ,06/29/2022,27.25,27.79,25.74,26.33,131670
BZ,06/28/2022,28.00,28.00,25.95,26.83,43694
BZ,06/27/2022,28.02,28.02,26.12,27.36,37477
BZ,06/24/2022,27.61,28.20,27.03,27.34,60557
BZ,06/23/2022,24.58,25.85,24.08,24.96,27256
BZ,06/22/2022,23.99,24.49,23.54,23.98,28372
BZ,06/21/2022,22.99,25.22,22.94,24.37,46281
BZ,06/17/2022,23.52,23.90,21.05,22.13,128831
BZ,06/16/2022,23.56,23.56,21.70,22.26,29657
BZ,06/15/2022,24.93,25.26,23.55,24.25,25422
BZ,06/14/2022,23.50,25.46,22.25,24.93,32369
BZ,06/13/2022,22.75,23.65,21.73,22.60,41389
BZ,06/10/2022,24.00,25.72,22.81,23.49,50910
BZ,06/09/2022,26.52,26.74,23.24,23.53,43142
BZ,06/08/2022,28.00,29.44,27.35,28.16,78720
BZ,06/07/2022,25.20,27.56,25.20,27.37,37536
BZ,06/06/2022,26.00,26.78,25.26,25.88,99483
BZ,06/03/2022,21.62,21.66,20.56,21.58,23384
BZ,06/02/2022,20.00,22.43,19.82,22.11,31973
BZ,06/01/2022,19.68,20.51,18.99,19.94,40685
BZ,05/31/2022,20.00,21.71,19.45,20.22,76076
BZ,05/27/2022,17.88,18.98,17.59,18.62,18310
BZ,05/26/2022,15.86,17.99,15.68,17.72,17662
BZ,05/25/2022,15.47,16.60,15.20,15.74,24706
BZ,05/24/2022,17.71,17.71,15.29,15.45,25206
BZ,05/23/2022,17.85,18.71,17.57,17.95,22867
BZ,05/20/2022,19.98,20.49,17.44,17.78,21566
BZ,05/19/2022,18.77,19.68,18.69,19.40,17990
BZ,05/18/2022,18.96,20.00,18.65,18.84,15307
BZ,05/17/2022,19.39,20.49,19.10,19.56,26952
BZ,05/16/2022,18.01,19.24,18.00,18.16,16784
BZ,05/13/2022,17.75,18.76,17.73,18.44,25739
BZ,05/12/2022,16.22,18.44,15.63,17.65,28695
BZ,05/11/2022,17.79,18.38,16.25,16.36,32970
BZ,05/10/2022,18.29,18.81,16.86,17.35,31820
BZ,05/09/2022,18.98,19.46,17.06,17.53,22477
BZ,05/06/2022,21.05,21.07,19.23,19.66,16823
BZ,05/05/2022,22.15,22.60,19.94,21.43,17310
BZ,05/04/2022,22.52,23.45,21.01,22.85,19223
BZ,05/03/2022,23.65,24.15,22.87,23.28,10596
BZ,05/02/2022,23.06,23.77,22.35,23.72,13187
BZ,04/29/2022,23.44,24.99,23.32,23.53,31004
BZ,04/28/2022,21.32,22.50,19.88,20.85,17439
BZ,04/27/2022,20.10,21.19,19.99,20.50,15530
BZ,04/26/2022,20.00,20.17,19.16,19.47,19528
BZ,04/25/2022,18.63,20.02,17.90,19.81,19642
BZ,04/22/2022,19.81,21.33,19.70,19.82,22013
BZ,04/21/2022,21.60,22.05,20.07,20.38,19224
BZ,04/20/2022,23.34,23.69,21.75,21.89,8867
BZ,04/19/2022,22.69,23.60,22.39,23.37,17417
BZ,04/18/2022,23.17,23.56,22.36,23.13,21823
BZ,04/14/2022,25.13,25.19,23.70,23.75,8918
BZ,04/13/2022,23.63,25.56,23.10,25.13,12871
BZ,04/12/2022,24.12,25.40,22.99,23.40,16583
BZ,04/11/2022,24.37,24.59,22.97,23.72,17473
BZ,04/08/2022,24.29,24.88,23.70,24.11,6922
BZ,04/07/2022,25.10,25.42,23.78,24.25,15004
BZ,04/06/2022,25.87,26.04,24.80,25.49,20238
BZ,04/05/2022,28.01,28.11,26.48,26.64,10473
BZ,04/04/2022,27.42,29.50,27.10,28.25,33377
BZ,04/01/2022,26.95,27.28,25.12,25.85,23663
BZ,03/31/2022,27.03,27.27,24.84,24.91,23047
BZ,03/30/2022,27.61,29.34,26.88,27.14,24954
BZ,03/29/2022,26.76,28.41,25.66,27.75,45274
BZ,03/28/2022,26.57,26.61,24.79,25.49,24815
BZ,03/25/2022,26.89,27.04,24.96,26.20,35698
BZ,03/24/2022,27.01,28.70,25.72,27.97,32751
BZ,03/23/2022,28.20,29.00,26.50,27.16,56376
BZ,03/22/2022,26.20,27.30,25.79,26.08,36864
BZ,03/21/2022,25.73,28.84,25.17,25.33,32506
BZ,03/18/2022,25.35,28.47,25.35,27.03,193578
BZ,03/17/2022,24.03,26.16,22.78,25.46,57408
BZ,03/16/2022,23.40,26.70,23.29,25.41,127723
BZ,03/15/2022,15.56,19.05,15.47,18.44,113202
BZ,03/14/2022,16.26,18.13,13.46,16.03,134646
BZ,03/11/2022,22.44,22.62,17.73,17.81,66467
BZ,03/10/2022,21.78,22.69,20.01,22.17,60964
BZ,03/09/2022,23.25,24.64,22.72,24.26,45577
BZ,03/08/2022,22.54,22.62,20.69,21.35,58926
BZ,03/07/2022,24.00,25.05,21.63,21.73,54736
BZ,03/04/2022,27.61,28.08,23.65,24.27,61641
BZ,03/03/2022,30.25,30.85,27.87,28.04,30744
BZ,03/02/2022,30.74,31.32,28.73,29.74,32206
BZ,03/01/2022,32.55,32.58,30.12,30.54,39542
BZ,02/28/2022,32.40,33.12,32.00,32.30,48895
BZ,02/25/2022,32.59,33.13,32.00,33.07,23027
BZ,02/24/2022,30.70,32.93,30.01,32.81,51370
BZ,02/23/2022,32.30,33.63,31.69,31.77,19698
BZ,02/22/2022,33.30,35.24,31.53,31.73,30830
BZ,02/18/2022,33.78,34.15,33.07,33.30,28863
BZ,02/17/2022,33.87,34.50,33.39,34.14,20952
BZ,02/16/2022,33.81,34.24,33.10,34.00,16870
BZ,02/15/2022,33.00,33.60,32.50,33.52,17002
BZ,02/14/2022,32.65,34.17,32.47,32.90,10518
