CCI,06/23/2023,109.70,111.45,109.00,110.51,6580
CCI,06/22/2023,111.65,111.65,107.62,109.65,58545
CCI,06/21/2023,111.80,112.55,110.63,112.16,18287
CCI,06/20/2023,114.12,114.40,112.24,112.45,23291
CCI,06/16/2023,115.71,117.00,114.42,114.61,39135
CCI,06/15/2023,114.42,117.21,113.95,116.89,19786
CCI,06/14/2023,114.59,115.67,113.66,114.41,16076
CCI,06/13/2023,115.00,115.88,113.96,115.60,32260
CCI,06/12/2023,114.63,115.32,113.30,115.16,19533
CCI,06/09/2023,115.84,115.84,112.42,113.96,19198
CCI,06/08/2023,114.26,115.74,113.39,115.56,25625
CCI,06/07/2023,113.49,115.05,112.01,114.91,17823
CCI,06/06/2023,113.12,113.68,111.09,112.99,18538
CCI,06/05/2023,114.33,115.19,112.70,112.80,20100
CCI,06/02/2023,113.61,114.66,113.19,114.00,32339
CCI,06/01/2023,112.93,113.64,112.06,112.16,25233
CCI,05/31/2023,111.74,113.58,111.00,113.21,81324
CCI,05/30/2023,112.67,114.93,111.62,112.21,21297
CCI,05/26/2023,112.58,112.66,111.14,111.76,21191
CCI,05/25/2023,111.12,113.46,110.22,112.26,35708
CCI,05/24/2023,113.11,113.74,110.83,110.92,16961
CCI,05/23/2023,114.61,115.75,112.86,112.96,18868
CCI,05/22/2023,113.53,115.95,113.36,115.06,18118
CCI,05/19/2023,114.53,114.93,112.79,113.08,13717
CCI,05/18/2023,114.03,114.55,112.51,113.99,25158
CCI,05/17/2023,111.79,114.60,111.39,114.45,22897
CCI,05/16/2023,113.90,114.19,111.35,111.45,16633
CCI,05/15/2023,116.93,117.45,113.38,113.90,24212
CCI,05/12/2023,116.78,117.62,115.49,116.69,23360
CCI,05/11/2023,117.97,118.52,115.26,116.69,20502
CCI,05/10/2023,117.82,119.60,117.79,118.95,21061
CCI,05/09/2023,115.62,117.46,114.43,117.05,17826
CCI,05/08/2023,117.95,118.83,115.67,116.37,18424
CCI,05/05/2023,118.11,119.20,117.14,118.50,23820
CCI,05/04/2023,117.98,119.34,116.76,117.60,28634
CCI,05/03/2023,118.94,120.37,117.58,117.86,23745
CCI,05/02/2023,122.11,122.97,117.96,118.52,24370
CCI,05/01/2023,122.69,123.31,121.47,122.04,20605
CCI,04/28/2023,122.75,123.79,121.65,123.09,22381
CCI,04/27/2023,120.23,123.42,120.23,122.97,21275
CCI,04/26/2023,122.00,123.00,119.82,120.14,19833
CCI,04/25/2023,124.44,125.41,122.00,122.23,20242
CCI,04/24/2023,127.29,128.27,123.98,124.48,23280
CCI,04/21/2023,127.02,127.41,124.55,125.97,30735
CCI,04/20/2023,131.43,131.43,126.19,126.93,36289
CCI,04/19/2023,131.51,134.09,131.16,133.55,18827
CCI,04/18/2023,131.69,132.44,130.57,132.40,16372
CCI,04/17/2023,129.62,132.65,129.07,132.18,17835
CCI,04/14/2023,134.06,134.22,128.28,129.27,18914
CCI,04/13/2023,133.66,134.50,132.87,133.93,14150
CCI,04/12/2023,135.87,136.07,133.14,133.75,17163
CCI,04/11/2023,134.24,135.48,133.04,134.51,14973
CCI,04/10/2023,133.37,134.35,132.06,134.02,13082
CCI,04/06/2023,134.67,135.28,133.34,134.42,11478
CCI,04/05/2023,134.00,136.29,133.42,133.72,17803
CCI,04/04/2023,132.50,133.81,131.75,133.69,14622
CCI,04/03/2023,132.58,133.13,131.38,132.22,16808
CCI,03/31/2023,132.71,133.96,131.86,133.84,21787
CCI,03/30/2023,132.95,133.11,131.45,132.53,12994
CCI,03/29/2023,128.83,131.00,128.59,130.97,18326
CCI,03/28/2023,126.56,128.01,126.20,127.49,12552
CCI,03/27/2023,129.93,130.62,127.21,127.47,17204
CCI,03/24/2023,123.56,129.53,122.75,129.46,27838
CCI,03/23/2023,126.07,127.55,123.62,123.75,31323
CCI,03/22/2023,128.33,130.15,126.00,126.08,20719
CCI,03/21/2023,131.09,131.39,127.59,129.49,18898
CCI,03/20/2023,130.01,132.10,129.70,131.24,18183
CCI,03/17/2023,132.70,133.67,129.58,130.26,34919
CCI,03/16/2023,132.28,134.08,130.57,132.52,22570
CCI,03/15/2023,130.10,133.56,129.67,132.69,26701
CCI,03/14/2023,130.98,131.78,128.22,131.15,27647
CCI,03/13/2023,126.77,133.23,126.45,130.58,24447
CCI,03/10/2023,127.78,128.54,125.81,126.88,22156
CCI,03/09/2023,130.16,131.32,127.31,127.86,18922
CCI,03/08/2023,126.38,131.50,126.38,130.04,26463
CCI,03/07/2023,130.00,130.21,125.79,126.52,23678
CCI,03/06/2023,132.15,132.26,129.91,130.14,16033
CCI,03/03/2023,130.34,131.97,129.88,131.51,20640
CCI,03/02/2023,128.24,129.68,127.56,129.31,19694
CCI,03/01/2023,130.00,130.60,128.21,128.96,20215
CCI,02/28/2023,131.29,132.18,130.35,130.75,16576
CCI,02/27/2023,133.02,133.75,130.61,131.65,18540
CCI,02/24/2023,132.23,133.44,130.21,131.16,20437
CCI,02/23/2023,135.22,136.41,133.46,134.26,16879
CCI,02/22/2023,137.06,137.45,133.46,134.22,17275
CCI,02/21/2023,140.17,140.37,135.72,136.66,16380
CCI,02/17/2023,139.76,141.04,137.83,140.68,16580
CCI,02/16/2023,137.97,140.94,137.24,139.76,16478
CCI,02/15/2023,138.13,140.19,137.47,140.13,18269
CCI,02/14/2023,141.00,142.00,138.84,139.04,15107
CCI,02/13/2023,141.86,142.86,140.44,141.74,16056
CCI,02/10/2023,140.09,142.00,139.34,141.50,16300
CCI,02/09/2023,144.47,145.14,140.78,141.00,14212
CCI,02/08/2023,144.31,144.51,142.38,143.42,15074
CCI,02/07/2023,144.95,145.68,142.34,145.07,14776
CCI,02/06/2023,143.82,146.20,142.52,145.76,18819
CCI,02/03/2023,150.63,150.63,143.70,145.97,26129
CCI,02/02/2023,150.87,153.98,150.15,152.54,16247
CCI,02/01/2023,147.14,150.19,144.91,149.11,18007
CCI,01/31/2023,144.85,148.11,144.47,148.11,39332
CCI,01/30/2023,145.00,147.97,144.67,144.75,17669
CCI,01/27/2023,147.95,147.95,144.67,146.07,15813
CCI,01/26/2023,146.68,148.48,144.52,148.13,16081
CCI,01/25/2023,145.11,146.67,144.17,145.47,16695
CCI,01/24/2023,144.65,146.50,144.50,145.31,15607
CCI,01/23/2023,147.80,147.86,144.77,144.78,19762
CCI,01/20/2023,144.84,148.34,142.52,148.12,21597
CCI,01/19/2023,144.65,147.54,144.10,145.24,20937
CCI,01/18/2023,151.00,151.35,144.85,145.25,23821
CCI,01/17/2023,150.93,151.50,149.15,150.31,22456
CCI,01/13/2023,149.90,151.75,149.23,150.86,15136
CCI,01/12/2023,148.31,152.01,147.10,151.25,21115
CCI,01/11/2023,148.91,151.89,148.58,151.59,24998
CCI,01/10/2023,145.00,147.18,144.28,147.10,15539
CCI,01/09/2023,146.31,146.96,145.34,145.38,22085
CCI,01/06/2023,141.76,146.42,140.53,145.71,19237
CCI,01/05/2023,141.80,143.00,140.13,140.75,22303
CCI,01/04/2023,139.30,144.45,138.99,143.35,21496
CCI,01/03/2023,136.91,138.68,135.63,138.31,18556
CCI,12/30/2022,137.65,137.98,133.90,135.64,14009
CCI,12/29/2022,135.98,138.68,134.72,138.41,16123
CCI,12/28/2022,137.56,138.55,134.72,134.86,12942
CCI,12/27/2022,136.84,137.42,134.84,136.93,11073
CCI,12/23/2022,135.18,137.02,134.95,136.98,9777
CCI,12/22/2022,133.87,136.10,133.09,135.60,23711
CCI,12/21/2022,135.42,136.37,133.78,134.50,23219
CCI,12/20/2022,132.42,134.43,131.31,133.81,21017
CCI,12/19/2022,134.33,135.23,132.04,133.21,18407
CCI,12/16/2022,136.07,136.89,132.02,134.77,38266
CCI,12/15/2022,136.12,139.49,135.61,138.00,28338
CCI,12/14/2022,142.98,143.35,137.35,137.48,34881
CCI,12/13/2022,145.66,148.56,143.46,144.97,27620
CCI,12/12/2022,140.52,140.87,138.68,140.73,29592
CCI,12/09/2022,139.32,142.07,138.89,139.82,23541
CCI,12/08/2022,138.69,140.33,137.78,139.21,19066
CCI,12/07/2022,136.60,140.11,136.60,138.72,19463
CCI,12/06/2022,138.76,138.98,136.60,137.27,16776
CCI,12/05/2022,138.47,139.43,136.98,138.62,20316
CCI,12/02/2022,140.22,140.92,137.73,140.17,17343
CCI,12/01/2022,143.47,145.32,140.83,141.71,17060
CCI,11/30/2022,138.41,141.60,137.47,141.43,50601
CCI,11/29/2022,137.60,139.48,137.20,139.11,17894
CCI,11/28/2022,140.33,141.26,136.79,137.52,24602
CCI,11/25/2022,141.36,142.28,140.44,141.19,10034
CCI,11/23/2022,139.07,140.76,138.53,140.12,12730
CCI,11/22/2022,139.44,139.58,137.63,139.11,23314
CCI,11/21/2022,135.76,139.45,135.75,139.11,21046
CCI,11/18/2022,135.75,136.03,133.83,135.84,18710
CCI,11/17/2022,133.84,135.08,132.22,133.62,19476
CCI,11/16/2022,135.83,137.28,135.05,135.61,24701
CCI,11/15/2022,138.17,138.76,135.00,136.00,20572
CCI,11/14/2022,140.05,140.06,135.08,135.11,20206
CCI,11/11/2022,138.63,141.77,138.13,140.47,27175
CCI,11/10/2022,133.67,139.10,132.67,138.66,32398
CCI,11/09/2022,130.00,131.36,127.36,127.65,15578
CCI,11/08/2022,129.75,131.03,129.02,129.82,25814
CCI,11/07/2022,130.61,131.18,129.11,129.84,23798
CCI,11/04/2022,130.14,130.64,127.55,130.05,21205
CCI,11/03/2022,127.42,130.29,126.75,129.32,22168
CCI,11/02/2022,131.60,133.00,128.61,128.84,27098
CCI,11/01/2022,134.57,135.70,131.48,132.26,27659
CCI,10/31/2022,130.82,133.63,129.75,133.26,31533
CCI,10/28/2022,127.55,133.59,127.50,132.50,29727
CCI,10/27/2022,129.50,129.50,126.36,128.00,30894
CCI,10/26/2022,126.17,129.37,126.02,128.31,33825
CCI,10/25/2022,124.65,127.04,123.52,126.43,53777
CCI,10/24/2022,124.31,126.15,121.71,122.45,33051
CCI,10/21/2022,127.71,127.71,122.90,123.59,52663
CCI,10/20/2022,125.45,129.60,124.36,126.80,43213
CCI,10/19/2022,131.73,133.78,130.32,130.70,25598
CCI,10/18/2022,134.97,135.80,132.05,133.38,31893
CCI,10/17/2022,129.89,134.11,129.39,132.97,24360
CCI,10/14/2022,133.29,133.79,127.43,127.65,24468
CCI,10/13/2022,126.35,131.90,124.82,131.12,29248
CCI,10/12/2022,132.17,132.17,127.71,129.03,27204
CCI,10/11/2022,132.14,133.91,129.39,132.53,25459
CCI,10/10/2022,134.35,136.07,131.99,132.63,18364
CCI,10/07/2022,136.47,137.84,133.48,134.35,24360
CCI,10/06/2022,145.79,145.79,137.33,137.70,26006
CCI,10/05/2022,148.16,148.41,143.40,145.77,18341
CCI,10/04/2022,148.88,152.70,148.72,150.36,17049
CCI,10/03/2022,146.32,148.42,144.28,147.71,16517
CCI,09/30/2022,145.69,146.29,143.18,144.55,24993
CCI,09/29/2022,148.67,149.11,143.37,144.25,22125
CCI,09/28/2022,149.83,150.91,147.85,150.07,19464
CCI,09/27/2022,151.68,153.40,147.90,148.14,16224
CCI,09/26/2022,152.45,153.45,148.31,150.76,21345
CCI,09/23/2022,155.61,155.88,151.94,153.66,15858
CCI,09/22/2022,157.46,159.04,156.14,157.09,17822
CCI,09/21/2022,162.61,164.23,158.33,158.39,16540
CCI,09/20/2022,162.00,162.23,159.80,161.34,20671
CCI,09/19/2022,162.01,163.64,159.94,163.42,14224
CCI,09/16/2022,162.67,163.74,161.09,163.22,22741
CCI,09/15/2022,166.35,166.50,160.26,161.60,17242
CCI,09/14/2022,166.23,167.86,165.03,166.50,15747
CCI,09/13/2022,173.97,174.97,168.34,169.13,15337
CCI,09/12/2022,175.37,177.78,174.96,176.83,12725
CCI,09/09/2022,174.21,175.98,172.60,174.55,15481
CCI,09/08/2022,172.74,174.59,172.02,174.23,15944
CCI,09/07/2022,170.07,173.98,169.50,173.68,16028
CCI,09/06/2022,167.27,171.67,167.27,169.23,15908
CCI,09/02/2022,173.15,173.31,167.39,167.76,15691
CCI,09/01/2022,170.14,172.08,169.24,172.00,14854
CCI,08/31/2022,171.29,172.82,170.37,170.83,23795
CCI,08/30/2022,173.36,174.26,169.43,170.17,10318
CCI,08/29/2022,172.47,175.54,171.25,173.45,10697
CCI,08/26/2022,177.34,177.98,173.29,173.41,13752
CCI,08/25/2022,175.75,177.55,173.50,177.42,13286
CCI,08/24/2022,173.32,175.55,173.01,174.84,12341
CCI,08/23/2022,176.67,176.67,172.78,173.11,12417
CCI,08/22/2022,179.00,180.13,176.52,177.00,9808
CCI,08/19/2022,180.56,181.96,179.33,180.14,9644
CCI,08/18/2022,182.02,182.60,179.59,181.05,7658
CCI,08/17/2022,180.43,182.91,180.33,181.47,7764
CCI,08/16/2022,182.94,184.33,181.69,182.31,7448
CCI,08/15/2022,182.03,184.92,181.80,184.14,13123
CCI,08/12/2022,179.97,181.83,179.04,181.68,10893
CCI,08/11/2022,182.30,182.30,178.20,178.88,13137
CCI,08/10/2022,182.40,182.40,179.50,181.80,12730
CCI,08/09/2022,179.39,180.66,178.84,179.86,9864
CCI,08/08/2022,180.56,182.38,177.99,179.24,12425
CCI,08/05/2022,176.97,178.44,175.20,178.40,8792
CCI,08/04/2022,178.57,179.59,177.30,178.35,10818
CCI,08/03/2022,178.53,179.67,177.30,178.50,9013
CCI,08/02/2022,179.67,181.65,177.58,177.85,15728
CCI,08/01/2022,180.10,180.96,178.07,179.97,10387
CCI,07/29/2022,181.52,182.21,179.60,180.66,14366
CCI,07/28/2022,174.81,181.48,174.52,181.21,13965
CCI,07/27/2022,174.34,175.08,171.82,173.54,10593
CCI,07/26/2022,171.36,174.89,171.09,174.62,12271
CCI,07/25/2022,172.38,172.66,169.91,171.50,11144
CCI,07/22/2022,173.82,175.05,170.89,172.86,10477
CCI,07/21/2022,171.61,174.73,168.63,173.01,15592
CCI,07/20/2022,173.02,174.65,170.40,170.53,18178
CCI,07/19/2022,171.31,173.62,170.11,173.53,15790
CCI,07/18/2022,173.58,173.76,169.61,170.13,16885
CCI,07/15/2022,172.94,175.11,172.06,173.40,15514
CCI,07/14/2022,168.32,171.45,168.11,171.02,12598
CCI,07/13/2022,168.88,172.52,168.46,170.91,10014
CCI,07/12/2022,171.22,173.44,170.01,170.94,14064
CCI,07/11/2022,170.94,172.55,168.48,172.26,17185
CCI,07/08/2022,170.75,172.59,169.75,171.40,10196
CCI,07/07/2022,171.92,173.67,170.29,171.64,11706
CCI,07/06/2022,172.79,174.72,171.54,171.77,12861
CCI,07/05/2022,171.41,171.66,167.15,171.53,15182
CCI,07/01/2022,167.73,172.84,167.32,172.36,13959
CCI,06/30/2022,168.78,170.36,167.27,168.38,22458
CCI,06/29/2022,165.66,168.20,163.11,167.31,18192
CCI,06/28/2022,174.01,174.15,167.87,168.59,19478
CCI,06/27/2022,174.53,176.38,172.95,173.46,14050
CCI,06/24/2022,172.80,175.67,169.35,174.99,22437
CCI,06/23/2022,168.84,172.48,168.42,171.58,16048
CCI,06/22/2022,161.33,171.50,161.01,168.07,24936
CCI,06/21/2022,157.00,162.78,157.00,161.96,22449
CCI,06/17/2022,156.13,158.99,155.13,156.15,30843
CCI,06/16/2022,156.58,158.16,153.70,154.99,20410
CCI,06/15/2022,160.35,163.10,157.80,160.25,29432
CCI,06/14/2022,164.50,165.11,157.19,157.92,32245
CCI,06/13/2022,169.16,171.70,165.25,166.04,16068
CCI,06/10/2022,177.08,177.61,172.52,172.65,18700
CCI,06/09/2022,183.50,185.83,179.37,179.63,13803
CCI,06/08/2022,185.74,187.73,183.69,184.45,12727
CCI,06/07/2022,183.90,186.05,180.75,185.96,21582
CCI,06/06/2022,184.31,186.10,182.79,184.78,10648
CCI,06/03/2022,185.70,186.59,182.77,183.04,17680
CCI,06/02/2022,184.31,187.26,176.12,187.21,26904
CCI,06/01/2022,190.06,190.06,186.66,188.09,10399
CCI,05/31/2022,190.39,191.59,188.09,189.65,22748
CCI,05/27/2022,188.64,193.95,187.27,193.39,13244
CCI,05/26/2022,191.00,191.81,186.41,187.53,11054
CCI,05/25/2022,190.74,191.49,187.05,190.18,16046
CCI,05/24/2022,185.10,192.15,184.07,191.61,14468
CCI,05/23/2022,183.94,185.68,182.13,185.21,13837
CCI,05/20/2022,179.90,182.94,178.32,182.20,14981
CCI,05/19/2022,174.60,179.53,174.16,178.38,17133
CCI,05/18/2022,176.96,177.52,174.75,175.46,16341
CCI,05/17/2022,177.09,177.29,173.36,176.80,16753
CCI,05/16/2022,176.12,177.67,175.10,175.69,16906
CCI,05/13/2022,173.81,176.54,172.08,176.49,18525
CCI,05/12/2022,170.79,172.66,169.28,172.05,14375
CCI,05/11/2022,170.86,173.38,170.42,170.70,15828
CCI,05/10/2022,176.85,177.73,169.05,170.29,17416
CCI,05/09/2022,181.37,181.47,174.74,175.38,19309
CCI,05/06/2022,180.19,182.77,179.11,182.60,18758
CCI,05/05/2022,183.83,184.97,179.89,181.59,13871
CCI,05/04/2022,184.03,185.25,181.12,184.44,19353
CCI,05/03/2022,182.02,185.74,180.95,183.71,13045
CCI,05/02/2022,186.46,186.74,177.59,180.82,16012
CCI,04/29/2022,191.33,191.33,184.86,185.21,18032
CCI,04/28/2022,188.97,192.31,186.52,192.07,16002
CCI,04/27/2022,188.80,191.64,187.40,188.74,14399
CCI,04/26/2022,192.94,194.38,188.10,188.62,19122
CCI,04/25/2022,194.88,195.00,190.50,192.87,13781
CCI,04/22/2022,196.76,196.76,193.60,194.14,18363
CCI,04/21/2022,199.11,199.97,196.39,196.40,13065
CCI,04/20/2022,194.11,198.59,193.55,197.93,14238
CCI,04/19/2022,191.78,194.59,191.32,193.87,13543
CCI,04/18/2022,192.47,193.03,189.93,190.95,11154
CCI,04/14/2022,193.79,194.04,192.30,192.68,10890
CCI,04/13/2022,193.97,194.24,191.49,193.46,10762
CCI,04/12/2022,194.81,195.80,192.94,194.09,12405
CCI,04/11/2022,197.88,199.72,195.44,196.06,15615
CCI,04/08/2022,196.49,198.80,195.51,198.02,12582
CCI,04/07/2022,196.68,198.50,195.55,196.52,21150
CCI,04/06/2022,192.71,198.64,192.42,197.57,21595
CCI,04/05/2022,188.90,194.94,188.41,193.11,22384
CCI,04/04/2022,189.03,189.99,187.34,189.09,12131
CCI,04/01/2022,185.05,189.17,182.93,189.04,12873
CCI,03/31/2022,185.00,187.67,184.47,184.60,25508
CCI,03/30/2022,182.94,184.69,181.88,184.56,15939
CCI,03/29/2022,181.64,184.07,181.64,183.87,14406
CCI,03/28/2022,178.27,180.86,178.24,180.83,14665
CCI,03/25/2022,176.45,177.86,174.79,177.58,14193
CCI,03/24/2022,172.98,175.42,172.14,175.31,14777
CCI,03/23/2022,173.67,175.27,171.62,173.42,12035
CCI,03/22/2022,175.09,175.95,173.48,174.02,17070
CCI,03/21/2022,174.57,176.61,174.08,175.10,20368
CCI,03/18/2022,179.85,180.00,174.63,174.88,35040
CCI,03/17/2022,173.40,177.14,173.40,176.92,14108
CCI,03/16/2022,173.75,175.00,170.21,173.40,18660
CCI,03/15/2022,174.56,175.62,171.69,172.76,18532
CCI,03/14/2022,172.75,173.88,170.71,172.77,14350
CCI,03/11/2022,177.31,179.20,173.54,173.63,11779
CCI,03/10/2022,172.05,176.63,170.41,176.17,15959
CCI,03/09/2022,175.94,177.13,173.49,173.96,11976
CCI,03/08/2022,175.81,179.30,173.83,173.85,19585
CCI,03/07/2022,178.13,179.11,176.08,176.78,20878
CCI,03/04/2022,174.66,180.07,174.53,179.10,17416
CCI,03/03/2022,174.10,176.87,173.26,175.84,18359
CCI,03/02/2022,168.30,174.07,168.30,173.20,35829
CCI,03/01/2022,167.62,169.35,166.47,168.01,19857
CCI,02/28/2022,166.66,167.59,164.56,166.59,30827
CCI,02/25/2022,165.69,167.78,163.95,167.58,16672
CCI,02/24/2022,158.31,165.57,157.16,165.00,29669
CCI,02/23/2022,163.29,164.72,159.88,159.93,19147
CCI,02/22/2022,162.30,164.94,160.30,163.15,25816
CCI,02/18/2022,163.35,164.84,161.10,162.34,40200
CCI,02/17/2022,164.97,165.12,163.10,163.37,31015
CCI,02/16/2022,165.63,165.97,163.35,164.67,20494
CCI,02/15/2022,169.18,169.43,164.90,165.60,25362
CCI,02/14/2022,169.34,169.88,166.30,167.58,21459
