CDNS,06/23/2023,225.47,225.90,223.69,225.62,3292
CDNS,06/22/2023,226.11,228.99,222.86,227.00,25554
CDNS,06/21/2023,233.00,233.64,226.03,228.01,30341
CDNS,06/20/2023,234.52,236.70,230.71,232.53,23158
CDNS,06/16/2023,240.74,240.74,234.42,235.84,46181
CDNS,06/15/2023,234.88,239.50,233.39,237.77,26687
CDNS,06/14/2023,237.24,238.42,234.11,236.06,26032
CDNS,06/13/2023,240.19,242.65,235.79,239.00,20331
CDNS,06/12/2023,230.91,233.39,228.23,233.22,13995
CDNS,06/09/2023,229.59,232.59,228.70,229.30,12719
CDNS,06/08/2023,222.12,229.47,221.45,228.08,16881
CDNS,06/07/2023,227.77,230.43,221.68,222.47,19579
CDNS,06/06/2023,232.88,233.43,227.24,228.78,11745
CDNS,06/05/2023,228.24,234.09,227.32,232.33,16936
CDNS,06/02/2023,232.15,233.11,229.32,229.69,19529
CDNS,06/01/2023,228.57,233.98,227.64,232.39,18471
CDNS,05/31/2023,231.35,234.25,228.74,230.91,28587
CDNS,05/30/2023,231.98,239.00,231.51,234.75,31633
CDNS,05/26/2023,226.26,232.14,226.15,228.33,25721
CDNS,05/25/2023,208.75,225.46,208.50,224.49,37210
CDNS,05/24/2023,204.41,204.95,203.13,203.67,13438
CDNS,05/23/2023,210.88,211.07,205.18,205.76,14928
CDNS,05/22/2023,215.55,215.94,211.40,211.63,17366
CDNS,05/19/2023,217.91,219.09,214.78,216.71,16369
CDNS,05/18/2023,205.53,217.46,205.46,216.84,29478
CDNS,05/17/2023,202.66,205.62,202.08,204.15,12121
CDNS,05/16/2023,202.31,203.54,201.73,202.46,10539
CDNS,05/15/2023,200.86,202.34,198.92,202.31,14081
CDNS,05/12/2023,202.04,202.41,199.86,201.16,11970
CDNS,05/11/2023,203.68,203.72,199.32,201.46,15839
CDNS,05/10/2023,205.70,206.23,202.33,204.19,13176
CDNS,05/09/2023,205.14,206.29,203.23,204.03,9482
CDNS,05/08/2023,205.43,206.33,203.56,205.56,5983
CDNS,05/05/2023,205.94,206.99,203.37,205.24,14995
CDNS,05/04/2023,208.10,208.67,204.95,205.03,11933
CDNS,05/03/2023,209.60,209.96,207.04,207.45,9814
CDNS,05/02/2023,211.75,212.91,207.87,208.97,11041
CDNS,05/01/2023,209.10,211.50,207.70,210.65,10372
CDNS,04/28/2023,207.83,211.95,207.69,209.45,18693
CDNS,04/27/2023,204.85,208.44,202.66,207.86,16746
CDNS,04/26/2023,203.90,207.33,203.04,203.61,21779
CDNS,04/25/2023,200.00,204.70,194.01,203.90,53186
CDNS,04/24/2023,212.78,214.81,212.37,212.98,13164
CDNS,04/21/2023,213.58,214.48,210.36,213.00,13493
CDNS,04/20/2023,212.36,215.78,212.36,213.73,10604
CDNS,04/19/2023,212.87,214.06,212.23,213.67,8965
CDNS,04/18/2023,214.86,215.52,212.94,213.77,8162
CDNS,04/17/2023,215.00,215.48,211.73,213.16,7640
CDNS,04/14/2023,214.87,216.73,212.92,214.55,11950
CDNS,04/13/2023,212.88,217.67,212.88,217.01,15760
CDNS,04/12/2023,215.00,216.33,211.81,212.18,12549
CDNS,04/11/2023,212.46,214.95,212.36,213.89,14435
CDNS,04/10/2023,207.24,214.13,207.02,213.61,20715
CDNS,04/06/2023,205.39,209.26,205.33,208.52,18270
CDNS,04/05/2023,210.12,211.08,206.14,207.56,13172
CDNS,04/04/2023,212.43,214.14,210.89,211.51,11719
CDNS,04/03/2023,209.00,211.60,208.73,211.39,14125
CDNS,03/31/2023,208.00,210.23,207.44,210.09,19886
CDNS,03/30/2023,207.34,207.99,205.39,207.01,15606
CDNS,03/29/2023,205.22,206.66,204.70,206.00,11526
CDNS,03/28/2023,204.65,205.72,201.35,203.28,11389
CDNS,03/27/2023,204.48,206.29,203.55,205.27,13183
CDNS,03/24/2023,206.63,206.95,203.05,204.48,22118
CDNS,03/23/2023,204.89,208.24,203.03,207.00,20236
CDNS,03/22/2023,206.72,209.23,203.96,204.00,18154
CDNS,03/21/2023,207.70,208.58,204.49,207.88,25787
CDNS,03/20/2023,207.00,207.89,204.73,207.07,26562
CDNS,03/17/2023,206.78,209.50,205.43,206.88,41851
CDNS,03/16/2023,202.10,209.28,200.01,207.82,31142
CDNS,03/15/2023,202.64,203.94,200.49,202.94,29328
CDNS,03/14/2023,197.86,203.68,197.42,203.52,21233
CDNS,03/13/2023,194.55,198.57,193.12,196.27,21178
CDNS,03/10/2023,196.68,198.08,192.78,195.67,23420
CDNS,03/09/2023,199.33,201.97,196.12,196.40,18112
CDNS,03/08/2023,195.71,199.46,195.17,199.30,14128
CDNS,03/07/2023,196.49,198.15,194.34,195.35,13108
CDNS,03/06/2023,196.94,198.81,195.26,197.40,15743
CDNS,03/03/2023,193.85,196.77,192.81,196.50,13902
CDNS,03/02/2023,190.32,193.39,189.30,192.64,13736
CDNS,03/01/2023,193.14,193.57,190.69,191.43,11568
CDNS,02/28/2023,193.26,195.23,192.74,192.94,15819
CDNS,02/27/2023,195.35,195.99,192.66,193.18,13234
CDNS,02/24/2023,192.99,195.37,192.45,193.74,11542
CDNS,02/23/2023,196.03,198.57,194.66,196.62,16184
CDNS,02/22/2023,193.24,196.00,192.88,193.99,17240
CDNS,02/21/2023,192.19,193.58,191.44,192.65,16905
CDNS,02/17/2023,192.66,195.12,191.10,194.44,19387
CDNS,02/16/2023,196.28,198.44,193.45,194.62,28316
CDNS,02/15/2023,199.10,202.96,198.73,202.26,20871
CDNS,02/14/2023,193.40,199.86,192.00,199.09,31506
CDNS,02/13/2023,185.10,186.85,183.80,185.70,18584
CDNS,02/10/2023,184.10,185.14,183.42,183.80,11202
CDNS,02/09/2023,188.15,190.59,185.54,186.27,13155
CDNS,02/08/2023,187.78,188.54,184.88,185.45,12883
CDNS,02/07/2023,185.29,189.24,183.26,188.33,11554
CDNS,02/06/2023,184.46,186.99,184.00,185.91,10114
CDNS,02/03/2023,185.20,188.68,184.23,185.85,10783
CDNS,02/02/2023,190.73,191.92,188.40,189.22,18147
CDNS,02/01/2023,181.78,190.25,181.28,188.89,15688
CDNS,01/31/2023,181.36,183.73,180.75,182.83,16853
CDNS,01/30/2023,183.61,183.72,180.62,180.74,10822
CDNS,01/27/2023,183.59,186.24,183.11,185.03,10730
CDNS,01/26/2023,184.90,185.86,182.59,185.63,8019
CDNS,01/25/2023,179.31,182.76,176.49,182.48,10790
CDNS,01/24/2023,183.35,183.66,181.38,182.38,11430
CDNS,01/23/2023,177.20,184.24,177.20,183.41,17622
CDNS,01/20/2023,171.69,178.95,171.68,178.26,17089
CDNS,01/19/2023,171.64,173.43,171.23,171.95,15101
CDNS,01/18/2023,174.40,177.60,172.21,172.46,14090
CDNS,01/17/2023,171.79,174.52,169.41,172.97,19662
CDNS,01/13/2023,166.00,169.37,166.00,169.26,9750
CDNS,01/12/2023,168.17,168.66,164.85,168.06,9830
CDNS,01/11/2023,164.58,168.70,163.76,168.47,13593
CDNS,01/10/2023,164.59,166.61,162.48,164.32,11979
CDNS,01/09/2023,161.34,168.52,161.34,165.92,18479
CDNS,01/06/2023,158.75,160.33,155.20,159.66,10488
CDNS,01/05/2023,157.56,158.74,154.88,156.80,15042
CDNS,01/04/2023,161.00,162.10,157.46,159.23,12002
CDNS,01/03/2023,162.83,164.00,157.49,159.64,8651
CDNS,12/30/2022,159.92,160.75,158.41,160.64,6943
CDNS,12/29/2022,159.59,163.18,159.40,161.93,7276
CDNS,12/28/2022,159.95,161.73,158.18,158.34,7318
CDNS,12/27/2022,161.10,161.10,158.97,160.05,5952
CDNS,12/23/2022,160.92,161.95,159.25,161.45,6847
CDNS,12/22/2022,162.99,163.34,158.94,161.76,11252
CDNS,12/21/2022,162.79,165.77,161.61,165.41,11330
CDNS,12/20/2022,159.90,162.92,159.12,162.36,12507
CDNS,12/19/2022,163.15,163.15,160.02,160.95,8526
CDNS,12/16/2022,162.99,166.61,161.45,163.20,25826
CDNS,12/15/2022,163.04,163.96,160.38,162.23,14938
CDNS,12/14/2022,168.23,171.23,164.25,165.47,13661
CDNS,12/13/2022,173.89,174.48,166.07,168.23,15653
CDNS,12/12/2022,163.96,166.84,163.76,166.09,13618
CDNS,12/09/2022,163.32,164.66,162.17,163.67,12561
CDNS,12/08/2022,162.12,165.44,161.36,164.06,13625
CDNS,12/07/2022,162.32,163.10,159.72,160.59,16307
CDNS,12/06/2022,166.92,166.92,162.16,163.66,10920
CDNS,12/05/2022,170.45,170.92,165.51,166.46,13779
CDNS,12/02/2022,172.93,173.45,170.29,172.43,12225
CDNS,12/01/2022,174.88,177.27,173.33,176.78,17500
CDNS,11/30/2022,164.20,172.25,164.02,172.04,19410
CDNS,11/29/2022,165.36,165.36,161.90,163.52,10218
CDNS,11/28/2022,167.54,169.48,164.17,164.95,13705
CDNS,11/25/2022,167.51,168.35,166.94,167.31,4082
CDNS,11/23/2022,165.30,168.65,163.00,167.51,6920
CDNS,11/22/2022,162.60,165.63,160.87,165.20,10937
CDNS,11/21/2022,164.45,164.45,161.65,161.86,11523
CDNS,11/18/2022,167.67,168.16,163.61,165.02,11438
CDNS,11/17/2022,165.76,166.98,162.87,165.10,15024
CDNS,11/16/2022,168.68,170.49,167.16,168.86,10869
CDNS,11/15/2022,171.78,172.40,167.18,168.74,17954
CDNS,11/14/2022,166.03,169.38,165.45,167.93,17112
CDNS,11/11/2022,162.29,167.99,161.49,166.90,21511
CDNS,11/10/2022,156.66,162.61,155.69,162.02,25273
CDNS,11/09/2022,147.65,148.55,145.94,147.76,9876
CDNS,11/08/2022,147.11,151.09,146.44,149.10,11810
CDNS,11/07/2022,143.63,146.61,141.62,146.00,18817
CDNS,11/04/2022,144.34,144.72,138.76,142.41,29376
CDNS,11/03/2022,144.00,145.75,142.38,142.86,17597
CDNS,11/02/2022,151.54,152.40,145.02,145.09,26071
CDNS,11/01/2022,153.25,153.76,149.81,150.93,12485
CDNS,10/31/2022,150.00,152.56,149.42,151.39,14551
CDNS,10/28/2022,149.45,151.82,148.83,151.48,19039
CDNS,10/27/2022,149.70,150.96,146.36,148.58,20669
CDNS,10/26/2022,148.23,152.26,147.44,149.05,24424
CDNS,10/25/2022,158.21,160.74,150.86,151.32,50191
CDNS,10/24/2022,160.40,161.40,157.07,160.22,17658
CDNS,10/21/2022,151.43,158.86,150.69,158.34,19500
CDNS,10/20/2022,154.12,156.61,152.00,153.05,14984
CDNS,10/19/2022,152.66,154.28,151.73,153.72,9263
CDNS,10/18/2022,158.00,159.82,154.15,155.56,16525
CDNS,10/17/2022,152.24,155.17,151.84,154.07,22185
CDNS,10/14/2022,152.32,152.92,147.23,147.45,22927
CDNS,10/13/2022,142.37,151.62,142.34,150.55,46764
CDNS,10/12/2022,149.24,151.33,147.83,147.97,26162
CDNS,10/11/2022,154.57,154.90,147.06,148.04,40066
CDNS,10/10/2022,159.48,159.86,152.73,154.71,21974
CDNS,10/07/2022,165.26,165.62,158.00,158.90,23327
CDNS,10/06/2022,169.95,171.64,168.17,168.41,18081
CDNS,10/05/2022,170.01,170.79,167.72,169.70,25214
CDNS,10/04/2022,173.28,174.33,170.34,171.33,20466
CDNS,10/03/2022,164.39,171.26,164.39,170.28,17025
CDNS,09/30/2022,164.75,167.58,163.27,163.43,20624
CDNS,09/29/2022,165.59,166.85,163.15,164.69,15246
CDNS,09/28/2022,164.00,167.66,162.09,166.97,14771
CDNS,09/27/2022,164.26,164.91,160.61,163.13,15392
CDNS,09/26/2022,161.49,164.99,161.49,162.38,17751
CDNS,09/23/2022,161.61,162.50,159.12,160.97,16416
CDNS,09/22/2022,164.31,165.79,161.87,162.32,17466
CDNS,09/21/2022,168.45,172.06,166.00,166.04,19255
CDNS,09/20/2022,165.97,168.30,165.79,166.99,16764
CDNS,09/19/2022,162.63,167.29,162.57,167.19,15142
CDNS,09/16/2022,162.66,164.80,160.83,164.27,31778
CDNS,09/15/2022,165.38,165.77,161.16,163.05,18953
CDNS,09/14/2022,168.38,168.84,165.19,167.23,14906
CDNS,09/13/2022,169.60,170.49,166.66,166.92,18340
CDNS,09/12/2022,175.11,175.45,173.58,175.02,13430
CDNS,09/09/2022,173.46,175.97,173.31,174.68,12487
CDNS,09/08/2022,169.46,172.98,168.78,171.84,17543
CDNS,09/07/2022,168.62,171.89,167.62,170.89,12137
CDNS,09/06/2022,168.39,170.40,166.64,167.82,15903
CDNS,09/02/2022,171.34,172.85,167.16,168.17,13711
CDNS,09/01/2022,171.00,171.49,166.89,170.04,23222
CDNS,08/31/2022,175.33,176.62,172.64,173.77,18251
CDNS,08/30/2022,175.86,176.14,171.18,174.23,13432
CDNS,08/29/2022,175.65,177.51,174.72,174.83,12203
CDNS,08/26/2022,184.42,184.42,177.48,177.83,16415
CDNS,08/25/2022,184.69,185.38,182.78,184.80,11476
CDNS,08/24/2022,183.72,185.40,182.64,182.99,11992
CDNS,08/23/2022,183.82,186.07,183.00,183.25,9855
CDNS,08/22/2022,186.34,187.13,184.51,184.90,10590
CDNS,08/19/2022,188.81,189.25,186.62,188.04,12690
CDNS,08/18/2022,190.90,192.80,190.41,190.73,11746
CDNS,08/17/2022,191.98,192.35,190.03,191.00,12873
CDNS,08/16/2022,191.71,194.97,191.14,192.63,15716
CDNS,08/15/2022,188.82,193.21,188.62,193.09,14936
CDNS,08/12/2022,187.00,189.30,186.45,188.83,17783
CDNS,08/11/2022,187.92,188.48,185.66,186.35,15930
CDNS,08/10/2022,189.33,189.95,185.68,186.34,16459
CDNS,08/09/2022,183.94,185.65,183.12,184.61,14249
CDNS,08/08/2022,186.11,187.61,183.30,184.33,15025
CDNS,08/05/2022,182.00,186.69,181.96,186.55,13906
CDNS,08/04/2022,182.89,185.63,181.28,185.58,14902
CDNS,08/03/2022,182.18,183.05,176.25,181.95,32159
CDNS,08/02/2022,183.60,185.10,182.11,183.45,16662
CDNS,08/01/2022,183.90,187.51,183.02,185.04,17503
CDNS,07/29/2022,182.96,186.58,182.96,186.08,15283
CDNS,07/28/2022,177.82,183.89,177.48,183.62,20781
CDNS,07/27/2022,171.95,178.51,171.63,176.62,20519
CDNS,07/26/2022,170.54,174.50,169.94,170.75,25351
CDNS,07/25/2022,167.72,167.96,165.19,167.66,13004
CDNS,07/22/2022,169.46,171.11,167.23,167.71,17701
CDNS,07/21/2022,164.91,168.76,163.60,168.75,13671
CDNS,07/20/2022,162.33,165.94,161.58,164.02,12598
CDNS,07/19/2022,158.09,162.13,157.42,161.58,12514
CDNS,07/18/2022,158.08,158.95,154.22,155.06,10110
CDNS,07/15/2022,155.99,158.09,153.48,157.00,12929
CDNS,07/14/2022,152.21,155.36,148.85,154.02,11402
CDNS,07/13/2022,150.49,154.26,149.17,153.34,9263
CDNS,07/12/2022,159.35,162.19,153.50,154.22,13260
CDNS,07/11/2022,158.87,159.74,156.99,157.87,9293
CDNS,07/08/2022,158.50,161.42,157.22,160.42,10026
CDNS,07/07/2022,156.41,160.76,156.21,160.19,12365
CDNS,07/06/2022,152.65,157.44,150.95,156.04,15218
CDNS,07/05/2022,148.24,151.92,147.00,151.64,13628
CDNS,07/01/2022,149.76,150.78,147.40,149.64,14557
CDNS,06/30/2022,149.34,152.51,148.41,150.03,19008
CDNS,06/29/2022,150.56,152.33,149.38,150.92,10998
CDNS,06/28/2022,154.39,155.37,149.51,150.12,11581
CDNS,06/27/2022,157.25,158.32,153.70,154.45,11466
CDNS,06/24/2022,152.80,157.89,152.27,157.62,20347
CDNS,06/23/2022,147.96,151.36,145.14,151.06,15591
CDNS,06/22/2022,146.12,149.35,145.09,145.96,18455
CDNS,06/21/2022,145.65,150.14,145.35,148.14,16992
CDNS,06/17/2022,141.64,145.00,140.27,143.09,24683
CDNS,06/16/2022,143.20,144.51,139.73,141.08,16111
CDNS,06/15/2022,145.20,149.91,144.02,147.72,13700
CDNS,06/14/2022,142.65,144.14,140.22,143.39,10005
CDNS,06/13/2022,144.40,145.30,140.89,141.66,13983
CDNS,06/10/2022,151.74,152.49,147.84,149.11,10888
CDNS,06/09/2022,158.48,160.03,155.75,155.81,10543
CDNS,06/08/2022,161.84,162.11,158.88,159.93,12171
CDNS,06/07/2022,158.58,162.98,157.97,162.27,8912
CDNS,06/06/2022,160.90,164.18,159.34,160.29,8867
CDNS,06/03/2022,159.11,159.92,157.38,158.56,10225
CDNS,06/02/2022,152.83,161.69,152.43,161.41,14475
CDNS,06/01/2022,155.15,157.77,151.89,153.22,10095
CDNS,05/31/2022,155.43,155.79,151.83,153.73,21908
CDNS,05/27/2022,150.00,156.33,149.88,156.24,12829
CDNS,05/26/2022,146.44,149.60,144.73,148.67,11279
CDNS,05/25/2022,142.20,146.18,142.00,145.06,14647
CDNS,05/24/2022,145.68,146.64,142.56,144.00,14376
CDNS,05/23/2022,147.20,148.43,145.17,147.63,12724
CDNS,05/20/2022,147.07,147.47,141.00,146.60,25622
CDNS,05/19/2022,136.98,146.94,136.27,143.83,21604
CDNS,05/18/2022,140.30,141.40,135.47,136.30,12534
CDNS,05/17/2022,143.12,144.25,139.79,142.87,10385
CDNS,05/16/2022,140.95,141.64,138.92,139.38,9691
CDNS,05/13/2022,137.81,143.13,137.70,142.44,17993
CDNS,05/12/2022,133.38,136.94,132.32,135.82,15089
CDNS,05/11/2022,138.88,143.62,135.29,135.68,12990
CDNS,05/10/2022,141.51,143.88,136.94,141.17,16007
CDNS,05/09/2022,143.39,144.35,136.38,137.18,20090
CDNS,05/06/2022,148.12,149.22,142.82,146.37,14502
CDNS,05/05/2022,156.08,156.49,147.15,149.40,15245
CDNS,05/04/2022,153.54,158.71,148.89,158.34,15029
CDNS,05/03/2022,150.32,153.80,149.87,152.85,13247
CDNS,05/02/2022,150.54,152.04,146.12,150.49,19236
CDNS,04/29/2022,157.47,158.66,149.92,150.85,15180
CDNS,04/28/2022,155.88,160.97,153.07,159.01,15787
CDNS,04/27/2022,151.92,156.98,151.54,153.41,19583
CDNS,04/26/2022,158.00,159.50,150.50,151.54,37174
CDNS,04/25/2022,148.38,151.35,147.21,151.10,21235
CDNS,04/22/2022,150.96,153.05,147.81,148.07,12045
CDNS,04/21/2022,159.00,160.97,150.99,151.86,13918
CDNS,04/20/2022,157.01,157.94,155.80,157.13,18005
CDNS,04/19/2022,149.68,156.22,149.39,155.62,12215
CDNS,04/18/2022,148.52,151.70,148.24,150.61,10873
CDNS,04/14/2022,156.05,156.17,149.05,149.80,20736
CDNS,04/13/2022,154.00,158.61,153.87,155.79,17444
CDNS,04/12/2022,156.97,159.01,152.86,153.37,11812
CDNS,04/11/2022,156.94,157.20,152.51,153.74,14132
CDNS,04/08/2022,161.30,161.75,157.82,158.24,11534
CDNS,04/07/2022,161.11,164.52,160.55,163.13,18324
CDNS,04/06/2022,160.62,163.78,158.79,161.85,13423
CDNS,04/05/2022,167.37,167.78,162.09,163.45,11181
CDNS,04/04/2022,165.95,168.73,165.05,167.11,10645
CDNS,04/01/2022,165.17,167.38,162.87,165.63,14034
CDNS,03/31/2022,164.16,166.58,163.00,164.46,24260
CDNS,03/30/2022,165.01,166.11,162.23,163.31,9502
CDNS,03/29/2022,164.73,167.36,163.13,165.97,10865
CDNS,03/28/2022,159.00,162.48,158.64,162.47,10261
CDNS,03/25/2022,162.81,163.24,157.33,158.84,12197
CDNS,03/24/2022,157.95,162.14,156.76,162.12,14653
CDNS,03/23/2022,158.97,159.92,155.19,157.29,10436
CDNS,03/22/2022,157.60,161.06,156.42,160.20,10710
CDNS,03/21/2022,157.73,158.25,153.95,157.20,11960
CDNS,03/18/2022,152.17,159.68,151.03,158.87,23761
CDNS,03/17/2022,149.95,153.93,149.44,153.32,15930
CDNS,03/16/2022,145.12,150.53,144.39,150.51,29849
CDNS,03/15/2022,140.39,143.71,139.42,142.50,27887
CDNS,03/14/2022,144.31,145.78,138.49,139.16,20750
CDNS,03/11/2022,151.08,151.77,144.67,144.91,13542
CDNS,03/10/2022,147.53,150.01,144.59,149.46,15297
CDNS,03/09/2022,149.47,152.22,146.96,150.89,20446
CDNS,03/08/2022,149.72,151.35,143.43,145.80,23152
CDNS,03/07/2022,154.94,155.38,150.25,150.40,19682
CDNS,03/04/2022,153.15,155.73,151.65,154.69,20976
CDNS,03/03/2022,158.52,159.51,152.70,153.94,16230
CDNS,03/02/2022,152.02,157.80,150.81,157.46,21500
CDNS,03/01/2022,151.69,154.14,149.31,150.53,20740
CDNS,02/28/2022,151.20,153.81,148.76,151.43,16618
CDNS,02/25/2022,148.40,153.33,147.12,152.93,20765
CDNS,02/24/2022,138.42,149.73,137.11,149.04,36290
CDNS,02/23/2022,150.11,150.97,140.58,140.88,47973
CDNS,02/22/2022,134.63,136.96,133.10,135.21,24941
CDNS,02/18/2022,138.62,139.22,134.05,134.95,23895
CDNS,02/17/2022,144.18,144.77,137.64,138.22,12342
CDNS,02/16/2022,144.97,146.81,142.33,145.85,16525
CDNS,02/15/2022,144.55,146.46,144.02,146.07,15832
CDNS,02/14/2022,142.50,144.64,140.15,142.08,11923
