CHKP,06/23/2023,126.28,126.78,125.57,126.73,630
CHKP,06/22/2023,125.93,126.98,125.45,126.86,8097
CHKP,06/21/2023,128.26,128.61,126.02,126.17,9563
CHKP,06/20/2023,130.15,131.20,128.30,128.47,6273
CHKP,06/16/2023,130.81,132.13,130.07,130.91,14209
CHKP,06/15/2023,129.22,130.87,128.72,130.45,7469
CHKP,06/14/2023,127.16,129.16,127.07,128.87,7629
CHKP,06/13/2023,126.18,127.26,125.91,126.88,11154
CHKP,06/12/2023,126.14,126.55,124.76,125.60,9978
CHKP,06/09/2023,124.36,126.61,124.01,126.14,12086
CHKP,06/08/2023,123.93,125.26,123.64,123.88,9397
CHKP,06/07/2023,124.51,124.92,123.11,123.95,11604
CHKP,06/06/2023,124.00,124.52,122.38,124.38,9386
CHKP,06/05/2023,123.06,124.65,122.11,123.99,8021
CHKP,06/02/2023,124.32,124.72,123.45,124.03,12623
CHKP,06/01/2023,123.70,125.24,123.34,124.18,8975
CHKP,05/31/2023,122.34,125.54,121.85,124.81,13851
CHKP,05/30/2023,124.11,124.57,122.05,123.44,10542
CHKP,05/26/2023,123.27,124.80,123.27,123.86,9075
CHKP,05/25/2023,124.46,124.59,122.90,123.04,9063
CHKP,05/24/2023,122.05,124.60,122.05,123.64,11202
CHKP,05/23/2023,122.08,123.25,121.53,122.01,7582
CHKP,05/22/2023,121.14,122.93,121.14,122.62,6164
CHKP,05/19/2023,119.78,121.70,119.54,121.42,8712
CHKP,05/18/2023,119.36,119.72,118.22,119.14,12422
CHKP,05/17/2023,120.06,120.15,118.63,119.34,9453
CHKP,05/16/2023,119.15,120.74,119.13,119.99,6332
CHKP,05/15/2023,120.01,120.23,119.45,120.07,8595
CHKP,05/12/2023,120.84,121.25,120.07,120.17,6186
CHKP,05/11/2023,120.94,121.40,120.10,120.89,7864
CHKP,05/10/2023,121.86,122.55,120.59,120.89,9075
CHKP,05/09/2023,122.08,123.37,121.05,121.51,10415
CHKP,05/08/2023,121.51,122.53,121.00,122.45,7513
CHKP,05/05/2023,118.58,121.61,118.58,120.96,9594
CHKP,05/04/2023,119.67,120.79,118.30,118.46,12454
CHKP,05/03/2023,120.75,121.23,119.04,119.66,13162
CHKP,05/02/2023,117.67,121.98,117.18,120.75,12582
CHKP,05/01/2023,121.99,122.81,118.05,118.52,27792
CHKP,04/28/2023,127.20,128.68,125.83,127.36,14463
CHKP,04/27/2023,126.17,128.19,125.98,128.07,7048
CHKP,04/26/2023,126.17,127.90,125.64,125.98,6184
CHKP,04/25/2023,128.29,128.66,126.03,126.07,9941
CHKP,04/24/2023,131.82,132.13,129.79,130.96,5377
CHKP,04/21/2023,130.65,131.96,130.08,131.83,7502
CHKP,04/20/2023,131.23,131.67,130.40,130.68,5318
CHKP,04/19/2023,132.40,133.23,131.38,131.63,4880
CHKP,04/18/2023,132.81,133.39,132.37,132.67,4713
CHKP,04/17/2023,133.83,134.64,132.36,132.82,6176
CHKP,04/14/2023,130.60,134.19,130.60,132.41,8584
CHKP,04/13/2023,133.88,134.62,133.40,134.46,7294
CHKP,04/12/2023,132.00,135.93,131.60,132.82,12283
CHKP,04/11/2023,130.09,131.75,129.84,130.80,6157
CHKP,04/10/2023,130.64,131.33,129.91,130.76,4864
CHKP,04/06/2023,131.00,132.26,130.68,131.83,5450
CHKP,04/05/2023,132.80,133.33,131.18,131.39,7669
CHKP,04/04/2023,131.75,134.75,131.42,132.62,9951
CHKP,04/03/2023,129.34,130.78,129.34,130.72,7064
CHKP,03/31/2023,128.27,130.30,127.10,130.00,9447
CHKP,03/30/2023,128.06,128.06,126.51,127.63,7569
CHKP,03/29/2023,126.80,128.12,126.60,127.68,5294
CHKP,03/28/2023,128.41,128.48,126.13,126.79,8416
CHKP,03/27/2023,128.24,129.24,128.19,128.77,5569
CHKP,03/24/2023,127.91,128.84,127.55,128.40,5127
CHKP,03/23/2023,126.80,129.39,126.80,128.03,6941
CHKP,03/22/2023,129.99,130.28,126.14,126.23,9462
CHKP,03/21/2023,130.95,131.26,128.60,129.52,8953
CHKP,03/20/2023,127.95,131.23,127.95,131.01,7947
CHKP,03/17/2023,129.24,129.73,127.87,129.17,8473
CHKP,03/16/2023,125.43,128.95,125.24,128.81,7032
CHKP,03/15/2023,125.89,126.47,123.99,125.42,6115
CHKP,03/14/2023,124.80,126.84,124.14,126.79,9590
CHKP,03/13/2023,124.82,125.83,123.61,123.78,10280
CHKP,03/10/2023,124.61,127.03,124.56,125.03,7783
CHKP,03/09/2023,125.86,126.59,125.14,125.35,6055
CHKP,03/08/2023,126.92,127.17,125.29,126.20,5012
CHKP,03/07/2023,126.63,127.16,125.73,126.76,5333
CHKP,03/06/2023,127.00,128.42,126.41,126.59,5247
CHKP,03/03/2023,126.15,126.81,124.75,126.58,6566
CHKP,03/02/2023,123.83,126.00,123.83,125.99,7016
CHKP,03/01/2023,123.72,125.04,123.45,123.78,7726
CHKP,02/28/2023,123.69,124.84,123.39,123.72,11458
CHKP,02/27/2023,124.40,125.19,123.69,124.44,7919
CHKP,02/24/2023,123.92,125.39,123.72,124.20,7000
CHKP,02/23/2023,125.86,127.04,124.90,125.51,9675
CHKP,02/22/2023,126.32,126.74,124.92,125.66,9793
CHKP,02/21/2023,123.53,125.71,123.53,125.37,7611
CHKP,02/17/2023,123.15,125.84,123.05,124.96,6708
CHKP,02/16/2023,125.19,125.79,123.25,123.98,12685
CHKP,02/15/2023,125.05,127.59,123.52,127.58,10210
CHKP,02/14/2023,128.00,128.32,124.89,125.97,12688
CHKP,02/13/2023,124.00,128.36,123.45,128.26,14314
CHKP,02/10/2023,127.07,127.79,126.53,127.16,9046
CHKP,02/09/2023,128.02,130.08,127.23,127.29,9475
CHKP,02/08/2023,129.58,129.87,127.04,127.52,7295
CHKP,02/07/2023,125.79,128.38,125.33,127.95,7214
CHKP,02/06/2023,127.89,128.07,125.28,125.51,7227
CHKP,02/03/2023,128.20,129.83,127.96,128.46,5518
CHKP,02/02/2023,130.03,130.08,126.57,128.95,8710
CHKP,02/01/2023,126.36,130.31,125.91,129.56,9172
CHKP,01/31/2023,126.92,127.30,126.08,127.20,7488
CHKP,01/30/2023,129.03,129.03,126.10,126.29,4268
CHKP,01/27/2023,128.40,129.76,127.77,129.03,4097
CHKP,01/26/2023,128.61,129.51,126.92,129.43,7862
CHKP,01/25/2023,127.32,129.22,126.62,128.44,6491
CHKP,01/24/2023,128.81,130.25,127.57,128.10,6330
CHKP,01/23/2023,130.73,132.08,128.40,129.03,8916
CHKP,01/20/2023,132.20,133.01,131.36,131.72,8957
CHKP,01/19/2023,132.07,133.38,131.73,131.84,8709
CHKP,01/18/2023,131.22,132.85,130.40,131.93,15221
CHKP,01/17/2023,129.45,131.04,128.90,130.03,9780
CHKP,01/13/2023,124.99,129.22,124.75,128.99,13036
CHKP,01/12/2023,124.95,126.33,123.97,126.04,7690
CHKP,01/11/2023,124.00,125.42,123.47,124.92,11195
CHKP,01/10/2023,125.39,126.93,124.23,124.64,10568
CHKP,01/09/2023,128.57,129.81,125.56,125.86,10472
CHKP,01/06/2023,126.77,129.18,126.35,128.20,8132
CHKP,01/05/2023,128.97,129.98,125.75,126.77,8844
CHKP,01/04/2023,127.54,128.79,126.26,127.20,6054
CHKP,01/03/2023,126.70,128.34,126.27,126.83,6126
CHKP,12/30/2022,125.26,126.39,124.48,126.16,2820
CHKP,12/29/2022,125.08,126.39,124.86,126.10,3637
CHKP,12/28/2022,125.27,126.53,124.79,124.91,4079
CHKP,12/27/2022,126.31,127.36,125.86,126.23,3359
CHKP,12/23/2022,126.28,127.39,126.05,126.97,3264
CHKP,12/22/2022,126.76,127.36,125.51,126.46,4253
CHKP,12/21/2022,128.73,128.82,127.01,127.60,5287
CHKP,12/20/2022,126.80,128.31,126.58,128.03,4353
CHKP,12/19/2022,128.83,129.58,127.19,127.48,6058
CHKP,12/16/2022,129.00,130.52,128.53,129.05,10864
CHKP,12/15/2022,131.84,132.16,128.16,129.92,9844
CHKP,12/14/2022,134.00,134.65,132.57,133.12,5322
CHKP,12/13/2022,135.00,135.78,132.02,133.64,8575
CHKP,12/12/2022,130.96,132.63,130.96,132.40,6432
CHKP,12/09/2022,131.12,132.22,130.05,131.53,4211
CHKP,12/08/2022,131.96,132.17,130.57,131.27,7677
CHKP,12/07/2022,132.00,133.07,131.19,131.52,6373
CHKP,12/06/2022,131.26,131.89,130.30,131.51,6267
CHKP,12/05/2022,133.06,134.09,131.40,131.66,7161
CHKP,12/02/2022,132.83,134.24,132.41,133.48,5328
CHKP,12/01/2022,133.00,134.98,132.77,134.50,7353
CHKP,11/30/2022,130.33,133.17,128.80,132.83,20857
CHKP,11/29/2022,131.56,131.90,130.38,131.03,4947
CHKP,11/28/2022,131.63,132.38,130.35,130.85,5661
CHKP,11/25/2022,130.84,132.72,130.31,132.41,2837
CHKP,11/23/2022,131.85,133.04,131.34,131.48,9920
CHKP,11/22/2022,129.96,131.58,129.08,131.55,6672
CHKP,11/21/2022,128.62,130.08,128.30,129.52,5532
CHKP,11/18/2022,129.43,130.19,128.25,129.29,5319
CHKP,11/17/2022,126.93,128.80,126.70,127.98,4717
CHKP,11/16/2022,128.78,129.30,127.70,127.84,5892
CHKP,11/15/2022,129.57,130.03,128.03,129.05,6284
CHKP,11/14/2022,131.00,131.46,127.47,127.90,12370
CHKP,11/11/2022,130.22,131.60,129.04,131.59,15020
CHKP,11/10/2022,130.35,131.34,129.01,130.73,5665
CHKP,11/09/2022,127.17,128.87,127.04,127.43,5440
CHKP,11/08/2022,127.19,130.18,126.33,127.94,8699
CHKP,11/07/2022,125.44,128.04,124.68,127.00,10338
CHKP,11/04/2022,125.46,127.10,123.85,125.60,9138
CHKP,11/03/2022,124.90,125.88,123.57,124.84,8102
CHKP,11/02/2022,129.82,129.83,126.03,126.13,8106
CHKP,11/01/2022,130.01,130.72,129.33,129.82,8990
CHKP,10/31/2022,126.59,129.86,126.01,129.23,10948
CHKP,10/28/2022,126.20,128.62,125.88,127.83,11301
CHKP,10/27/2022,117.40,127.99,117.40,127.29,24450
CHKP,10/26/2022,115.67,118.25,115.53,116.49,10713
CHKP,10/25/2022,115.40,117.05,115.40,116.73,5767
CHKP,10/24/2022,114.03,115.13,112.40,114.69,6168
CHKP,10/21/2022,112.33,114.63,111.58,114.31,6886
CHKP,10/20/2022,111.89,114.22,111.75,112.33,8532
CHKP,10/19/2022,112.90,114.05,111.60,111.85,6327
CHKP,10/18/2022,113.95,115.77,113.14,114.42,7943
CHKP,10/17/2022,113.75,114.45,112.24,112.39,7446
CHKP,10/14/2022,114.48,114.92,111.46,111.85,8597
CHKP,10/13/2022,107.77,114.58,107.54,113.86,11616
CHKP,10/12/2022,109.37,110.79,108.80,110.00,7388
CHKP,10/11/2022,109.81,111.11,109.17,109.32,8493
CHKP,10/10/2022,111.12,111.41,109.08,109.67,6312
CHKP,10/07/2022,112.09,112.95,110.61,110.69,7923
CHKP,10/06/2022,113.92,116.41,113.34,113.75,9664
CHKP,10/05/2022,117.16,117.46,112.28,114.00,14096
CHKP,10/04/2022,117.52,118.80,116.51,118.19,13336
CHKP,10/03/2022,112.22,116.86,112.21,115.92,7335
CHKP,09/30/2022,112.64,114.25,111.94,112.02,8359
CHKP,09/29/2022,112.18,112.96,111.23,112.88,7144
CHKP,09/28/2022,111.29,113.51,110.94,113.01,5480
CHKP,09/27/2022,113.17,113.44,110.26,111.12,6483
CHKP,09/26/2022,111.35,113.03,111.06,112.07,6895
CHKP,09/23/2022,111.78,112.58,110.90,111.40,8750
CHKP,09/22/2022,114.37,114.63,111.71,112.37,16297
CHKP,09/21/2022,116.72,117.45,114.45,114.57,4966
CHKP,09/20/2022,117.65,117.74,115.88,116.08,5071
CHKP,09/19/2022,116.48,118.26,115.12,118.15,8538
CHKP,09/16/2022,118.76,119.21,116.67,117.25,9521
CHKP,09/15/2022,118.83,119.54,117.45,119.50,7986
CHKP,09/14/2022,121.56,122.30,118.76,119.88,7139
CHKP,09/13/2022,121.88,123.08,120.99,121.49,6629
CHKP,09/12/2022,122.00,123.84,121.98,123.62,4870
CHKP,09/09/2022,120.32,121.89,119.84,121.67,6890
CHKP,09/08/2022,119.60,120.69,118.87,119.94,4865
CHKP,09/07/2022,118.11,120.30,117.56,119.85,4373
CHKP,09/06/2022,117.58,118.57,116.63,118.14,7028
CHKP,09/02/2022,120.18,120.51,117.19,117.61,6559
CHKP,09/01/2022,119.67,121.08,117.45,119.62,6149
CHKP,08/31/2022,123.42,124.32,120.23,120.24,7443
CHKP,08/30/2022,122.73,123.00,121.69,122.12,7808
CHKP,08/29/2022,120.36,122.76,120.06,121.93,7617
CHKP,08/26/2022,123.29,123.93,121.63,121.68,5786
CHKP,08/25/2022,122.60,123.12,121.83,122.68,5156
CHKP,08/24/2022,121.98,123.43,121.85,122.28,5819
CHKP,08/23/2022,122.06,123.19,121.66,121.94,7584
CHKP,08/22/2022,122.44,123.02,121.47,121.71,7246
CHKP,08/19/2022,124.20,124.20,122.87,123.79,5331
CHKP,08/18/2022,123.37,125.83,123.00,124.63,5605
CHKP,08/17/2022,125.05,125.67,123.26,123.37,8204
CHKP,08/16/2022,122.40,126.01,122.23,125.80,9395
CHKP,08/15/2022,122.48,123.62,122.20,122.61,5224
CHKP,08/12/2022,121.28,123.03,121.18,122.86,4504
CHKP,08/11/2022,123.00,123.27,120.46,120.85,8173
CHKP,08/10/2022,120.06,122.60,119.84,122.50,10457
CHKP,08/09/2022,120.32,120.92,118.70,119.00,7691
CHKP,08/08/2022,119.00,120.47,118.56,120.30,10134
CHKP,08/05/2022,117.94,119.40,117.37,119.31,7705
CHKP,08/04/2022,117.93,118.87,116.44,118.83,9323
CHKP,08/03/2022,118.83,119.20,117.49,117.93,10574
CHKP,08/02/2022,118.49,119.95,117.98,118.39,10084
CHKP,08/01/2022,119.14,120.37,117.09,119.03,24438
CHKP,07/29/2022,125.54,126.19,123.93,124.60,17380
CHKP,07/28/2022,125.68,127.32,125.16,126.18,8457
CHKP,07/27/2022,124.00,126.31,124.00,125.64,9074
CHKP,07/26/2022,127.68,129.18,122.87,124.06,11636
CHKP,07/25/2022,129.38,129.38,127.23,127.68,3826
CHKP,07/22/2022,128.87,129.49,128.51,128.85,5432
CHKP,07/21/2022,126.74,129.29,126.58,129.15,5928
CHKP,07/20/2022,126.86,127.96,125.26,127.33,9868
CHKP,07/19/2022,122.21,123.98,121.95,123.75,4965
CHKP,07/18/2022,123.04,123.41,121.09,121.15,7405
CHKP,07/15/2022,121.97,123.33,121.95,122.72,7021
CHKP,07/14/2022,122.48,122.59,120.13,121.56,8559
CHKP,07/13/2022,120.21,123.66,120.11,122.82,10491
CHKP,07/12/2022,126.68,127.26,121.86,122.63,10258
CHKP,07/11/2022,125.88,126.56,125.35,125.64,5881
CHKP,07/08/2022,124.62,127.45,124.47,127.16,8645
CHKP,07/07/2022,123.77,125.12,123.39,124.99,11437
CHKP,07/06/2022,123.09,125.16,121.51,124.18,8622
CHKP,07/05/2022,122.52,123.40,120.79,123.12,8730
CHKP,07/01/2022,121.52,124.10,121.36,123.83,6313
CHKP,06/30/2022,120.50,122.71,120.22,121.78,12498
CHKP,06/29/2022,121.66,121.66,120.44,121.21,7334
CHKP,06/28/2022,124.37,124.94,121.00,121.70,6220
CHKP,06/27/2022,123.69,125.15,121.78,123.91,7671
CHKP,06/24/2022,119.92,124.14,118.61,124.10,9652
CHKP,06/23/2022,119.20,119.20,117.46,118.54,8037
CHKP,06/22/2022,119.32,120.59,118.03,118.59,8932
CHKP,06/21/2022,120.54,122.07,119.53,120.18,8753
CHKP,06/17/2022,118.58,120.55,118.15,119.42,13026
CHKP,06/16/2022,119.46,120.20,117.48,117.60,11114
CHKP,06/15/2022,121.47,122.89,119.92,121.14,7679
CHKP,06/14/2022,121.14,123.22,120.61,121.45,9972
CHKP,06/13/2022,120.16,120.99,117.44,120.62,16214
CHKP,06/10/2022,124.59,125.45,123.75,123.79,7128
CHKP,06/09/2022,127.81,128.30,125.53,125.55,6008
CHKP,06/08/2022,128.38,129.71,127.70,128.05,5897
CHKP,06/07/2022,128.34,130.10,128.27,129.00,6726
CHKP,06/06/2022,130.00,130.70,128.60,129.18,4883
CHKP,06/03/2022,128.80,129.93,127.68,129.76,7753
CHKP,06/02/2022,126.57,129.77,126.42,129.33,14064
CHKP,06/01/2022,125.21,128.05,124.48,126.35,12940
CHKP,05/31/2022,125.44,126.00,123.80,125.08,13374
CHKP,05/27/2022,124.65,126.25,124.65,126.18,7747
CHKP,05/26/2022,123.27,124.87,122.25,124.23,8662
CHKP,05/25/2022,123.26,123.87,122.23,123.29,8322
CHKP,05/24/2022,123.92,124.66,122.03,123.49,6572
CHKP,05/23/2022,121.66,124.16,121.65,124.12,7717
CHKP,05/20/2022,122.26,123.89,119.83,122.03,12022
CHKP,05/19/2022,121.35,122.09,120.16,120.61,9626
CHKP,05/18/2022,123.62,124.92,121.05,121.54,8476
CHKP,05/17/2022,125.78,125.99,123.44,124.01,11375
CHKP,05/16/2022,122.66,123.70,121.07,122.49,8832
CHKP,05/13/2022,121.88,122.61,120.39,122.20,10054
CHKP,05/12/2022,121.04,122.53,118.52,120.61,14281
CHKP,05/11/2022,119.54,123.46,118.73,122.28,15849
CHKP,05/10/2022,121.10,121.89,119.39,120.48,15563
CHKP,05/09/2022,118.18,120.03,117.60,119.29,19684
CHKP,05/06/2022,122.50,122.92,119.94,120.19,13890
CHKP,05/05/2022,126.18,126.19,122.04,122.94,15934
CHKP,05/04/2022,127.65,127.86,123.72,126.92,12702
CHKP,05/03/2022,128.35,128.84,127.07,127.74,9783
CHKP,05/02/2022,125.81,128.85,125.48,128.54,10497
CHKP,04/29/2022,128.11,128.73,125.47,126.29,13683
CHKP,04/28/2022,126.42,129.98,125.92,128.83,14501
CHKP,04/27/2022,128.43,132.14,126.39,126.90,30484
CHKP,04/26/2022,137.47,138.23,135.46,135.51,15360
CHKP,04/25/2022,137.04,138.97,135.24,138.86,12330
CHKP,04/22/2022,139.75,140.53,137.08,137.27,12955
CHKP,04/21/2022,143.41,144.46,140.01,140.56,9737
CHKP,04/20/2022,144.80,145.46,143.28,143.41,8884
CHKP,04/19/2022,142.07,144.76,141.00,144.28,10707
CHKP,04/18/2022,143.51,143.51,140.50,142.08,9716
CHKP,04/14/2022,143.17,144.51,142.37,142.78,12789
CHKP,04/13/2022,140.37,142.79,139.84,142.73,10945
CHKP,04/12/2022,142.84,143.90,140.55,140.86,11023
CHKP,04/11/2022,141.32,142.01,139.13,140.39,8568
CHKP,04/08/2022,144.75,145.55,141.66,142.82,15288
CHKP,04/07/2022,138.70,144.94,138.70,144.08,19651
CHKP,04/06/2022,140.89,141.99,138.24,139.38,15225
CHKP,04/05/2022,141.08,143.38,140.49,142.40,12870
CHKP,04/04/2022,138.51,141.42,138.51,141.16,9497
CHKP,04/01/2022,139.73,141.65,138.64,139.23,8478
CHKP,03/31/2022,137.52,140.79,137.52,138.26,9313
CHKP,03/30/2022,138.10,140.00,137.60,138.26,8939
CHKP,03/29/2022,139.47,139.60,136.42,139.23,13819
CHKP,03/28/2022,140.95,142.24,138.03,138.37,12839
CHKP,03/25/2022,139.00,142.52,139.00,142.37,10384
CHKP,03/24/2022,139.78,140.14,137.95,139.29,9683
CHKP,03/23/2022,138.64,139.39,136.73,138.74,8427
CHKP,03/22/2022,136.95,140.24,136.58,139.07,13087
CHKP,03/21/2022,136.72,138.50,134.16,136.74,17757
CHKP,03/18/2022,137.64,141.04,136.48,139.87,20156
CHKP,03/17/2022,136.05,138.76,134.30,138.52,9495
CHKP,03/16/2022,136.95,138.72,133.59,136.89,15889
CHKP,03/15/2022,134.48,135.64,132.88,135.45,12144
CHKP,03/14/2022,132.87,136.11,132.38,134.48,15222
CHKP,03/11/2022,141.25,142.54,133.78,134.16,20817
CHKP,03/10/2022,139.27,142.05,137.85,141.93,10959
CHKP,03/09/2022,135.91,139.85,134.71,138.45,17065
CHKP,03/08/2022,138.49,141.17,135.45,136.07,18233
CHKP,03/07/2022,143.71,145.35,139.46,139.70,22902
CHKP,03/04/2022,144.37,145.98,143.11,145.96,14463
CHKP,03/03/2022,149.62,149.62,143.29,143.61,15765
CHKP,03/02/2022,144.74,149.61,143.35,148.98,17822
CHKP,03/01/2022,144.16,147.08,142.78,143.90,25177
CHKP,02/28/2022,140.22,145.79,140.22,144.88,28194
CHKP,02/25/2022,137.17,141.80,137.08,140.83,16031
CHKP,02/24/2022,127.00,138.45,126.80,138.21,23567
CHKP,02/23/2022,133.84,134.84,130.37,130.46,9830
CHKP,02/22/2022,129.47,135.35,127.84,133.69,21433
CHKP,02/18/2022,132.59,133.59,130.73,130.79,13184
CHKP,02/17/2022,132.83,133.87,131.87,132.43,14130
CHKP,02/16/2022,131.15,132.65,130.75,132.55,12838
CHKP,02/15/2022,129.80,132.12,129.34,131.75,13320
CHKP,02/14/2022,127.90,129.69,127.67,129.68,13574
