CMG,06/23/2023,2037.72,2059.09,2037.01,2052.65,373
CMG,06/22/2023,2069.00,2070.05,2040.97,2050.52,2332
CMG,06/21/2023,2064.69,2092.51,2058.94,2074.48,3359
CMG,06/20/2023,2035.96,2056.97,2034.68,2049.80,2463
CMG,06/16/2023,2065.93,2065.93,2031.74,2032.92,3410
CMG,06/15/2023,2057.10,2078.27,2050.01,2051.66,1979
CMG,06/14/2023,2064.49,2070.98,2052.53,2061.17,1404
CMG,06/13/2023,2063.10,2067.30,2046.04,2065.73,1775
CMG,06/12/2023,2049.43,2066.33,2033.22,2063.67,2284
CMG,06/09/2023,2023.00,2043.00,2023.00,2040.55,1767
CMG,06/08/2023,2014.26,2040.82,2014.26,2023.23,1935
CMG,06/07/2023,2059.00,2072.80,2014.16,2022.90,3052
CMG,06/06/2023,2079.27,2079.27,2056.01,2058.12,1773
CMG,06/05/2023,2058.63,2077.05,2057.00,2074.38,2451
CMG,06/02/2023,2072.47,2091.86,2060.60,2062.23,2447
CMG,06/01/2023,2058.13,2087.94,2058.13,2082.33,1871
CMG,05/31/2023,2070.00,2077.78,2059.19,2076.49,5684
CMG,05/30/2023,2072.32,2097.64,2064.66,2071.28,3346
CMG,05/26/2023,2057.00,2079.31,2057.00,2071.02,2653
CMG,05/25/2023,2069.72,2087.21,2055.37,2057.90,2470
CMG,05/24/2023,2044.81,2064.00,2041.00,2053.07,2152
CMG,05/23/2023,2093.00,2107.04,2040.94,2047.01,3512
CMG,05/22/2023,2107.00,2139.88,2098.00,2101.94,3117
CMG,05/19/2023,2093.40,2110.00,2093.40,2106.22,2855
CMG,05/18/2023,2060.80,2096.30,2057.00,2095.87,3049
CMG,05/17/2023,2052.64,2070.04,2026.72,2062.01,2632
CMG,05/16/2023,2046.73,2060.79,2040.57,2050.22,2282
CMG,05/15/2023,2048.00,2049.99,2035.59,2047.12,1817
CMG,05/12/2023,2054.28,2067.06,2040.38,2045.63,2170
CMG,05/11/2023,2055.32,2066.11,2051.78,2058.50,2012
CMG,05/10/2023,2038.99,2057.93,2036.64,2054.84,1994
CMG,05/09/2023,2040.08,2046.96,2030.91,2032.66,1356
CMG,05/08/2023,2032.11,2036.82,2016.39,2032.84,3353
CMG,05/05/2023,2032.65,2034.95,2020.28,2028.21,3108
CMG,05/04/2023,2058.47,2062.33,2028.64,2033.51,2287
CMG,05/03/2023,2050.70,2066.71,2047.12,2058.12,2790
CMG,05/02/2023,2042.84,2058.88,2025.79,2053.96,2881
CMG,05/01/2023,2055.00,2077.29,2037.11,2039.28,4822
CMG,04/28/2023,2034.34,2071.00,2026.09,2067.62,4097
CMG,04/27/2023,2025.90,2038.00,1996.12,2036.26,4739
CMG,04/26/2023,1928.00,2047.31,1918.02,2009.85,16034
CMG,04/25/2023,1796.00,1816.96,1780.00,1780.00,4483
CMG,04/24/2023,1812.79,1812.79,1792.77,1796.97,2609
CMG,04/21/2023,1805.15,1808.00,1780.90,1800.00,3038
CMG,04/20/2023,1802.40,1816.70,1792.41,1798.40,2855
CMG,04/19/2023,1785.72,1809.66,1779.87,1805.00,2709
CMG,04/18/2023,1783.00,1798.02,1775.36,1778.46,2893
CMG,04/17/2023,1748.00,1775.25,1738.66,1775.00,3279
CMG,04/14/2023,1717.78,1741.94,1717.45,1738.30,2084
CMG,04/13/2023,1712.43,1725.00,1706.14,1717.89,2157
CMG,04/12/2023,1730.00,1733.23,1693.90,1695.77,1889
CMG,04/11/2023,1693.88,1724.49,1693.88,1714.06,2118
CMG,04/10/2023,1675.00,1691.59,1664.72,1691.56,2478
CMG,04/06/2023,1687.26,1695.36,1670.03,1685.21,2158
CMG,04/05/2023,1731.00,1731.00,1695.35,1697.42,2184
CMG,04/04/2023,1729.00,1742.97,1722.74,1734.84,2917
CMG,04/03/2023,1695.00,1719.99,1695.00,1717.73,2454
CMG,03/31/2023,1677.79,1709.00,1677.79,1708.29,2824
CMG,03/30/2023,1657.94,1682.94,1657.94,1672.17,2145
CMG,03/29/2023,1657.58,1663.76,1645.03,1656.72,1767
CMG,03/28/2023,1645.10,1656.10,1633.71,1652.90,1618
CMG,03/27/2023,1628.90,1662.59,1628.90,1647.82,2343
CMG,03/24/2023,1636.01,1640.71,1609.13,1624.25,2279
CMG,03/23/2023,1637.00,1661.00,1620.41,1632.53,2001
CMG,03/22/2023,1624.43,1661.44,1620.02,1622.47,2291
CMG,03/21/2023,1617.12,1629.44,1614.43,1627.96,2073
CMG,03/20/2023,1604.80,1615.00,1592.30,1610.23,2592
CMG,03/17/2023,1624.59,1631.25,1593.61,1608.84,3186
CMG,03/16/2023,1598.01,1637.73,1592.86,1625.14,3480
CMG,03/15/2023,1583.50,1594.93,1569.00,1590.87,2412
CMG,03/14/2023,1587.41,1599.00,1576.10,1590.76,2673
CMG,03/13/2023,1537.37,1582.61,1537.08,1566.34,2652
CMG,03/10/2023,1554.31,1582.99,1541.66,1550.71,3474
CMG,03/09/2023,1536.33,1578.38,1536.26,1551.10,3613
CMG,03/08/2023,1510.00,1536.53,1502.25,1533.06,2765
CMG,03/07/2023,1504.46,1525.64,1502.17,1509.68,1828
CMG,03/06/2023,1520.00,1528.33,1500.53,1505.13,2407
CMG,03/03/2023,1500.00,1514.10,1494.07,1510.00,2373
CMG,03/02/2023,1475.00,1502.58,1470.05,1495.27,1669
CMG,03/01/2023,1483.00,1498.04,1478.56,1484.77,1641
CMG,02/28/2023,1491.56,1504.35,1485.01,1491.08,2336
CMG,02/27/2023,1490.00,1504.93,1488.20,1494.75,2768
CMG,02/24/2023,1498.00,1503.51,1470.29,1476.73,3826
CMG,02/23/2023,1552.00,1557.01,1519.91,1522.49,3121
CMG,02/22/2023,1568.46,1580.00,1546.94,1552.38,2433
CMG,02/21/2023,1603.94,1611.75,1565.78,1569.26,2578
CMG,02/17/2023,1609.74,1625.19,1602.60,1617.67,2253
CMG,02/16/2023,1642.46,1653.68,1620.38,1621.24,2236
CMG,02/15/2023,1650.00,1664.24,1636.90,1656.54,2435
CMG,02/14/2023,1612.55,1651.22,1602.43,1644.52,2704
CMG,02/13/2023,1589.40,1629.98,1584.35,1614.31,3344
CMG,02/10/2023,1589.39,1598.99,1573.08,1583.89,3629
CMG,02/09/2023,1638.50,1650.17,1597.20,1606.91,4318
CMG,02/08/2023,1635.00,1669.45,1616.82,1637.41,7029
CMG,02/07/2023,1688.48,1724.71,1680.08,1722.86,4799
CMG,02/06/2023,1689.68,1700.89,1677.95,1700.28,3043
CMG,02/03/2023,1677.25,1712.88,1670.00,1692.97,3055
CMG,02/02/2023,1675.10,1703.62,1666.03,1689.67,3223
CMG,02/01/2023,1646.61,1667.90,1617.15,1652.56,2776
CMG,01/31/2023,1616.77,1648.96,1609.96,1646.38,2735
CMG,01/30/2023,1603.34,1627.90,1601.75,1609.86,2768
CMG,01/27/2023,1610.00,1629.91,1599.09,1613.78,2511
CMG,01/26/2023,1583.07,1618.29,1580.00,1606.29,3084
CMG,01/25/2023,1563.08,1578.14,1548.58,1563.98,3595
CMG,01/24/2023,1596.00,1616.45,1584.55,1595.09,2294
CMG,01/23/2023,1552.05,1599.44,1551.89,1597.35,3330
CMG,01/20/2023,1518.94,1563.93,1509.12,1555.19,2888
CMG,01/19/2023,1490.70,1510.45,1490.70,1504.14,1643
CMG,01/18/2023,1558.69,1573.74,1510.34,1512.04,2290
CMG,01/17/2023,1514.99,1553.98,1506.56,1551.54,3325
CMG,01/13/2023,1503.89,1525.44,1498.09,1524.57,2895
CMG,01/12/2023,1487.58,1515.95,1478.40,1512.47,2773
CMG,01/11/2023,1462.00,1480.67,1459.16,1479.21,2446
CMG,01/10/2023,1450.00,1465.02,1430.50,1451.43,2023
CMG,01/09/2023,1415.59,1451.61,1414.01,1446.74,3606
CMG,01/06/2023,1372.11,1406.84,1365.12,1402.06,2848
CMG,01/05/2023,1364.66,1373.52,1344.05,1364.16,2448
CMG,01/04/2023,1386.52,1388.55,1364.85,1376.05,2699
CMG,01/03/2023,1400.30,1403.41,1358.03,1371.13,3210
CMG,12/30/2022,1394.00,1394.67,1371.23,1387.49,2240
CMG,12/29/2022,1391.75,1418.41,1384.84,1404.95,2537
CMG,12/28/2022,1395.52,1404.96,1376.64,1378.28,1936
CMG,12/27/2022,1413.85,1416.41,1396.30,1398.00,1677
CMG,12/23/2022,1400.28,1417.39,1385.01,1412.36,2095
CMG,12/22/2022,1409.04,1413.46,1388.22,1407.80,2409
CMG,12/21/2022,1431.95,1449.38,1420.64,1425.19,2218
CMG,12/20/2022,1407.95,1439.45,1399.82,1428.38,2890
CMG,12/19/2022,1450.66,1463.03,1409.23,1414.98,2993
CMG,12/16/2022,1471.44,1485.47,1449.48,1462.11,3797
CMG,12/15/2022,1518.40,1518.40,1478.31,1487.53,2853
CMG,12/14/2022,1544.62,1559.86,1519.01,1538.29,2201
CMG,12/13/2022,1610.25,1614.67,1545.79,1548.32,2388
CMG,12/12/2022,1517.61,1565.46,1517.61,1561.20,2603
CMG,12/09/2022,1531.00,1543.73,1526.26,1526.26,1720
CMG,12/08/2022,1516.00,1537.47,1512.00,1531.00,2001
CMG,12/07/2022,1505.00,1526.22,1489.70,1509.46,2808
CMG,12/06/2022,1569.74,1572.00,1505.01,1508.40,4597
CMG,12/05/2022,1594.16,1596.08,1557.91,1570.61,2380
CMG,12/02/2022,1615.81,1620.79,1597.21,1604.88,2847
CMG,12/01/2022,1625.01,1638.33,1611.00,1625.83,2943
CMG,11/30/2022,1561.00,1634.74,1553.00,1626.96,4338
CMG,11/29/2022,1520.57,1562.71,1520.57,1552.72,2599
CMG,11/28/2022,1515.20,1533.89,1512.10,1527.56,1609
CMG,11/25/2022,1508.77,1519.19,1502.21,1515.20,874
CMG,11/23/2022,1507.86,1518.58,1501.02,1508.83,1450
CMG,11/22/2022,1502.00,1507.21,1472.21,1505.90,1971
CMG,11/21/2022,1495.00,1499.09,1476.40,1494.39,1905
CMG,11/18/2022,1515.62,1516.50,1488.43,1502.48,2003
CMG,11/17/2022,1497.28,1519.94,1490.00,1493.83,2251
CMG,11/16/2022,1520.00,1538.84,1516.04,1526.55,1904
CMG,11/15/2022,1555.00,1561.26,1516.76,1523.47,2828
CMG,11/14/2022,1503.59,1539.43,1496.28,1513.12,2640
CMG,11/11/2022,1483.80,1523.88,1465.00,1506.35,4413
CMG,11/10/2022,1430.00,1472.75,1404.11,1470.92,3976
CMG,11/09/2022,1384.90,1386.71,1360.30,1375.82,2330
CMG,11/08/2022,1392.44,1406.91,1380.19,1389.64,2800
CMG,11/07/2022,1404.36,1405.26,1379.06,1396.37,2455
CMG,11/04/2022,1415.59,1415.59,1366.53,1397.57,2547
CMG,11/03/2022,1403.73,1413.55,1385.00,1391.87,3819
CMG,11/02/2022,1481.37,1482.63,1407.24,1407.98,5286
CMG,11/01/2022,1511.51,1516.00,1477.72,1477.72,2763
CMG,10/31/2022,1507.41,1521.78,1492.57,1498.33,2968
CMG,10/28/2022,1466.41,1505.60,1446.67,1505.00,3834
CMG,10/27/2022,1490.19,1490.19,1449.67,1466.94,5306
CMG,10/26/2022,1526.72,1558.82,1474.73,1476.03,10171
CMG,10/25/2022,1567.15,1591.43,1552.50,1584.02,5465
CMG,10/24/2022,1560.00,1563.23,1538.85,1545.84,3855
CMG,10/21/2022,1536.03,1551.41,1508.64,1549.82,3631
CMG,10/20/2022,1531.08,1547.00,1523.01,1536.20,2367
CMG,10/19/2022,1539.11,1554.23,1513.24,1527.21,2513
CMG,10/18/2022,1582.67,1588.10,1524.76,1543.99,3003
CMG,10/17/2022,1540.00,1563.65,1534.08,1541.98,2895
CMG,10/14/2022,1579.30,1587.00,1505.94,1508.41,3674
CMG,10/13/2022,1486.00,1570.50,1472.24,1558.24,4363
CMG,10/12/2022,1500.21,1529.94,1483.65,1522.54,3554
CMG,10/11/2022,1476.33,1498.33,1442.00,1491.06,4366
CMG,10/10/2022,1488.75,1496.17,1472.91,1475.83,2769
CMG,10/07/2022,1485.40,1490.34,1465.31,1478.75,2783
CMG,10/06/2022,1515.81,1533.91,1506.01,1506.99,2468
CMG,10/05/2022,1514.79,1543.48,1495.86,1519.78,2344
CMG,10/04/2022,1533.37,1558.95,1524.20,1536.15,2489
CMG,10/03/2022,1514.00,1517.99,1468.16,1504.70,3299
CMG,09/30/2022,1535.00,1544.85,1501.07,1502.76,2782
CMG,09/29/2022,1546.63,1565.02,1534.33,1543.35,2372
CMG,09/28/2022,1546.53,1578.21,1534.00,1566.60,2587
CMG,09/27/2022,1558.37,1563.44,1525.00,1539.00,2294
CMG,09/26/2022,1559.21,1571.01,1531.13,1531.99,2492
CMG,09/23/2022,1564.83,1572.49,1532.18,1557.52,4082
CMG,09/22/2022,1650.00,1658.08,1575.97,1588.48,4399
CMG,09/21/2022,1720.00,1720.00,1663.62,1665.28,2534
CMG,09/20/2022,1692.89,1704.11,1681.23,1699.63,2641
CMG,09/19/2022,1675.94,1705.17,1675.94,1705.17,2666
CMG,09/16/2022,1692.93,1697.32,1675.10,1693.57,3221
CMG,09/15/2022,1715.81,1731.82,1702.15,1710.65,1387
CMG,09/14/2022,1707.09,1737.92,1695.28,1721.49,2531
CMG,09/13/2022,1710.12,1728.99,1690.00,1701.06,2224
CMG,09/12/2022,1742.00,1754.56,1735.01,1747.94,1698
CMG,09/09/2022,1720.00,1736.70,1716.16,1723.32,2567
CMG,09/08/2022,1680.00,1710.30,1666.70,1707.01,2535
CMG,09/07/2022,1627.24,1685.04,1627.24,1680.76,2548
CMG,09/06/2022,1614.00,1638.00,1601.48,1634.58,2317
CMG,09/02/2022,1630.20,1630.20,1600.17,1616.52,1842
CMG,09/01/2022,1578.84,1615.53,1552.12,1613.15,2414
CMG,08/31/2022,1613.56,1630.81,1595.94,1596.80,1883
CMG,08/30/2022,1640.00,1649.99,1590.00,1612.50,2030
CMG,08/29/2022,1616.99,1653.12,1614.72,1639.08,1932
CMG,08/26/2022,1667.78,1667.78,1625.32,1627.86,1585
CMG,08/25/2022,1652.27,1665.80,1641.96,1663.24,1234
CMG,08/24/2022,1637.02,1652.36,1631.02,1643.13,1141
CMG,08/23/2022,1644.67,1654.90,1628.40,1630.15,1305
CMG,08/22/2022,1640.00,1658.73,1626.30,1639.43,1955
CMG,08/19/2022,1696.00,1705.00,1662.41,1672.26,2482
CMG,08/18/2022,1705.17,1712.16,1697.47,1710.73,1242
CMG,08/17/2022,1694.54,1717.43,1693.26,1705.49,1625
CMG,08/16/2022,1683.09,1724.87,1683.09,1714.68,2310
CMG,08/15/2022,1664.63,1699.01,1664.63,1692.03,1832
CMG,08/12/2022,1630.44,1664.61,1623.64,1663.70,2009
CMG,08/11/2022,1665.00,1670.00,1606.81,1631.09,3291
CMG,08/10/2022,1673.69,1684.09,1654.24,1658.29,2836
CMG,08/09/2022,1610.70,1642.59,1606.44,1639.09,2655
CMG,08/08/2022,1610.00,1624.58,1607.59,1621.81,1808
CMG,08/05/2022,1570.14,1603.94,1561.87,1600.78,1802
CMG,08/04/2022,1584.94,1599.00,1576.84,1584.33,2030
CMG,08/03/2022,1561.19,1598.80,1550.10,1585.03,2136
CMG,08/02/2022,1549.10,1576.95,1546.03,1549.85,1365
CMG,08/01/2022,1558.35,1579.93,1549.09,1557.38,2120
CMG,07/29/2022,1543.88,1574.47,1532.30,1564.22,3074
CMG,07/28/2022,1508.85,1548.68,1491.00,1538.88,4130
CMG,07/27/2022,1435.00,1529.49,1433.44,1510.00,14197
CMG,07/26/2022,1318.16,1327.10,1291.63,1316.43,3681
CMG,07/25/2022,1354.23,1354.23,1313.02,1328.87,3264
CMG,07/22/2022,1375.25,1385.00,1335.55,1347.33,1926
CMG,07/21/2022,1344.72,1372.12,1329.62,1368.04,3160
CMG,07/20/2022,1343.00,1379.62,1343.00,1374.88,2514
CMG,07/19/2022,1335.57,1347.82,1329.84,1342.53,1618
CMG,07/18/2022,1315.00,1354.21,1312.00,1319.16,2455
CMG,07/15/2022,1285.41,1306.78,1277.00,1299.99,2062
CMG,07/14/2022,1265.00,1269.62,1236.03,1265.84,1581
CMG,07/13/2022,1236.54,1285.13,1233.61,1275.57,2322
CMG,07/12/2022,1290.00,1303.00,1256.33,1261.46,2017
CMG,07/11/2022,1322.11,1328.93,1288.90,1290.09,1990
CMG,07/08/2022,1343.63,1352.50,1328.61,1339.28,1542
CMG,07/07/2022,1344.62,1368.62,1337.95,1351.24,1539
CMG,07/06/2022,1360.78,1369.49,1329.95,1342.33,1668
CMG,07/05/2022,1284.43,1372.94,1270.49,1362.71,2878
CMG,07/01/2022,1302.08,1317.81,1290.56,1306.80,1762
CMG,06/30/2022,1282.28,1321.81,1270.03,1307.26,2603
CMG,06/29/2022,1292.00,1296.91,1276.99,1288.20,1611
CMG,06/28/2022,1331.85,1346.17,1287.50,1288.87,1786
CMG,06/27/2022,1349.15,1350.62,1320.37,1331.71,1994
CMG,06/24/2022,1299.06,1329.04,1296.00,1329.02,2262
CMG,06/23/2022,1265.03,1292.63,1254.95,1289.52,1917
CMG,06/22/2022,1241.29,1270.79,1230.07,1254.00,1680
CMG,06/21/2022,1263.98,1278.41,1258.76,1261.24,1770
CMG,06/17/2022,1218.83,1259.66,1218.07,1245.60,3780
CMG,06/16/2022,1247.49,1247.49,1205.85,1214.56,3041
CMG,06/15/2022,1233.56,1290.00,1232.15,1266.16,3107
CMG,06/14/2022,1223.38,1245.20,1196.28,1204.01,2284
CMG,06/13/2022,1270.96,1285.18,1213.92,1232.68,3660
CMG,06/10/2022,1338.43,1343.38,1301.78,1317.04,3123
CMG,06/09/2022,1362.99,1391.00,1362.99,1369.59,1753
CMG,06/08/2022,1387.97,1396.99,1371.63,1373.35,1923
CMG,06/07/2022,1355.75,1394.14,1355.51,1390.44,1730
CMG,06/06/2022,1390.94,1390.94,1368.20,1376.80,1441
CMG,06/03/2022,1379.00,1392.15,1364.08,1375.06,1124
CMG,06/02/2022,1360.48,1397.76,1360.48,1396.99,2148
CMG,06/01/2022,1401.35,1413.45,1349.43,1374.72,2120
CMG,05/31/2022,1395.00,1414.38,1377.02,1402.55,2450
CMG,05/27/2022,1357.79,1406.67,1357.79,1402.42,2483
CMG,05/26/2022,1304.16,1348.75,1296.51,1340.91,2246
CMG,05/25/2022,1245.00,1305.07,1237.18,1288.77,2512
CMG,05/24/2022,1278.69,1278.69,1230.91,1266.64,3684
CMG,05/23/2022,1298.56,1312.37,1264.51,1289.79,3321
CMG,05/20/2022,1293.00,1296.75,1256.39,1294.11,3474
CMG,05/19/2022,1238.77,1290.34,1233.25,1272.49,2321
CMG,05/18/2022,1299.38,1305.62,1240.00,1252.89,3060
CMG,05/17/2022,1328.62,1334.63,1295.25,1322.06,1703
CMG,05/16/2022,1308.85,1323.92,1293.55,1299.07,1739
CMG,05/13/2022,1298.88,1338.00,1298.88,1318.28,2182
CMG,05/12/2022,1261.44,1303.86,1242.71,1281.12,3409
CMG,05/11/2022,1310.19,1361.39,1278.99,1281.69,3118
CMG,05/10/2022,1296.46,1338.77,1272.94,1321.08,3943
CMG,05/09/2022,1323.61,1330.00,1272.00,1276.57,3966
CMG,05/06/2022,1345.00,1365.97,1312.03,1354.53,2984
CMG,05/05/2022,1415.57,1430.30,1344.49,1369.86,4945
CMG,05/04/2022,1450.46,1456.70,1381.00,1434.53,4183
CMG,05/03/2022,1456.90,1463.96,1420.83,1447.54,2124
CMG,05/02/2022,1451.17,1462.62,1409.77,1461.16,2334
CMG,04/29/2022,1492.74,1512.06,1451.11,1455.61,2609
CMG,04/28/2022,1504.01,1526.70,1462.75,1500.82,2982
CMG,04/27/2022,1500.00,1512.52,1425.98,1475.63,5383
CMG,04/26/2022,1493.08,1497.38,1425.50,1438.21,3977
CMG,04/25/2022,1470.00,1516.87,1446.01,1516.00,2687
CMG,04/22/2022,1509.39,1537.24,1475.61,1480.85,2322
CMG,04/21/2022,1627.15,1634.91,1519.74,1521.11,3045
CMG,04/20/2022,1643.24,1645.00,1610.00,1612.58,1453
CMG,04/19/2022,1589.76,1639.96,1589.76,1632.03,2297
CMG,04/18/2022,1591.25,1612.00,1577.35,1589.76,1651
CMG,04/14/2022,1602.73,1612.34,1590.24,1603.17,1981
CMG,04/13/2022,1533.97,1593.55,1533.39,1590.00,1767
CMG,04/12/2022,1531.00,1574.99,1525.85,1532.61,1814
CMG,04/11/2022,1526.96,1534.08,1482.49,1511.47,1864
CMG,04/08/2022,1532.09,1557.26,1531.57,1543.99,1425
CMG,04/07/2022,1537.00,1555.32,1516.33,1544.19,2154
CMG,04/06/2022,1580.90,1583.00,1526.55,1550.85,2017
CMG,04/05/2022,1608.08,1627.46,1582.21,1604.69,2005
CMG,04/04/2022,1585.71,1611.89,1582.19,1610.75,1460
CMG,04/01/2022,1586.00,1594.47,1570.01,1594.04,1463
CMG,03/31/2022,1591.54,1613.40,1574.10,1582.03,2079
CMG,03/30/2022,1573.71,1584.69,1554.00,1574.09,2022
CMG,03/29/2022,1600.00,1614.56,1570.01,1590.33,1951
CMG,03/28/2022,1556.86,1586.00,1546.45,1575.11,1427
CMG,03/25/2022,1574.35,1574.45,1537.49,1556.37,1377
CMG,03/24/2022,1548.47,1567.86,1525.00,1565.94,1752
CMG,03/23/2022,1542.00,1551.55,1520.02,1541.67,2819
CMG,03/22/2022,1547.74,1569.00,1542.51,1558.34,1473
CMG,03/21/2022,1580.00,1592.03,1521.87,1540.21,2447
CMG,03/18/2022,1566.86,1595.42,1550.14,1587.73,3112
CMG,03/17/2022,1530.00,1564.49,1530.00,1563.55,1955
CMG,03/16/2022,1523.62,1559.63,1511.09,1554.74,2856
CMG,03/15/2022,1479.76,1526.87,1478.13,1493.65,3108
CMG,03/14/2022,1461.50,1505.16,1461.08,1471.97,3574
CMG,03/11/2022,1466.40,1518.48,1466.40,1475.41,5813
CMG,03/10/2022,1407.79,1469.35,1402.19,1469.03,4016
CMG,03/09/2022,1336.60,1422.68,1336.60,1420.63,3827
CMG,03/08/2022,1315.00,1355.84,1277.41,1313.60,3929
CMG,03/07/2022,1449.45,1449.45,1314.21,1323.96,4552
CMG,03/04/2022,1457.13,1460.68,1413.60,1442.28,1878
CMG,03/03/2022,1509.93,1511.16,1458.50,1462.17,2076
CMG,03/02/2022,1491.40,1499.40,1466.93,1496.58,2054
CMG,03/01/2022,1519.93,1523.56,1478.73,1487.95,2810
CMG,02/28/2022,1488.60,1526.56,1466.07,1523.35,2655
CMG,02/25/2022,1477.39,1500.04,1458.30,1497.00,2083
CMG,02/24/2022,1379.57,1487.50,1362.00,1484.61,3874
CMG,02/23/2022,1482.37,1495.10,1421.45,1428.89,2694
CMG,02/22/2022,1508.49,1530.49,1453.55,1480.06,3096
CMG,02/18/2022,1506.08,1548.15,1506.08,1523.32,2409
CMG,02/17/2022,1562.32,1565.18,1499.46,1509.86,3815
CMG,02/16/2022,1550.00,1580.99,1538.25,1575.43,2675
CMG,02/15/2022,1579.15,1595.00,1557.59,1566.99,2221
CMG,02/14/2022,1557.84,1592.97,1547.76,1563.95,3094
