CNP,06/23/2023,29.17,29.28,28.92,29.12,3096
CNP,06/22/2023,29.52,29.58,28.98,29.11,19244
CNP,06/21/2023,29.02,29.44,28.61,29.43,36378
CNP,06/20/2023,29.09,29.24,28.80,29.08,43468
CNP,06/16/2023,29.28,29.52,29.16,29.18,65608
CNP,06/15/2023,29.14,29.38,28.94,29.27,26590
CNP,06/14/2023,29.13,29.39,28.94,29.03,28370
CNP,06/13/2023,28.84,29.23,28.81,29.19,27574
CNP,06/12/2023,29.41,29.41,28.99,29.12,42667
CNP,06/09/2023,29.19,29.22,28.94,28.95,35255
CNP,06/08/2023,28.89,29.19,28.64,29.14,46486
CNP,06/07/2023,28.74,29.05,28.45,28.97,30371
CNP,06/06/2023,28.70,28.86,28.35,28.56,34620
CNP,06/05/2023,28.64,28.99,28.59,28.75,32504
CNP,06/02/2023,28.22,28.83,28.19,28.60,41517
CNP,06/01/2023,28.28,28.39,27.89,28.38,63138
CNP,05/31/2023,28.23,28.36,27.88,28.21,56655
CNP,05/30/2023,28.36,28.44,28.18,28.18,32945
CNP,05/26/2023,28.22,28.36,28.04,28.34,47016
CNP,05/25/2023,28.49,28.51,27.99,28.26,41226
CNP,05/24/2023,28.81,28.93,28.57,28.62,37745
CNP,05/23/2023,28.50,28.91,28.43,28.86,53465
CNP,05/22/2023,28.51,28.79,28.46,28.55,49207
CNP,05/19/2023,28.59,28.86,28.50,28.59,38830
CNP,05/18/2023,28.52,28.62,28.11,28.44,85160
CNP,05/17/2023,28.86,28.94,28.56,28.72,39717
CNP,05/16/2023,29.55,29.59,28.90,28.94,43784
CNP,05/15/2023,30.14,30.20,29.42,29.51,50468
CNP,05/12/2023,30.08,30.33,29.83,30.05,33810
CNP,05/11/2023,30.33,30.33,29.67,29.91,47359
CNP,05/10/2023,30.35,30.56,30.07,30.28,35221
CNP,05/09/2023,30.21,30.42,30.03,30.21,36169
CNP,05/08/2023,30.50,30.69,30.18,30.25,30655
CNP,05/05/2023,30.07,30.56,30.01,30.52,29353
CNP,05/04/2023,29.89,30.45,29.74,30.20,31975
CNP,05/03/2023,30.14,30.44,29.92,29.95,35102
CNP,05/02/2023,30.65,30.67,29.83,30.05,31341
CNP,05/01/2023,30.38,31.03,30.29,30.68,29370
CNP,04/28/2023,30.69,30.97,30.20,30.47,36630
CNP,04/27/2023,30.42,30.86,30.18,30.82,33257
CNP,04/26/2023,30.58,30.75,30.14,30.35,36521
CNP,04/25/2023,30.80,30.92,30.70,30.83,22190
CNP,04/24/2023,30.61,30.88,30.31,30.81,26419
CNP,04/21/2023,30.71,30.78,30.32,30.53,23090
CNP,04/20/2023,30.58,30.61,30.25,30.49,21324
CNP,04/19/2023,30.30,30.54,30.20,30.51,22800
CNP,04/18/2023,30.58,30.66,30.16,30.23,31899
CNP,04/17/2023,30.53,30.67,30.28,30.64,17135
CNP,04/14/2023,30.58,30.68,30.19,30.40,27442
CNP,04/13/2023,30.52,30.81,30.07,30.71,21976
CNP,04/12/2023,30.67,30.94,30.46,30.67,35516
CNP,04/11/2023,30.64,30.77,30.49,30.63,23894
CNP,04/10/2023,30.61,30.74,30.23,30.68,26675
CNP,04/06/2023,30.50,30.80,30.29,30.77,47088
CNP,04/05/2023,29.62,30.48,29.54,30.39,42908
CNP,04/04/2023,29.39,29.48,29.18,29.44,22597
CNP,04/03/2023,29.33,29.59,29.15,29.35,27062
CNP,03/31/2023,29.39,29.58,29.22,29.46,39097
CNP,03/30/2023,29.47,29.65,29.20,29.34,21873
CNP,03/29/2023,28.83,29.38,28.83,29.30,43340
CNP,03/28/2023,28.42,28.95,28.35,28.67,22755
CNP,03/27/2023,28.55,28.84,28.36,28.50,32126
CNP,03/24/2023,27.35,28.36,27.28,28.34,34328
CNP,03/23/2023,27.62,27.94,27.22,27.32,45887
CNP,03/22/2023,28.14,28.31,27.64,27.65,38266
CNP,03/21/2023,29.17,29.31,27.82,28.24,54663
CNP,03/20/2023,29.15,29.51,29.03,29.15,39979
CNP,03/17/2023,29.50,29.61,28.91,29.05,85680
CNP,03/16/2023,29.01,29.51,28.93,29.33,60425
CNP,03/15/2023,28.49,29.31,28.42,29.09,52202
CNP,03/14/2023,28.47,28.88,28.38,28.69,46336
CNP,03/13/2023,27.51,28.71,27.44,28.21,49377
CNP,03/10/2023,27.94,28.12,27.39,27.56,63981
CNP,03/09/2023,28.07,28.41,27.68,27.88,50029
CNP,03/08/2023,27.82,28.11,27.75,27.98,35566
CNP,03/07/2023,28.58,28.76,27.61,27.81,38421
CNP,03/06/2023,28.43,28.63,28.31,28.52,38542
CNP,03/03/2023,28.13,28.42,27.78,28.41,49858
CNP,03/02/2023,27.37,28.01,27.28,27.99,60133
CNP,03/01/2023,27.61,27.84,27.24,27.36,42202
CNP,02/28/2023,28.32,28.47,27.81,27.82,44348
CNP,02/27/2023,28.80,29.06,28.39,28.47,33432
CNP,02/24/2023,28.53,28.74,28.29,28.57,33849
CNP,02/23/2023,28.89,29.12,28.69,28.79,34481
CNP,02/22/2023,28.92,29.32,28.79,28.85,30123
CNP,02/21/2023,29.12,29.24,28.89,28.91,29310
CNP,02/17/2023,29.25,29.36,28.60,29.21,45475
CNP,02/16/2023,28.75,29.16,28.58,29.05,30917
CNP,02/15/2023,28.86,29.16,28.76,29.13,27566
CNP,02/14/2023,29.49,29.53,28.97,29.28,24620
CNP,02/13/2023,29.37,29.50,29.30,29.47,19348
CNP,02/10/2023,28.71,29.33,28.64,29.31,26045
CNP,02/09/2023,29.21,29.30,28.59,28.65,25241
CNP,02/08/2023,29.48,29.48,28.83,29.04,29911
CNP,02/07/2023,29.14,29.67,29.06,29.61,41390
CNP,02/06/2023,29.10,29.45,28.91,29.33,34673
CNP,02/03/2023,29.64,29.74,28.93,29.20,53947
CNP,02/02/2023,30.12,30.41,29.61,29.78,59964
CNP,02/01/2023,29.93,30.27,29.64,30.10,52412
CNP,01/31/2023,29.96,30.13,29.48,30.12,32823
CNP,01/30/2023,29.64,30.17,29.58,29.84,35102
CNP,01/27/2023,29.96,30.05,29.70,29.74,41945
CNP,01/26/2023,29.94,30.06,29.62,30.00,41642
CNP,01/25/2023,30.03,30.13,29.79,30.04,34500
CNP,01/24/2023,29.91,30.32,29.51,30.19,30153
CNP,01/23/2023,29.98,30.30,29.84,30.00,27138
CNP,01/20/2023,30.32,30.37,29.70,30.11,35962
CNP,01/19/2023,30.35,30.39,29.98,30.28,27720
CNP,01/18/2023,31.14,31.20,30.32,30.39,37254
CNP,01/17/2023,30.83,31.27,30.83,31.08,41874
CNP,01/13/2023,30.88,31.47,30.76,31.31,42286
CNP,01/12/2023,31.21,31.28,30.84,31.07,40952
CNP,01/11/2023,30.62,31.18,30.62,31.15,26387
CNP,01/10/2023,30.42,30.59,30.19,30.56,18414
CNP,01/09/2023,29.96,30.88,29.88,30.47,35484
CNP,01/06/2023,29.27,30.17,29.20,29.99,38335
CNP,01/05/2023,29.43,29.54,28.90,28.98,30498
CNP,01/04/2023,29.63,30.08,29.53,29.65,43857
CNP,01/03/2023,30.03,30.14,29.15,29.56,42817
CNP,12/30/2022,30.45,30.51,29.72,29.99,29026
CNP,12/29/2022,30.70,30.83,30.41,30.48,29800
CNP,12/28/2022,30.95,31.14,30.46,30.52,21782
CNP,12/27/2022,30.74,31.00,30.59,30.92,13483
CNP,12/23/2022,30.25,30.70,30.19,30.69,20916
CNP,12/22/2022,30.45,30.47,29.74,30.31,21625
CNP,12/21/2022,30.09,30.53,30.00,30.53,19034
CNP,12/20/2022,29.95,30.10,29.79,29.97,17523
CNP,12/19/2022,29.95,30.29,29.77,29.98,27940
CNP,12/16/2022,30.36,30.36,29.58,30.01,59738
CNP,12/15/2022,30.81,30.93,30.43,30.63,36608
CNP,12/14/2022,31.05,31.34,30.79,30.95,32858
CNP,12/13/2022,31.36,31.48,30.57,30.91,48005
CNP,12/12/2022,30.61,31.02,30.31,31.01,28753
CNP,12/09/2022,30.22,30.67,30.19,30.45,31247
CNP,12/08/2022,30.40,30.53,30.19,30.35,37011
CNP,12/07/2022,30.68,30.84,30.38,30.39,34913
CNP,12/06/2022,30.47,30.85,30.35,30.82,37484
CNP,12/05/2022,30.40,30.61,30.34,30.45,26711
CNP,12/02/2022,30.70,30.83,30.30,30.67,33087
CNP,12/01/2022,31.29,31.52,30.83,31.03,47224
CNP,11/30/2022,30.44,31.18,30.22,31.11,49553
CNP,11/29/2022,30.67,30.68,30.34,30.58,23985
CNP,11/28/2022,30.80,30.97,30.53,30.86,27841
CNP,11/25/2022,30.89,31.19,30.89,31.04,10605
CNP,11/23/2022,30.38,30.84,30.35,30.81,35414
CNP,11/22/2022,30.00,30.48,30.00,30.45,37614
CNP,11/21/2022,29.67,30.00,29.49,29.90,31383
CNP,11/18/2022,29.55,29.79,29.36,29.67,38340
CNP,11/17/2022,29.16,29.22,28.73,29.19,28961
CNP,11/16/2022,28.97,29.63,28.97,29.44,27986
CNP,11/15/2022,29.32,29.45,28.71,29.13,30198
CNP,11/14/2022,29.13,29.59,29.05,29.13,49926
CNP,11/11/2022,29.38,29.53,28.73,29.13,41945
CNP,11/10/2022,29.22,29.56,28.74,29.40,36346
CNP,11/09/2022,28.01,28.30,27.94,28.19,54441
CNP,11/08/2022,27.98,28.38,27.84,28.15,36064
CNP,11/07/2022,28.50,28.50,27.41,27.91,40321
CNP,11/04/2022,28.05,28.58,27.92,28.48,44903
CNP,11/03/2022,27.81,28.27,27.61,28.01,40434
CNP,11/02/2022,28.27,28.82,28.08,28.11,47561
CNP,11/01/2022,28.74,29.08,28.09,28.35,57325
CNP,10/31/2022,28.80,28.88,28.42,28.61,44424
CNP,10/28/2022,28.07,28.82,28.07,28.81,28015
CNP,10/27/2022,27.89,28.26,27.84,27.99,28335
CNP,10/26/2022,27.83,27.97,27.55,27.60,31322
CNP,10/25/2022,27.20,27.82,27.20,27.65,35186
CNP,10/24/2022,27.23,27.40,26.88,27.21,39543
CNP,10/21/2022,26.71,27.14,26.51,27.01,44551
CNP,10/20/2022,26.95,27.04,26.39,26.60,66243
CNP,10/19/2022,26.60,27.12,26.55,27.00,60636
CNP,10/18/2022,26.69,27.00,26.57,26.96,64678
CNP,10/17/2022,26.23,26.64,26.17,26.25,44283
CNP,10/14/2022,26.28,26.39,25.62,25.88,52632
CNP,10/13/2022,25.26,26.17,25.03,26.05,73170
CNP,10/12/2022,26.56,26.57,25.53,25.55,68515
CNP,10/11/2022,26.61,26.97,26.43,26.60,48616
CNP,10/10/2022,26.89,27.12,26.62,26.70,44815
CNP,10/07/2022,27.31,27.37,26.61,26.81,56283
CNP,10/06/2022,28.70,28.79,27.32,27.34,75376
CNP,10/05/2022,29.01,29.04,28.49,28.81,46643
CNP,10/04/2022,28.97,29.52,28.83,29.43,34758
CNP,10/03/2022,28.77,29.23,28.47,28.84,43748
CNP,09/30/2022,28.97,29.15,28.07,28.18,90565
CNP,09/29/2022,30.04,30.09,28.74,28.84,41287
CNP,09/28/2022,30.26,30.35,29.82,30.15,44704
CNP,09/27/2022,30.71,30.74,29.74,29.89,67269
CNP,09/26/2022,31.47,31.56,30.28,30.51,54218
CNP,09/23/2022,31.37,33.50,31.05,31.56,47906
CNP,09/22/2022,31.82,31.86,31.34,31.66,38520
CNP,09/21/2022,32.26,32.51,31.79,31.95,57496
CNP,09/20/2022,32.24,32.34,31.63,31.99,34944
CNP,09/19/2022,31.90,32.52,31.86,32.46,38004
CNP,09/16/2022,32.08,32.18,31.83,32.04,63285
CNP,09/15/2022,32.58,32.58,31.98,32.18,44888
CNP,09/14/2022,32.39,32.90,32.39,32.75,42566
CNP,09/13/2022,32.66,32.97,32.13,32.35,35671
CNP,09/12/2022,32.92,33.22,32.84,33.10,27543
CNP,09/09/2022,32.81,32.95,32.53,32.85,25869
CNP,09/08/2022,32.59,32.83,32.40,32.70,28913
CNP,09/07/2022,31.83,32.74,31.79,32.67,32597
CNP,09/06/2022,31.90,32.10,31.55,31.70,40148
CNP,09/02/2022,31.99,32.45,31.69,31.78,43632
CNP,09/01/2022,31.53,31.97,31.34,31.95,28815
CNP,08/31/2022,31.64,31.89,31.46,31.53,47377
CNP,08/30/2022,32.10,32.19,31.49,31.65,23113
CNP,08/29/2022,31.56,32.33,31.39,32.09,22314
CNP,08/26/2022,32.45,32.50,31.73,31.75,25025
CNP,08/25/2022,32.34,32.43,32.01,32.37,21255
CNP,08/24/2022,32.01,32.33,31.80,32.27,33689
CNP,08/23/2022,32.03,32.07,31.74,31.91,19869
CNP,08/22/2022,32.47,32.50,31.83,32.03,23574
CNP,08/19/2022,32.63,32.74,32.43,32.65,29335
CNP,08/18/2022,32.43,32.87,32.43,32.59,30586
CNP,08/17/2022,32.66,32.76,32.27,32.51,31815
CNP,08/16/2022,32.69,32.92,32.57,32.83,22534
CNP,08/15/2022,32.40,32.72,32.26,32.69,18925
CNP,08/12/2022,32.09,32.52,32.07,32.50,29767
CNP,08/11/2022,31.77,32.19,31.24,31.91,72895
CNP,08/10/2022,32.29,32.34,31.97,32.07,29829
CNP,08/09/2022,31.74,32.12,31.66,32.08,23265
CNP,08/08/2022,31.70,31.92,31.39,31.58,16308
CNP,08/05/2022,31.26,31.51,30.86,31.47,28725
CNP,08/04/2022,31.69,31.88,31.35,31.39,23268
CNP,08/03/2022,31.70,31.80,30.66,31.69,44831
CNP,08/02/2022,32.00,32.25,31.64,31.70,44879
CNP,08/01/2022,31.65,31.69,31.32,31.63,29521
CNP,07/29/2022,31.45,31.84,31.45,31.69,27596
CNP,07/28/2022,30.76,31.55,30.69,31.50,24172
CNP,07/27/2022,30.50,30.81,30.36,30.55,37090
CNP,07/26/2022,30.08,30.54,30.04,30.50,28555
CNP,07/25/2022,29.64,30.11,29.57,30.10,26515
CNP,07/22/2022,29.43,29.82,29.43,29.70,30292
CNP,07/21/2022,29.28,29.33,29.06,29.32,21893
CNP,07/20/2022,29.71,29.82,29.10,29.38,32590
CNP,07/19/2022,29.80,29.86,29.61,29.75,39134
CNP,07/18/2022,29.61,29.89,29.48,29.56,43637
CNP,07/15/2022,29.37,29.63,28.88,29.61,29501
CNP,07/14/2022,28.53,29.18,28.47,29.12,37907
CNP,07/13/2022,29.13,29.65,29.02,29.08,41623
CNP,07/12/2022,29.32,29.94,29.32,29.44,20618
CNP,07/11/2022,29.33,29.58,29.14,29.53,17873
CNP,07/08/2022,29.37,29.49,29.05,29.37,22032
CNP,07/07/2022,29.47,29.76,29.29,29.31,28573
CNP,07/06/2022,29.21,29.63,28.98,29.34,32251
CNP,07/05/2022,30.36,30.40,28.54,29.09,52605
CNP,07/01/2022,29.71,30.59,29.50,30.50,41215
CNP,06/30/2022,28.88,29.70,28.75,29.58,47390
CNP,06/29/2022,29.14,29.35,28.97,29.12,21090
CNP,06/28/2022,29.17,29.61,29.05,29.09,39773
CNP,06/27/2022,28.74,29.10,28.65,28.99,27558
CNP,06/24/2022,28.37,29.00,28.32,28.85,54641
CNP,06/23/2022,27.87,28.33,27.80,28.25,36174
CNP,06/22/2022,27.50,27.98,27.45,27.80,33632
CNP,06/21/2022,27.55,27.82,27.42,27.75,39454
CNP,06/17/2022,27.37,27.73,26.96,27.40,94369
CNP,06/16/2022,27.69,27.70,27.10,27.44,57448
CNP,06/15/2022,27.85,28.61,27.70,28.12,58439
CNP,06/14/2022,28.75,28.80,27.10,27.60,86268
CNP,06/13/2022,29.68,29.73,28.52,28.64,68401
CNP,06/10/2022,30.25,30.48,30.00,30.12,38501
CNP,06/09/2022,31.30,31.40,30.59,30.61,31700
CNP,06/08/2022,31.84,31.88,31.27,31.31,25419
CNP,06/07/2022,31.40,32.10,31.35,32.07,39001
CNP,06/06/2022,31.85,31.86,31.46,31.54,51183
CNP,06/03/2022,32.02,32.17,31.58,31.67,35569
CNP,06/02/2022,32.12,32.28,31.61,32.10,68058
CNP,06/01/2022,32.24,32.24,31.62,32.06,48380
CNP,05/31/2022,32.14,32.33,31.81,32.05,51680
CNP,05/27/2022,31.85,32.43,31.80,32.42,33706
CNP,05/26/2022,31.96,32.20,31.89,31.98,41280
CNP,05/25/2022,31.31,31.85,31.31,31.84,45868
CNP,05/24/2022,30.87,31.38,30.68,31.31,24423
CNP,05/23/2022,30.96,31.09,30.69,30.84,45901
CNP,05/20/2022,30.72,30.76,30.22,30.58,41023
CNP,05/19/2022,30.49,30.82,30.29,30.66,34905
CNP,05/18/2022,31.34,31.43,30.60,30.67,44417
CNP,05/17/2022,31.14,31.37,30.73,31.37,43764
CNP,05/16/2022,31.09,31.23,30.81,30.97,39784
CNP,05/13/2022,30.63,31.05,30.41,31.03,38012
CNP,05/12/2022,30.36,30.45,29.80,30.39,59847
CNP,05/11/2022,30.55,31.17,30.37,30.40,66542
CNP,05/10/2022,30.44,31.18,30.00,30.48,63452
CNP,05/09/2022,30.52,30.76,30.21,30.38,45382
CNP,05/06/2022,30.77,31.09,30.45,30.73,68780
CNP,05/05/2022,31.27,31.40,30.58,30.94,50367
CNP,05/04/2022,30.80,31.38,30.69,31.34,62925
CNP,05/03/2022,30.29,30.98,29.94,30.54,59386
CNP,05/02/2022,30.67,30.93,29.87,30.22,71916
CNP,04/29/2022,31.35,31.38,30.56,30.61,39883
CNP,04/28/2022,31.38,31.59,31.23,31.44,57826
CNP,04/27/2022,31.34,31.86,30.98,31.33,60070
CNP,04/26/2022,31.78,31.99,31.28,31.29,44002
CNP,04/25/2022,31.87,31.94,31.18,31.75,52137
CNP,04/22/2022,32.31,32.31,31.81,31.83,52965
CNP,04/21/2022,32.80,33.00,32.15,32.26,80122
CNP,04/20/2022,32.55,32.90,32.45,32.75,48120
CNP,04/19/2022,32.40,32.53,32.03,32.17,51041
CNP,04/18/2022,32.49,32.65,32.17,32.28,31455
CNP,04/14/2022,32.47,32.63,32.32,32.40,53824
CNP,04/13/2022,32.30,32.46,31.96,32.32,36479
CNP,04/12/2022,32.07,32.55,31.92,32.25,47915
CNP,04/11/2022,32.54,32.72,32.17,32.23,56610
CNP,04/08/2022,32.15,32.68,31.97,32.49,61522
CNP,04/07/2022,31.74,32.16,31.43,32.01,90888
CNP,04/06/2022,31.16,31.83,31.04,31.77,51806
CNP,04/05/2022,30.99,31.38,30.98,31.03,51958
CNP,04/04/2022,30.96,31.01,30.42,30.93,34061
CNP,04/01/2022,30.67,31.24,30.47,31.15,41618
CNP,03/31/2022,30.63,31.09,30.44,30.64,63649
CNP,03/30/2022,30.68,30.97,30.66,30.78,43186
CNP,03/29/2022,30.42,30.80,30.31,30.80,40369
CNP,03/28/2022,30.39,30.42,30.12,30.38,33630
CNP,03/25/2022,29.83,30.42,29.79,30.41,31571
CNP,03/24/2022,29.62,29.85,29.56,29.78,31276
CNP,03/23/2022,29.52,29.81,29.31,29.62,40920
CNP,03/22/2022,29.49,29.62,29.35,29.47,52899
CNP,03/21/2022,29.23,29.61,29.15,29.47,38293
CNP,03/18/2022,29.10,29.31,28.84,29.05,101392
CNP,03/17/2022,28.91,29.26,28.72,29.08,44969
CNP,03/16/2022,28.86,28.99,28.35,28.87,58424
CNP,03/15/2022,28.76,28.95,28.57,28.88,53364
CNP,03/14/2022,28.65,28.88,28.26,28.41,34808
CNP,03/11/2022,28.67,28.93,28.43,28.45,25672
CNP,03/10/2022,28.33,28.73,28.22,28.70,33378
CNP,03/09/2022,28.84,28.90,28.34,28.38,37733
CNP,03/08/2022,28.91,29.00,28.50,28.54,44017
CNP,03/07/2022,28.91,29.05,28.39,28.73,53173
CNP,03/04/2022,28.11,29.00,28.05,28.99,53851
CNP,03/03/2022,27.81,28.36,27.79,28.24,47152
CNP,03/02/2022,26.98,27.84,26.88,27.72,49439
CNP,03/01/2022,27.29,27.52,26.64,26.88,54486
CNP,02/28/2022,27.10,27.57,27.08,27.35,64398
CNP,02/25/2022,26.86,27.47,26.75,27.38,52756
CNP,02/24/2022,26.23,26.66,26.00,26.55,66314
CNP,02/23/2022,27.34,27.46,26.48,26.49,40455
CNP,02/22/2022,27.50,27.60,26.67,27.20,60774
CNP,02/18/2022,26.69,27.02,26.47,26.61,138581
CNP,02/17/2022,26.83,26.94,26.41,26.81,79420
CNP,02/16/2022,26.66,26.93,26.55,26.88,49860
CNP,02/15/2022,27.18,27.38,26.72,26.89,39527
CNP,02/14/2022,27.49,27.60,26.60,26.91,38721
