COLD,06/23/2023,31.35,31.53,31.25,31.48,512
COLD,06/22/2023,32.00,32.06,31.25,31.49,11228
COLD,06/21/2023,31.76,32.04,31.49,31.92,18141
COLD,06/20/2023,31.82,31.98,31.58,31.89,17742
COLD,06/16/2023,31.88,32.16,31.73,32.05,23444
COLD,06/15/2023,31.66,31.93,31.33,31.71,17879
COLD,06/14/2023,30.84,32.07,30.78,31.83,29725
COLD,06/13/2023,30.40,31.04,30.28,30.90,15051
COLD,06/12/2023,29.79,30.43,29.67,30.43,14196
COLD,06/09/2023,29.71,30.00,29.42,29.79,11094
COLD,06/08/2023,29.92,30.07,29.66,29.69,15510
COLD,06/07/2023,29.85,30.03,29.53,30.00,11555
COLD,06/06/2023,29.52,29.92,29.39,29.74,16390
COLD,06/05/2023,29.68,29.75,29.32,29.37,9780
COLD,06/02/2023,29.53,29.92,29.42,29.80,12214
COLD,06/01/2023,29.27,29.57,29.15,29.21,12682
COLD,05/31/2023,29.15,29.39,29.11,29.30,14604
COLD,05/30/2023,29.21,29.40,28.92,29.14,9541
COLD,05/26/2023,29.13,29.18,28.78,29.11,12111
COLD,05/25/2023,29.10,29.13,28.71,28.97,8212
COLD,05/24/2023,29.55,29.62,29.08,29.15,8916
COLD,05/23/2023,29.63,30.03,29.56,29.67,19117
COLD,05/22/2023,29.64,30.06,29.64,29.74,11280
COLD,05/19/2023,29.71,29.82,29.41,29.67,9802
COLD,05/18/2023,29.15,29.53,29.09,29.49,12166
COLD,05/17/2023,29.26,29.41,28.94,29.41,14084
COLD,05/16/2023,29.73,29.80,29.07,29.08,21909
COLD,05/15/2023,30.19,30.29,29.80,29.93,8723
COLD,05/12/2023,30.21,30.41,29.93,30.11,9746
COLD,05/11/2023,30.57,30.75,29.99,30.14,12301
COLD,05/10/2023,30.48,30.96,30.31,30.88,17722
COLD,05/09/2023,30.32,30.67,30.25,30.38,11699
COLD,05/08/2023,30.78,31.02,30.28,30.52,26204
COLD,05/05/2023,29.62,31.66,29.62,30.60,31039
COLD,05/04/2023,28.84,29.34,28.68,29.20,8883
COLD,05/03/2023,28.81,29.30,28.63,28.84,11106
COLD,05/02/2023,28.94,29.02,28.36,28.66,11334
COLD,05/01/2023,29.50,29.55,28.72,28.97,22016
COLD,04/28/2023,29.09,29.65,29.01,29.59,7353
COLD,04/27/2023,28.64,29.09,28.64,28.99,11053
COLD,04/26/2023,29.06,29.19,28.57,28.62,7318
COLD,04/25/2023,29.25,29.48,29.01,29.08,7062
COLD,04/24/2023,29.72,29.76,29.26,29.40,7105
COLD,04/21/2023,29.62,29.82,29.19,29.73,10151
COLD,04/20/2023,29.29,29.48,29.13,29.46,11526
COLD,04/19/2023,29.05,29.45,28.90,29.45,11777
COLD,04/18/2023,28.90,29.16,28.87,29.14,10496
COLD,04/17/2023,28.35,28.95,28.28,28.91,9014
COLD,04/14/2023,28.35,28.66,28.16,28.33,17339
COLD,04/13/2023,28.47,28.53,27.89,28.40,12750
COLD,04/12/2023,28.26,28.35,27.90,28.29,24550
COLD,04/11/2023,28.09,28.24,27.90,27.96,19300
COLD,04/10/2023,27.86,28.05,27.67,28.03,8732
COLD,04/06/2023,28.06,28.14,27.84,28.06,10962
COLD,04/05/2023,27.96,28.17,27.89,28.00,10825
COLD,04/04/2023,28.10,28.13,27.81,28.02,10753
COLD,04/03/2023,28.48,28.60,27.95,28.05,20029
COLD,03/31/2023,28.28,28.48,28.07,28.45,24676
COLD,03/30/2023,28.10,28.10,27.84,28.05,18639
COLD,03/29/2023,27.93,28.08,27.75,28.00,10488
COLD,03/28/2023,27.61,27.84,27.47,27.67,9830
COLD,03/27/2023,27.63,27.94,27.63,27.69,9889
COLD,03/24/2023,26.93,27.61,26.90,27.61,12177
COLD,03/23/2023,27.05,27.76,26.93,27.04,12222
COLD,03/22/2023,27.46,27.49,26.65,26.76,12333
COLD,03/21/2023,28.41,28.45,27.31,27.64,21259
COLD,03/20/2023,28.03,28.32,27.79,28.29,27403
COLD,03/17/2023,28.52,28.56,27.92,27.98,31160
COLD,03/16/2023,28.47,28.76,28.25,28.55,15536
COLD,03/15/2023,28.73,29.04,28.42,28.75,12248
COLD,03/14/2023,29.28,29.36,28.93,29.08,32683
COLD,03/13/2023,28.40,29.21,28.28,28.78,13314
COLD,03/10/2023,29.08,29.28,28.33,28.66,10663
COLD,03/09/2023,29.62,29.74,29.10,29.14,8853
COLD,03/08/2023,29.63,30.04,29.48,29.69,15301
COLD,03/07/2023,29.64,29.85,29.26,29.60,16931
COLD,03/06/2023,30.02,30.21,29.52,29.73,12803
COLD,03/03/2023,29.52,29.95,29.39,29.93,25746
COLD,03/02/2023,28.97,29.42,28.95,29.23,36489
COLD,03/01/2023,29.41,29.82,29.16,29.19,16307
COLD,02/28/2023,29.84,30.04,29.34,29.40,34170
COLD,02/27/2023,30.23,30.35,29.54,29.73,17534
COLD,02/24/2023,30.37,30.45,29.91,30.00,9607
COLD,02/23/2023,30.82,30.89,30.37,30.60,12476
COLD,02/22/2023,31.13,31.31,30.55,30.55,10109
COLD,02/21/2023,31.65,31.71,30.74,31.00,13074
COLD,02/17/2023,30.39,32.07,30.04,31.84,33931
COLD,02/16/2023,30.27,30.63,30.06,30.36,16289
COLD,02/15/2023,30.46,30.74,30.30,30.68,6995
COLD,02/14/2023,30.79,30.83,30.48,30.66,9584
COLD,02/13/2023,30.84,31.15,30.77,30.87,8224
COLD,02/10/2023,30.38,30.87,30.24,30.76,5138
COLD,02/09/2023,31.07,31.23,30.46,30.46,7549
COLD,02/08/2023,31.17,31.21,30.61,30.83,10337
COLD,02/07/2023,31.42,31.42,30.91,31.27,9330
COLD,02/06/2023,31.51,31.73,31.18,31.62,9356
COLD,02/03/2023,31.47,31.92,31.22,31.84,14699
COLD,02/02/2023,31.97,32.39,31.93,32.11,10084
COLD,02/01/2023,31.41,32.02,31.26,31.69,12907
COLD,01/31/2023,31.06,31.49,31.01,31.41,19940
COLD,01/30/2023,31.49,31.75,30.99,31.03,16238
COLD,01/27/2023,31.62,32.01,31.57,31.83,7905
COLD,01/26/2023,31.00,31.71,31.00,31.70,10949
COLD,01/25/2023,30.82,31.16,30.69,31.00,13511
COLD,01/24/2023,30.28,31.00,30.28,30.95,6392
COLD,01/23/2023,30.61,31.01,30.46,30.61,7110
COLD,01/20/2023,30.32,30.60,30.12,30.60,4703
COLD,01/19/2023,30.33,30.86,30.33,30.42,6305
COLD,01/18/2023,30.96,31.15,30.38,30.49,8901
COLD,01/17/2023,30.74,31.15,30.37,30.76,13295
COLD,01/13/2023,31.06,31.35,30.77,31.18,10412
COLD,01/12/2023,31.00,31.62,30.73,31.39,18998
COLD,01/11/2023,29.66,30.81,29.56,30.78,14714
COLD,01/10/2023,28.87,29.46,28.80,29.45,9897
COLD,01/09/2023,28.85,29.12,28.68,28.89,6434
COLD,01/06/2023,28.29,28.80,28.29,28.80,6206
COLD,01/05/2023,28.83,28.83,28.06,28.25,6588
COLD,01/04/2023,28.76,29.40,28.73,29.18,10694
COLD,01/03/2023,28.66,28.88,28.07,28.50,9222
COLD,12/30/2022,28.39,28.67,28.04,28.31,7288
COLD,12/29/2022,28.21,28.65,28.04,28.54,8915
COLD,12/28/2022,28.58,28.68,28.01,28.09,8149
COLD,12/27/2022,28.51,28.74,28.36,28.53,6985
COLD,12/23/2022,28.22,28.63,27.94,28.49,8764
COLD,12/22/2022,28.13,28.53,27.61,28.22,7232
COLD,12/21/2022,28.22,28.78,28.12,28.33,10274
COLD,12/20/2022,27.96,28.42,27.89,28.01,11216
COLD,12/19/2022,28.11,28.46,27.88,28.13,10849
COLD,12/16/2022,28.36,28.59,27.86,28.21,18283
COLD,12/15/2022,29.01,29.15,28.22,28.74,19301
COLD,12/14/2022,29.23,29.58,28.92,29.23,9987
COLD,12/13/2022,29.61,29.73,28.35,29.02,19109
COLD,12/12/2022,29.13,29.13,28.26,28.76,7315
COLD,12/09/2022,29.01,29.30,28.78,29.15,10820
COLD,12/08/2022,29.16,29.46,29.03,29.13,14896
COLD,12/07/2022,28.67,29.18,28.52,28.96,5886
COLD,12/06/2022,29.41,29.49,28.81,28.96,11776
COLD,12/05/2022,29.54,29.70,29.32,29.35,8717
COLD,12/02/2022,29.56,30.21,29.31,29.99,7215
COLD,12/01/2022,29.96,30.43,29.84,29.93,11083
COLD,11/30/2022,29.37,29.85,29.17,29.85,16318
COLD,11/29/2022,28.95,29.65,28.83,29.51,8723
COLD,11/28/2022,29.64,29.76,28.82,28.82,10722
COLD,11/25/2022,29.53,29.69,29.47,29.69,4087
COLD,11/23/2022,29.07,29.51,29.06,29.48,8786
COLD,11/22/2022,28.89,29.11,28.76,29.11,6960
COLD,11/21/2022,28.95,29.22,28.79,28.87,6270
COLD,11/18/2022,28.96,29.04,28.43,28.97,9375
COLD,11/17/2022,28.54,28.65,28.22,28.55,10724
COLD,11/16/2022,28.98,29.22,28.86,28.95,16905
COLD,11/15/2022,28.92,29.27,28.52,29.09,19020
COLD,11/14/2022,29.07,29.47,28.64,28.66,18349
COLD,11/11/2022,29.32,29.65,28.60,28.80,13893
COLD,11/10/2022,29.18,30.07,29.12,29.59,25190
COLD,11/09/2022,28.90,29.26,28.00,28.13,17456
COLD,11/08/2022,28.57,29.23,28.38,29.04,18559
COLD,11/07/2022,28.07,28.59,27.74,28.45,28356
COLD,11/04/2022,26.75,28.16,25.57,27.66,57603
COLD,11/03/2022,23.78,24.24,23.56,23.99,17605
COLD,11/02/2022,24.50,24.78,24.05,24.18,15997
COLD,11/01/2022,24.52,24.68,24.38,24.54,14862
COLD,10/31/2022,24.02,24.52,23.89,24.25,23496
COLD,10/28/2022,23.74,24.28,23.70,24.24,20347
COLD,10/27/2022,23.91,24.14,23.64,23.76,19362
COLD,10/26/2022,23.30,23.84,23.27,23.65,25025
COLD,10/25/2022,22.24,23.24,22.16,23.13,34500
COLD,10/24/2022,22.37,22.40,21.95,22.11,15155
COLD,10/21/2022,22.11,22.32,21.49,22.24,15365
COLD,10/20/2022,22.23,22.55,22.01,22.15,19390
COLD,10/19/2022,22.98,23.00,22.03,22.24,20732
COLD,10/18/2022,23.62,23.75,23.14,23.32,17283
COLD,10/17/2022,23.00,23.68,23.00,23.20,15904
COLD,10/14/2022,23.60,23.71,22.48,22.62,23618
COLD,10/13/2022,22.90,23.48,22.35,23.41,29167
COLD,10/12/2022,23.85,23.91,23.33,23.33,16674
COLD,10/11/2022,23.80,24.07,23.53,23.94,12902
COLD,10/10/2022,24.22,24.30,23.78,23.79,14285
COLD,10/07/2022,24.67,24.74,24.06,24.19,16396
COLD,10/06/2022,25.60,25.64,24.78,24.94,12224
COLD,10/05/2022,25.60,25.78,24.80,25.53,24550
COLD,10/04/2022,25.58,26.12,25.58,25.91,16634
COLD,10/03/2022,25.04,25.80,24.67,25.46,24596
COLD,09/30/2022,24.70,25.01,24.51,24.60,22233
COLD,09/29/2022,25.12,25.19,24.33,24.50,17363
COLD,09/28/2022,25.25,25.96,24.89,25.59,10296
COLD,09/27/2022,25.63,25.75,25.14,25.25,13106
COLD,09/26/2022,26.67,26.67,25.29,25.47,15641
COLD,09/23/2022,26.93,27.41,26.68,26.86,29233
COLD,09/22/2022,27.07,27.24,26.74,27.22,21545
COLD,09/21/2022,27.24,27.95,27.03,27.05,14546
COLD,09/20/2022,27.95,27.95,26.85,27.03,22494
COLD,09/19/2022,28.10,28.22,27.42,28.20,21265
COLD,09/16/2022,28.35,28.41,27.77,28.37,22834
COLD,09/15/2022,28.81,28.97,28.25,28.29,12015
COLD,09/14/2022,29.17,29.26,28.78,28.99,11655
COLD,09/13/2022,30.11,30.22,29.22,29.28,14029
COLD,09/12/2022,30.34,30.80,30.30,30.68,9933
COLD,09/09/2022,29.75,30.46,29.65,30.17,10330
COLD,09/08/2022,29.58,29.86,29.46,29.69,6888
COLD,09/07/2022,29.26,29.84,29.22,29.74,17546
COLD,09/06/2022,29.00,29.40,28.83,29.23,8603
COLD,09/02/2022,29.50,29.90,28.96,28.99,13784
COLD,09/01/2022,29.30,29.35,29.05,29.29,10080
COLD,08/31/2022,29.79,29.87,29.38,29.42,13849
COLD,08/30/2022,30.22,30.22,29.41,29.51,8202
COLD,08/29/2022,29.93,30.48,29.71,30.00,11117
COLD,08/26/2022,30.79,30.79,29.97,30.03,8253
COLD,08/25/2022,30.70,30.73,30.33,30.73,13166
COLD,08/24/2022,30.88,30.93,30.55,30.56,7852
COLD,08/23/2022,30.86,30.92,30.48,30.77,13714
COLD,08/22/2022,30.94,31.09,30.74,30.92,10493
COLD,08/19/2022,31.01,31.11,30.40,31.01,13636
COLD,08/18/2022,31.69,31.69,31.04,31.19,11351
COLD,08/17/2022,32.02,32.10,31.31,31.68,17962
COLD,08/16/2022,32.46,32.63,32.20,32.29,8596
COLD,08/15/2022,32.48,32.63,32.31,32.52,6940
COLD,08/12/2022,32.29,32.51,32.07,32.45,7021
COLD,08/11/2022,32.43,32.46,31.97,32.14,14432
COLD,08/10/2022,31.93,32.33,31.68,32.20,19486
COLD,08/09/2022,31.25,31.73,31.18,31.66,19347
COLD,08/08/2022,31.04,31.56,30.75,31.18,21240
COLD,08/05/2022,32.05,32.84,30.58,31.05,37297
COLD,08/04/2022,32.43,32.49,31.98,32.49,11085
COLD,08/03/2022,32.79,32.98,32.17,32.35,16222
COLD,08/02/2022,32.67,32.94,32.44,32.54,11141
COLD,08/01/2022,32.75,32.93,32.46,32.67,7710
COLD,07/29/2022,32.64,32.99,32.47,32.75,9516
COLD,07/28/2022,31.53,32.81,31.52,32.77,12848
COLD,07/27/2022,31.76,31.76,31.24,31.47,6065
COLD,07/26/2022,31.25,31.81,31.23,31.75,8900
COLD,07/25/2022,31.19,31.75,31.05,31.24,15087
COLD,07/22/2022,31.20,31.48,30.96,31.36,15862
COLD,07/21/2022,31.22,31.41,30.91,31.27,14068
COLD,07/20/2022,31.73,31.79,31.13,31.14,18632
COLD,07/19/2022,31.23,31.71,30.99,31.69,8238
COLD,07/18/2022,31.24,31.53,30.57,30.93,13532
COLD,07/15/2022,31.46,31.49,30.62,31.15,13288
COLD,07/14/2022,30.69,31.40,30.69,31.08,13780
COLD,07/13/2022,30.46,31.37,30.36,31.13,16215
COLD,07/12/2022,31.21,31.47,30.76,30.84,18559
COLD,07/11/2022,31.25,31.72,31.20,31.34,7869
COLD,07/08/2022,31.70,31.94,31.30,31.39,14089
COLD,07/07/2022,31.20,31.91,31.20,31.80,17966
COLD,07/06/2022,31.56,31.89,30.90,31.00,32332
COLD,07/05/2022,30.74,31.66,30.47,31.56,30671
COLD,07/01/2022,30.03,31.00,30.00,30.89,25232
COLD,06/30/2022,29.86,30.42,29.68,30.04,16166
COLD,06/29/2022,29.67,29.94,29.45,29.93,12749
COLD,06/28/2022,30.37,30.46,29.88,30.06,27027
COLD,06/27/2022,29.74,30.67,29.56,30.29,24526
COLD,06/24/2022,29.18,29.90,29.04,29.73,26168
COLD,06/23/2022,28.68,29.10,28.39,29.02,34585
COLD,06/22/2022,28.02,28.96,28.02,28.59,21418
COLD,06/21/2022,27.94,28.77,27.94,28.26,26446
COLD,06/17/2022,28.62,28.73,27.76,27.95,29000
COLD,06/16/2022,28.45,28.62,28.05,28.39,20132
COLD,06/15/2022,29.21,29.75,28.92,29.02,32669
COLD,06/14/2022,29.51,30.03,28.85,28.94,29848
COLD,06/13/2022,29.62,29.95,29.09,29.38,29640
COLD,06/10/2022,30.21,30.56,29.77,30.20,31335
COLD,06/09/2022,29.95,30.77,29.86,30.24,35362
COLD,06/08/2022,29.89,30.28,29.77,29.94,21535
COLD,06/07/2022,28.51,30.08,28.39,30.06,21737
COLD,06/06/2022,29.06,29.24,28.70,28.81,18062
COLD,06/03/2022,28.62,29.15,28.46,28.92,24343
COLD,06/02/2022,27.86,28.89,27.61,28.82,22222
COLD,06/01/2022,27.89,27.89,27.40,27.60,18308
COLD,05/31/2022,27.31,27.86,27.22,27.69,17133
COLD,05/27/2022,27.21,28.02,27.10,27.72,25950
COLD,05/26/2022,26.33,27.15,26.27,27.03,30570
COLD,05/25/2022,26.58,26.64,26.16,26.45,19031
COLD,05/24/2022,24.95,26.82,24.95,26.60,52667
COLD,05/23/2022,25.17,25.29,24.56,25.07,19492
COLD,05/20/2022,25.37,25.37,24.47,24.97,16477
COLD,05/19/2022,25.13,25.50,25.05,25.15,12417
COLD,05/18/2022,25.89,26.02,25.22,25.33,12559
COLD,05/17/2022,25.86,25.99,25.40,25.99,7374
COLD,05/16/2022,26.15,26.26,25.68,25.69,8640
COLD,05/13/2022,25.24,26.28,24.98,26.24,21499
COLD,05/12/2022,25.00,25.28,24.73,25.22,23163
COLD,05/11/2022,24.79,25.88,24.76,25.16,22436
COLD,05/10/2022,25.46,25.76,23.96,24.90,37913
COLD,05/09/2022,26.07,26.28,25.10,25.15,22659
COLD,05/06/2022,26.05,26.61,25.13,26.23,16838
COLD,05/05/2022,26.50,26.72,25.75,26.18,17269
COLD,05/04/2022,26.40,26.85,25.90,26.74,9265
COLD,05/03/2022,25.92,26.75,25.76,26.50,13595
COLD,05/02/2022,26.48,26.54,25.21,25.77,19332
COLD,04/29/2022,27.85,27.99,26.36,26.38,27887
COLD,04/28/2022,27.67,28.02,27.34,27.89,17840
COLD,04/27/2022,27.91,28.01,27.56,27.67,20621
COLD,04/26/2022,28.03,28.31,27.76,27.92,12318
COLD,04/25/2022,28.12,28.27,27.56,28.19,21949
COLD,04/22/2022,28.53,28.58,28.15,28.17,13085
COLD,04/21/2022,28.32,28.53,27.98,28.39,34166
COLD,04/20/2022,28.59,28.60,28.13,28.16,15904
COLD,04/19/2022,28.06,28.49,28.05,28.46,9298
COLD,04/18/2022,28.00,28.26,27.94,28.02,12961
COLD,04/14/2022,28.44,28.57,28.05,28.07,8328
COLD,04/13/2022,27.91,28.36,27.80,28.35,13953
COLD,04/12/2022,27.79,28.23,27.65,27.85,11295
COLD,04/11/2022,28.19,28.24,27.64,27.80,10140
COLD,04/08/2022,28.57,28.70,28.23,28.31,14811
COLD,04/07/2022,29.24,29.26,28.30,28.53,25379
COLD,04/06/2022,28.36,29.26,28.15,29.25,24127
COLD,04/05/2022,28.86,29.17,28.30,28.44,22329
COLD,04/04/2022,28.69,28.86,28.27,28.86,17558
COLD,04/01/2022,27.78,28.70,27.78,28.65,30386
COLD,03/31/2022,27.91,28.21,27.76,27.88,29508
COLD,03/30/2022,27.76,28.23,27.63,27.91,15165
COLD,03/29/2022,27.75,28.49,27.61,28.30,25155
COLD,03/28/2022,27.46,27.70,27.23,27.55,22400
COLD,03/25/2022,26.85,27.44,26.72,27.34,15966
COLD,03/24/2022,26.53,27.05,26.42,26.79,12898
COLD,03/23/2022,26.27,26.48,26.01,26.43,16280
COLD,03/22/2022,26.41,26.57,26.10,26.28,12159
COLD,03/21/2022,26.61,26.70,26.04,26.23,10369
COLD,03/18/2022,25.89,26.72,25.78,26.58,26397
COLD,03/17/2022,26.27,27.03,26.12,26.83,14725
COLD,03/16/2022,25.74,26.54,25.61,26.46,22755
COLD,03/15/2022,25.23,26.06,25.20,25.50,14345
COLD,03/14/2022,26.20,26.27,25.09,25.12,22845
COLD,03/11/2022,27.07,27.27,26.04,26.04,16260
COLD,03/10/2022,27.03,27.20,26.70,27.05,11547
COLD,03/09/2022,27.41,27.69,27.33,27.41,10262
COLD,03/08/2022,27.12,27.50,26.81,27.02,19680
COLD,03/07/2022,27.71,27.97,27.19,27.23,20077
COLD,03/04/2022,27.76,28.00,27.55,27.97,17141
COLD,03/03/2022,28.03,28.13,27.44,27.87,16154
COLD,03/02/2022,27.55,27.82,27.19,27.81,19434
COLD,03/01/2022,26.78,27.52,26.62,27.45,19427
COLD,02/28/2022,26.53,27.37,26.43,26.72,23962
COLD,02/25/2022,25.27,27.36,25.27,26.88,35317
COLD,02/24/2022,26.45,27.15,26.06,27.11,35827
COLD,02/23/2022,28.05,28.34,26.84,26.95,19620
COLD,02/22/2022,27.81,28.13,27.77,27.98,17928
COLD,02/18/2022,28.35,28.47,27.92,27.96,13410
COLD,02/17/2022,28.34,28.50,28.08,28.20,10673
COLD,02/16/2022,28.35,28.54,28.04,28.42,9039
COLD,02/15/2022,28.01,28.51,27.98,28.26,21694
COLD,02/14/2022,28.17,28.35,27.83,27.83,13099
