CRWD,06/23/2023,143.43,144.63,142.21,144.19,4271
CRWD,06/22/2023,142.56,146.94,141.50,145.80,32763
CRWD,06/21/2023,150.48,151.38,143.27,143.85,61534
CRWD,06/20/2023,152.60,155.72,150.26,152.08,35611
CRWD,06/16/2023,162.00,162.25,154.81,155.14,56835
CRWD,06/15/2023,153.23,161.19,152.22,159.81,75022
CRWD,06/14/2023,153.12,154.00,150.68,153.96,26181
CRWD,06/13/2023,153.06,154.27,150.57,153.11,30962
CRWD,06/12/2023,149.90,151.86,148.91,151.11,24220
CRWD,06/09/2023,153.53,153.83,146.84,149.53,35203
CRWD,06/08/2023,148.88,151.69,148.51,151.30,22605
CRWD,06/07/2023,154.75,155.90,148.40,149.23,34314
CRWD,06/06/2023,153.92,155.77,152.40,153.04,28495
CRWD,06/05/2023,151.05,154.76,148.24,154.08,46555
CRWD,06/02/2023,158.53,159.40,150.53,151.32,79471
CRWD,06/01/2023,146.44,159.79,142.50,157.55,157792
CRWD,05/31/2023,159.00,161.80,157.01,160.13,85618
CRWD,05/30/2023,159.39,160.78,154.91,158.59,66379
CRWD,05/26/2023,150.00,158.18,150.00,154.12,50960
CRWD,05/25/2023,150.65,151.13,147.19,149.61,35225
CRWD,05/24/2023,144.05,149.48,143.15,149.20,47683
CRWD,05/23/2023,146.11,148.63,143.79,143.90,31259
CRWD,05/22/2023,144.26,148.56,143.82,147.41,33458
CRWD,05/19/2023,142.69,148.34,142.39,144.72,59575
CRWD,05/18/2023,137.23,141.96,137.23,141.85,39229
CRWD,05/17/2023,134.84,139.09,133.61,137.23,31209
CRWD,05/16/2023,133.95,135.61,133.30,134.01,19500
CRWD,05/15/2023,130.89,135.92,130.41,135.55,31218
CRWD,05/12/2023,132.76,132.94,129.25,130.23,20014
CRWD,05/11/2023,134.40,134.81,131.27,132.15,25015
CRWD,05/10/2023,132.35,135.96,131.03,133.80,39700
CRWD,05/09/2023,132.41,134.17,129.16,129.94,33477
CRWD,05/08/2023,126.00,132.88,125.40,132.41,60183
CRWD,05/05/2023,119.23,123.23,119.02,122.45,29423
CRWD,05/04/2023,118.39,120.16,117.45,117.88,20556
CRWD,05/03/2023,116.46,119.03,115.67,117.67,18796
CRWD,05/02/2023,118.79,119.15,116.04,116.74,30417
CRWD,05/01/2023,118.40,119.94,116.89,118.79,36751
CRWD,04/28/2023,123.19,123.97,119.42,120.05,51366
CRWD,04/27/2023,125.19,127.50,123.56,126.05,29499
CRWD,04/26/2023,123.82,125.92,122.87,124.12,26457
CRWD,04/25/2023,128.19,128.47,121.81,122.15,60840
CRWD,04/24/2023,132.58,133.73,129.02,130.40,20257
CRWD,04/21/2023,130.58,132.74,130.15,132.25,19149
CRWD,04/20/2023,131.03,131.92,129.07,129.89,24055
CRWD,04/19/2023,135.00,135.69,132.01,132.83,28143
CRWD,04/18/2023,139.05,139.89,136.12,136.38,17982
CRWD,04/17/2023,136.66,137.95,134.64,137.37,22794
CRWD,04/14/2023,134.45,136.70,133.86,135.77,28720
CRWD,04/13/2023,136.43,140.21,135.72,136.10,46725
CRWD,04/12/2023,132.50,137.16,131.16,135.00,54575
CRWD,04/11/2023,127.54,131.72,127.27,129.86,39821
CRWD,04/10/2023,126.72,128.18,124.55,128.10,25916
CRWD,04/06/2023,126.00,128.14,123.70,127.82,35376
CRWD,04/05/2023,135.37,135.61,125.70,127.80,77189
CRWD,04/04/2023,137.50,138.67,135.73,136.86,30052
CRWD,04/03/2023,135.71,137.59,134.17,136.55,27548
CRWD,03/31/2023,132.52,138.24,132.11,137.26,44730
CRWD,03/30/2023,131.13,133.50,129.95,131.72,33712
CRWD,03/29/2023,131.08,131.40,128.68,129.60,26679
CRWD,03/28/2023,131.00,131.64,127.56,128.64,26618
CRWD,03/27/2023,131.96,133.24,130.29,131.39,25054
CRWD,03/24/2023,134.40,135.00,130.79,131.54,26847
CRWD,03/23/2023,135.96,138.33,133.13,134.54,31742
CRWD,03/22/2023,135.70,137.88,133.25,133.26,37086
CRWD,03/21/2023,131.85,136.90,131.27,136.02,46672
CRWD,03/20/2023,132.31,133.29,130.22,132.74,40879
CRWD,03/17/2023,133.75,136.47,131.86,133.12,53512
CRWD,03/16/2023,130.27,134.09,129.55,133.52,68522
CRWD,03/15/2023,127.00,130.19,126.53,129.32,60384
CRWD,03/14/2023,124.82,128.16,122.87,128.01,64549
CRWD,03/13/2023,119.11,123.60,118.23,121.41,61604
CRWD,03/10/2023,119.92,124.51,118.15,119.72,80282
CRWD,03/09/2023,128.11,130.09,121.52,121.68,79485
CRWD,03/08/2023,133.00,134.96,125.00,128.92,245914
CRWD,03/07/2023,127.00,128.60,124.51,124.93,68477
CRWD,03/06/2023,130.00,130.19,127.32,127.59,73724
CRWD,03/03/2023,123.30,127.12,121.70,126.04,46945
CRWD,03/02/2023,119.00,123.93,118.71,123.64,37423
CRWD,03/01/2023,120.23,121.05,118.61,120.21,27027
CRWD,02/28/2023,120.20,122.68,120.09,120.69,30856
CRWD,02/27/2023,118.34,123.24,118.30,120.65,54461
CRWD,02/24/2023,115.78,118.80,115.30,117.28,47548
CRWD,02/23/2023,119.69,120.55,114.84,117.44,49490
CRWD,02/22/2023,114.18,118.31,113.12,117.63,51980
CRWD,02/21/2023,112.02,114.75,111.51,112.43,34479
CRWD,02/17/2023,113.80,114.29,110.46,114.25,36599
CRWD,02/16/2023,117.74,118.73,115.06,115.12,41471
CRWD,02/15/2023,116.71,120.56,115.25,120.52,41077
CRWD,02/14/2023,111.94,116.66,110.41,116.31,38869
CRWD,02/13/2023,110.02,113.29,108.64,112.17,25439
CRWD,02/10/2023,111.93,112.62,107.60,108.96,33939
CRWD,02/09/2023,116.69,117.79,113.12,113.42,33976
CRWD,02/08/2023,118.00,119.19,114.39,114.48,51240
CRWD,02/07/2023,109.62,115.08,107.76,114.59,39555
CRWD,02/06/2023,111.39,115.12,108.83,109.42,37542
CRWD,02/03/2023,112.82,117.41,112.22,113.56,39499
CRWD,02/02/2023,117.59,117.59,113.91,115.93,69253
CRWD,02/01/2023,105.90,111.64,105.10,110.50,53174
CRWD,01/31/2023,101.00,105.92,100.74,105.90,43548
CRWD,01/30/2023,102.98,103.58,100.88,101.37,51482
CRWD,01/27/2023,103.61,105.84,102.52,104.35,60169
CRWD,01/26/2023,102.63,104.55,100.88,104.47,59982
CRWD,01/25/2023,101.72,101.94,97.26,100.82,75920
CRWD,01/24/2023,107.15,109.01,104.13,104.60,49488
CRWD,01/23/2023,102.07,106.35,102.00,106.30,36119
CRWD,01/20/2023,100.32,103.76,99.57,103.41,39953
CRWD,01/19/2023,99.31,101.79,98.20,99.85,44867
CRWD,01/18/2023,106.75,107.40,100.90,101.00,51842
CRWD,01/17/2023,100.00,105.76,98.13,104.43,65707
CRWD,01/13/2023,96.43,99.93,96.13,99.53,40910
CRWD,01/12/2023,97.16,98.05,92.71,97.98,47262
CRWD,01/11/2023,96.61,98.50,94.88,97.00,47817
CRWD,01/10/2023,94.66,96.03,92.25,95.67,74156
CRWD,01/09/2023,97.42,99.80,95.80,96.57,63104
CRWD,01/06/2023,94.34,95.96,92.26,94.72,64785
CRWD,01/05/2023,98.00,98.01,94.51,94.89,97656
CRWD,01/04/2023,104.87,106.89,102.54,104.37,28522
CRWD,01/03/2023,107.50,108.46,101.72,103.28,33858
CRWD,12/30/2022,103.50,106.19,102.99,105.29,31016
CRWD,12/29/2022,101.43,105.51,100.47,104.57,30694
CRWD,12/28/2022,99.60,101.68,98.70,99.96,33561
CRWD,12/27/2022,101.07,102.32,99.31,100.66,28407
CRWD,12/23/2022,103.00,103.28,100.95,101.99,32895
CRWD,12/22/2022,104.66,105.67,101.87,103.97,42766
CRWD,12/21/2022,108.90,109.12,104.35,107.35,66690
CRWD,12/20/2022,107.12,110.48,106.03,109.83,32813
CRWD,12/19/2022,110.82,111.29,107.58,108.09,39743
CRWD,12/16/2022,114.16,114.92,110.76,111.50,43871
CRWD,12/15/2022,118.90,121.09,114.67,114.99,31691
CRWD,12/14/2022,121.00,123.80,118.80,120.57,38080
CRWD,12/13/2022,124.23,125.52,118.43,120.99,43839
CRWD,12/12/2022,114.76,118.58,114.40,118.54,29881
CRWD,12/09/2022,113.76,117.00,112.95,115.08,28662
CRWD,12/08/2022,113.53,116.37,111.75,114.24,41787
CRWD,12/07/2022,114.26,114.99,110.33,113.20,45952
CRWD,12/06/2022,118.34,118.80,112.99,113.83,46205
CRWD,12/05/2022,122.46,124.41,116.69,118.33,56522
CRWD,12/02/2022,121.74,125.55,120.73,124.00,88090
CRWD,12/01/2022,118.57,124.92,118.57,124.07,141525
CRWD,11/30/2022,112.33,117.81,108.89,117.65,383319
CRWD,11/29/2022,140.00,140.32,136.25,138.00,54224
CRWD,11/28/2022,139.68,141.00,136.66,139.45,33481
CRWD,11/25/2022,139.85,141.37,138.52,140.05,9979
CRWD,11/23/2022,135.58,141.62,133.84,140.89,25293
CRWD,11/22/2022,135.82,136.31,132.48,135.80,36573
CRWD,11/21/2022,137.11,137.51,134.38,135.56,28214
CRWD,11/18/2022,146.50,146.72,137.20,138.99,53049
CRWD,11/17/2022,139.62,141.37,137.87,139.23,37133
CRWD,11/16/2022,146.71,147.63,142.09,143.65,24599
CRWD,11/15/2022,148.75,151.43,146.03,148.30,38612
CRWD,11/14/2022,141.55,144.13,138.29,142.01,30008
CRWD,11/11/2022,136.75,144.83,135.34,143.12,44555
CRWD,11/10/2022,132.44,136.10,130.68,135.76,51553
CRWD,11/09/2022,124.55,124.62,120.50,122.36,35963
CRWD,11/08/2022,126.00,129.83,120.50,127.00,43693
CRWD,11/07/2022,129.83,129.90,122.90,124.68,53018
CRWD,11/04/2022,141.03,141.17,126.42,127.56,82026
CRWD,11/03/2022,146.00,146.14,139.67,141.53,39009
CRWD,11/02/2022,161.00,161.17,147.94,147.99,43331
CRWD,11/01/2022,165.00,168.48,159.54,160.53,28284
CRWD,10/31/2022,161.62,164.81,159.60,161.20,21223
CRWD,10/28/2022,162.55,164.98,158.86,163.65,18353
CRWD,10/27/2022,164.75,168.13,162.05,164.73,22774
CRWD,10/26/2022,158.05,167.36,156.79,161.77,23058
CRWD,10/25/2022,159.21,164.67,159.21,162.11,20518
CRWD,10/24/2022,158.11,158.70,154.22,157.97,19850
CRWD,10/21/2022,152.49,157.05,148.59,156.32,26903
CRWD,10/20/2022,152.10,158.45,152.10,153.88,20168
CRWD,10/19/2022,155.62,157.01,151.41,152.54,19652
CRWD,10/18/2022,158.66,161.50,154.80,156.88,36166
CRWD,10/17/2022,149.35,154.04,148.00,151.61,31148
CRWD,10/14/2022,155.80,156.54,145.83,145.98,38993
CRWD,10/13/2022,145.60,155.43,142.36,152.60,35650
CRWD,10/12/2022,154.32,155.78,149.50,152.99,29984
CRWD,10/11/2022,159.00,160.50,151.75,155.79,33603
CRWD,10/10/2022,171.74,172.46,160.29,161.08,32892
CRWD,10/07/2022,174.44,175.22,170.33,171.88,25396
CRWD,10/06/2022,178.42,181.84,176.63,178.39,25178
CRWD,10/05/2022,171.05,178.34,170.35,176.70,20787
CRWD,10/04/2022,174.69,178.69,173.00,175.07,27410
CRWD,10/03/2022,166.31,170.69,163.89,169.31,24999
CRWD,09/30/2022,166.15,171.61,164.60,164.81,25814
CRWD,09/29/2022,163.48,166.24,160.89,165.70,20953
CRWD,09/28/2022,164.11,167.90,162.57,167.25,24556
CRWD,09/27/2022,163.95,165.12,160.16,162.58,21555
CRWD,09/26/2022,159.99,165.80,159.14,159.35,27444
CRWD,09/23/2022,159.99,161.65,157.06,160.39,28636
CRWD,09/22/2022,167.04,169.13,159.67,161.28,31602
CRWD,09/21/2022,173.67,176.85,169.24,169.25,33293
CRWD,09/20/2022,173.80,175.95,172.62,173.87,21000
CRWD,09/19/2022,170.22,175.85,170.00,175.39,21673
CRWD,09/16/2022,174.52,175.20,169.39,171.01,43929
CRWD,09/15/2022,181.82,185.14,177.88,178.86,26404
CRWD,09/14/2022,184.70,185.49,181.50,184.11,25782
CRWD,09/13/2022,186.55,189.80,183.00,184.70,37436
CRWD,09/12/2022,191.28,195.29,191.25,195.10,28125
CRWD,09/09/2022,183.71,191.52,183.71,190.86,40970
CRWD,09/08/2022,170.30,179.88,169.16,179.88,31094
CRWD,09/07/2022,170.69,173.09,166.80,171.96,31379
CRWD,09/06/2022,172.45,172.69,168.62,171.15,29009
CRWD,09/02/2022,174.28,177.13,170.91,172.45,43063
CRWD,09/01/2022,178.45,180.00,169.08,172.97,68342
CRWD,08/31/2022,197.18,197.94,178.39,182.61,154385
CRWD,08/30/2022,196.00,198.14,189.12,193.30,60160
CRWD,08/29/2022,191.26,197.19,190.69,192.05,26553
CRWD,08/26/2022,202.43,202.70,194.52,194.56,35042
CRWD,08/25/2022,199.21,203.67,197.54,202.94,30079
CRWD,08/24/2022,196.48,199.41,194.59,194.62,31596
CRWD,08/23/2022,191.46,193.89,190.09,192.36,32902
CRWD,08/22/2022,186.36,188.65,184.00,185.88,23512
CRWD,08/19/2022,192.74,193.50,188.55,190.52,22334
CRWD,08/18/2022,195.59,197.25,193.81,195.76,15945
CRWD,08/17/2022,196.40,198.51,194.27,196.89,21961
CRWD,08/16/2022,200.00,201.07,195.78,200.41,28742
CRWD,08/15/2022,200.16,202.90,196.21,201.82,23817
CRWD,08/12/2022,202.93,203.00,199.03,200.87,16775
CRWD,08/11/2022,204.00,205.73,196.07,198.06,28642
CRWD,08/10/2022,194.00,201.74,193.33,200.80,37953
CRWD,08/09/2022,188.16,190.00,184.82,186.78,17477
CRWD,08/08/2022,193.25,197.48,188.91,189.52,31333
CRWD,08/05/2022,186.00,192.61,184.82,191.17,26897
CRWD,08/04/2022,192.00,192.00,182.45,189.24,49249
CRWD,08/03/2022,191.00,197.14,190.80,195.32,30700
CRWD,08/02/2022,180.52,189.64,179.52,188.14,27147
CRWD,08/01/2022,180.99,187.65,178.99,183.30,22777
CRWD,07/29/2022,182.91,184.00,178.06,183.60,25743
CRWD,07/28/2022,176.78,182.55,174.75,182.09,23292
CRWD,07/27/2022,175.03,178.71,171.50,176.96,27395
CRWD,07/26/2022,182.17,182.61,168.10,169.17,32808
CRWD,07/25/2022,182.80,184.08,178.43,182.62,16444
CRWD,07/22/2022,190.00,193.92,181.00,183.53,27860
CRWD,07/21/2022,183.55,189.24,181.61,189.00,20612
CRWD,07/20/2022,182.88,187.54,181.03,184.30,28296
CRWD,07/19/2022,179.97,180.71,174.50,180.55,23167
CRWD,07/18/2022,183.52,183.52,176.71,177.25,26605
CRWD,07/15/2022,174.07,179.22,171.13,177.90,28706
CRWD,07/14/2022,172.34,174.67,167.65,172.75,26197
CRWD,07/13/2022,171.01,178.74,168.34,174.97,28281
CRWD,07/12/2022,186.90,190.21,172.90,174.39,39972
CRWD,07/11/2022,188.01,188.38,181.05,185.37,23597
CRWD,07/08/2022,185.00,194.85,184.10,190.38,29979
CRWD,07/07/2022,185.58,192.82,185.32,190.20,34326
CRWD,07/06/2022,187.27,190.70,183.07,185.92,31592
CRWD,07/05/2022,179.37,188.97,175.72,187.02,63164
CRWD,07/01/2022,168.24,179.63,167.47,179.25,36557
CRWD,06/30/2022,173.62,174.80,163.55,168.56,41376
CRWD,06/29/2022,174.73,177.86,171.72,175.94,21978
CRWD,06/28/2022,181.44,183.93,171.71,174.19,30646
CRWD,06/27/2022,184.82,185.64,177.33,181.93,28210
CRWD,06/24/2022,177.94,188.68,177.29,184.99,56604
CRWD,06/23/2022,169.00,176.60,166.65,174.90,40508
CRWD,06/22/2022,162.61,171.67,161.90,165.71,29380
CRWD,06/21/2022,164.88,170.85,163.08,164.64,42307
CRWD,06/17/2022,158.65,165.51,157.93,163.90,39836
CRWD,06/16/2022,157.50,161.45,153.76,157.21,32448
CRWD,06/15/2022,161.33,167.50,159.27,164.35,31986
CRWD,06/14/2022,155.73,162.25,153.54,159.26,32685
CRWD,06/13/2022,158.71,160.88,150.63,154.52,55822
CRWD,06/10/2022,168.69,170.50,165.08,169.32,40761
CRWD,06/09/2022,176.50,179.58,173.41,173.55,25336
CRWD,06/08/2022,175.81,180.47,175.05,178.84,28326
CRWD,06/07/2022,166.10,181.89,165.84,176.68,57003
CRWD,06/06/2022,167.32,171.35,162.71,168.97,61410
CRWD,06/03/2022,166.50,170.82,160.69,162.10,89554
CRWD,06/02/2022,161.00,176.56,160.99,174.02,70151
CRWD,06/01/2022,163.58,168.00,158.35,161.45,49295
CRWD,05/31/2022,167.17,170.56,158.05,159.99,55066
CRWD,05/27/2022,158.89,167.36,158.67,166.82,44278
CRWD,05/26/2022,146.53,160.25,145.26,155.84,53854
CRWD,05/25/2022,138.20,148.82,137.70,146.64,43902
CRWD,05/24/2022,146.69,148.38,137.05,139.87,41964
CRWD,05/23/2022,147.62,153.97,144.87,149.27,41873
CRWD,05/20/2022,151.98,156.71,142.05,148.74,81287
CRWD,05/19/2022,138.50,148.79,136.68,142.64,41821
CRWD,05/18/2022,144.41,148.42,136.36,138.50,58822
CRWD,05/17/2022,151.33,154.87,140.80,147.27,52022
CRWD,05/16/2022,154.00,157.68,144.82,146.39,40975
CRWD,05/13/2022,143.06,157.76,143.06,156.29,59772
CRWD,05/12/2022,134.34,145.00,130.00,139.81,56116
CRWD,05/11/2022,149.00,152.75,136.82,137.40,64392
CRWD,05/10/2022,150.67,154.27,139.71,151.88,71248
CRWD,05/09/2022,159.01,160.60,142.06,143.69,92155
CRWD,05/06/2022,178.66,178.89,160.74,164.81,82564
CRWD,05/05/2022,199.02,199.04,177.17,180.98,49500
CRWD,05/04/2022,200.36,200.70,181.39,200.39,61206
CRWD,05/03/2022,203.65,207.83,195.11,199.40,30800
CRWD,05/02/2022,198.50,204.50,196.57,203.65,21786
CRWD,04/29/2022,206.61,212.19,197.80,198.76,28250
CRWD,04/28/2022,202.81,209.97,198.57,207.06,25360
CRWD,04/27/2022,200.00,206.96,198.14,201.06,25454
CRWD,04/26/2022,211.74,212.85,201.07,201.40,32609
CRWD,04/25/2022,202.84,216.50,202.02,214.58,29292
CRWD,04/22/2022,209.29,214.17,203.68,205.62,26881
CRWD,04/21/2022,223.81,227.20,207.82,209.85,31020
CRWD,04/20/2022,229.32,232.00,217.50,222.49,33759
CRWD,04/19/2022,224.99,230.76,222.30,228.66,26728
CRWD,04/18/2022,234.00,234.50,222.16,224.99,35560
CRWD,04/14/2022,238.02,239.55,235.06,235.22,42629
CRWD,04/13/2022,224.32,242.00,223.75,239.86,80742
CRWD,04/12/2022,227.35,236.18,222.33,223.51,81661
CRWD,04/11/2022,214.74,219.99,208.44,216.60,30690
CRWD,04/08/2022,221.64,227.70,215.20,218.21,66825
CRWD,04/07/2022,210.78,221.50,210.28,217.03,33757
CRWD,04/06/2022,214.02,215.59,207.20,211.22,43301
CRWD,04/05/2022,229.65,230.37,217.89,219.96,34948
CRWD,04/04/2022,228.00,230.07,225.60,229.03,29329
CRWD,04/01/2022,225.30,232.86,224.53,227.85,38680
CRWD,03/31/2022,225.24,232.35,223.03,227.08,38366
CRWD,03/30/2022,220.24,231.50,218.38,224.96,45239
CRWD,03/29/2022,224.45,225.44,213.55,223.01,42112
CRWD,03/28/2022,220.15,225.75,216.91,222.12,26614
CRWD,03/25/2022,225.00,225.75,216.70,221.95,27909
CRWD,03/24/2022,220.00,223.49,215.20,223.40,30142
CRWD,03/23/2022,213.41,223.98,210.57,219.48,45852
CRWD,03/22/2022,204.12,219.75,204.01,217.06,61635
CRWD,03/21/2022,203.05,205.49,195.50,204.13,62806
CRWD,03/18/2022,200.92,209.67,200.75,208.06,57891
CRWD,03/17/2022,189.50,205.11,186.52,204.13,63894
CRWD,03/16/2022,191.59,197.82,181.28,189.66,75460
CRWD,03/15/2022,183.50,189.04,178.16,188.64,47215
CRWD,03/14/2022,187.95,191.92,178.00,183.12,57418
CRWD,03/11/2022,190.75,197.00,189.50,190.54,75609
CRWD,03/10/2022,187.88,198.67,182.55,191.02,240102
CRWD,03/09/2022,160.97,171.08,157.67,169.79,84954
CRWD,03/08/2022,164.63,165.01,155.36,156.77,64013
CRWD,03/07/2022,180.58,182.46,165.59,167.40,49552
CRWD,03/04/2022,193.76,193.86,177.28,179.03,46048
CRWD,03/03/2022,200.00,204.80,189.08,191.02,51206
CRWD,03/02/2022,198.60,203.37,190.27,201.75,41036
CRWD,03/01/2022,201.33,205.68,195.85,197.64,68552
CRWD,02/28/2022,188.20,197.25,186.73,195.21,80379
CRWD,02/25/2022,182.00,183.70,174.26,181.75,53766
CRWD,02/24/2022,154.00,184.33,153.50,182.88,90669
CRWD,02/23/2022,170.27,171.60,161.64,161.83,33985
CRWD,02/22/2022,162.16,170.88,161.48,166.71,26417
CRWD,02/18/2022,169.31,170.98,164.12,164.93,32457
CRWD,02/17/2022,181.86,181.88,168.96,169.85,35472
CRWD,02/16/2022,186.18,186.61,180.34,183.28,26889
CRWD,02/15/2022,184.07,189.50,182.41,189.30,20168
CRWD,02/14/2022,180.25,186.62,179.91,180.60,26028
