CSL,06/23/2023,238.83,241.17,237.11,241.12,175
CSL,06/22/2023,241.56,241.56,237.97,240.83,3584
CSL,06/21/2023,239.04,242.51,237.77,241.70,3760
CSL,06/20/2023,237.94,241.55,237.35,239.56,4773
CSL,06/16/2023,241.57,242.51,237.40,239.58,9797
CSL,06/15/2023,235.58,240.83,235.58,240.48,3342
CSL,06/14/2023,238.55,240.26,234.85,236.10,3809
CSL,06/13/2023,235.78,239.53,235.78,237.57,4690
CSL,06/12/2023,232.85,237.71,231.76,235.77,3989
CSL,06/09/2023,233.42,235.26,230.00,232.66,4750
CSL,06/08/2023,231.71,234.78,229.44,233.58,3803
CSL,06/07/2023,226.35,231.85,224.92,231.60,3820
CSL,06/06/2023,224.09,228.41,223.93,226.45,4916
CSL,06/05/2023,225.00,226.88,222.59,224.53,3834
CSL,06/02/2023,219.69,227.43,218.76,225.93,3609
CSL,06/01/2023,213.51,216.67,211.45,216.50,3389
CSL,05/31/2023,215.00,215.32,210.89,212.44,7190
CSL,05/30/2023,217.48,219.00,214.41,215.87,3424
CSL,05/26/2023,215.81,218.36,214.83,216.83,3231
CSL,05/25/2023,211.38,216.02,211.38,215.30,4420
CSL,05/24/2023,210.89,212.02,207.91,211.07,3045
CSL,05/23/2023,212.06,215.06,209.66,211.47,2579
CSL,05/22/2023,212.54,214.43,210.82,213.39,2467
CSL,05/19/2023,217.19,217.42,211.94,212.31,3034
CSL,05/18/2023,210.00,215.93,208.98,215.03,2642
CSL,05/17/2023,207.03,211.24,205.89,210.31,2914
CSL,05/16/2023,211.08,211.53,205.10,205.75,4286
CSL,05/15/2023,210.73,214.08,209.27,213.45,3024
CSL,05/12/2023,208.82,210.50,206.84,210.07,3411
CSL,05/11/2023,207.03,208.54,206.09,207.64,2196
CSL,05/10/2023,212.52,213.10,207.69,208.39,3400
CSL,05/09/2023,210.90,212.63,210.51,210.81,3049
CSL,05/08/2023,213.64,213.82,210.25,211.92,2412
CSL,05/05/2023,212.56,214.14,210.88,213.58,2225
CSL,05/04/2023,212.53,214.77,209.14,209.75,5425
CSL,05/03/2023,213.18,216.99,211.36,213.12,3934
CSL,05/02/2023,215.06,215.52,208.58,211.93,3893
CSL,05/01/2023,216.10,217.93,214.47,216.44,3887
CSL,04/28/2023,210.00,221.12,208.84,215.85,8291
CSL,04/27/2023,214.49,219.73,213.29,217.65,6685
CSL,04/26/2023,211.84,216.71,211.84,212.57,4153
CSL,04/25/2023,216.75,218.22,213.19,213.59,3299
CSL,04/24/2023,219.66,220.49,216.89,217.76,3654
CSL,04/21/2023,220.30,220.30,214.85,218.85,3207
CSL,04/20/2023,218.91,220.69,218.18,220.14,3767
CSL,04/19/2023,216.84,222.00,215.35,220.77,5842
CSL,04/18/2023,216.94,218.61,215.86,217.56,3743
CSL,04/17/2023,211.79,217.49,210.91,216.87,4369
CSL,04/14/2023,210.76,211.87,209.45,210.88,3216
CSL,04/13/2023,210.60,212.98,207.76,210.79,3171
CSL,04/12/2023,213.19,215.13,210.01,210.60,3575
CSL,04/11/2023,211.07,213.50,209.75,210.76,2842
CSL,04/10/2023,205.60,211.03,205.60,210.54,4298
CSL,04/06/2023,207.15,207.88,204.29,205.60,4614
CSL,04/05/2023,209.74,209.74,203.66,206.84,7258
CSL,04/04/2023,226.24,226.88,211.37,212.23,6078
CSL,04/03/2023,226.07,228.99,225.18,225.81,4171
CSL,03/31/2023,227.44,228.65,224.86,226.07,4347
CSL,03/30/2023,225.00,227.19,224.25,225.02,4907
CSL,03/29/2023,220.64,223.01,219.38,222.75,2291
CSL,03/28/2023,217.72,220.69,217.55,218.99,2212
CSL,03/27/2023,215.24,218.30,213.50,217.43,2975
CSL,03/24/2023,211.07,213.21,206.75,212.05,5730
CSL,03/23/2023,218.14,219.80,211.61,212.96,3604
CSL,03/22/2023,223.30,224.76,217.74,217.81,5186
CSL,03/21/2023,224.15,226.25,221.05,223.26,5725
CSL,03/20/2023,220.03,222.03,218.93,221.07,6387
CSL,03/17/2023,221.53,222.32,215.70,218.21,15249
CSL,03/16/2023,217.25,225.27,215.36,224.32,7622
CSL,03/15/2023,230.76,232.63,220.84,222.63,5953
CSL,03/14/2023,241.24,243.15,234.70,237.33,4958
CSL,03/13/2023,239.10,241.35,235.39,237.23,4905
CSL,03/10/2023,255.20,255.20,241.60,243.10,5547
CSL,03/09/2023,264.21,266.74,255.47,255.62,2487
CSL,03/08/2023,260.52,265.03,260.36,263.81,2115
CSL,03/07/2023,263.86,265.44,260.09,260.49,2815
CSL,03/06/2023,265.43,268.05,262.49,264.28,2586
CSL,03/03/2023,261.98,266.76,259.49,265.44,4205
CSL,03/02/2023,256.66,260.93,254.21,260.93,2551
CSL,03/01/2023,257.64,262.21,257.17,257.94,2189
CSL,02/28/2023,258.35,262.24,257.63,258.22,3649
CSL,02/27/2023,259.39,262.42,257.98,259.02,2018
CSL,02/24/2023,254.18,260.04,253.62,257.51,3786
CSL,02/23/2023,257.58,259.15,252.91,256.69,2544
CSL,02/22/2023,259.93,260.46,255.80,256.97,3521
CSL,02/21/2023,264.00,264.65,257.34,259.73,5514
CSL,02/17/2023,259.60,267.14,258.93,266.19,4848
CSL,02/16/2023,257.01,262.04,257.01,259.85,3614
CSL,02/15/2023,256.42,262.15,256.42,260.79,3407
CSL,02/14/2023,255.80,259.11,254.67,257.03,2929
CSL,02/13/2023,256.64,258.49,255.59,257.35,3048
CSL,02/10/2023,250.87,255.64,250.81,255.64,3281
CSL,02/09/2023,253.99,263.34,253.63,253.68,4921
CSL,02/08/2023,258.80,264.39,249.74,251.24,7704
CSL,02/07/2023,245.68,250.68,242.35,250.68,5175
CSL,02/06/2023,248.07,249.76,243.01,246.73,4435
CSL,02/03/2023,254.75,256.95,249.28,250.48,3859
CSL,02/02/2023,256.50,259.72,255.96,257.29,4930
CSL,02/01/2023,250.29,257.60,249.85,255.56,2103
CSL,01/31/2023,245.50,250.86,244.36,250.86,6127
CSL,01/30/2023,246.83,250.05,244.63,244.67,2310
CSL,01/27/2023,242.63,251.32,241.26,248.47,3157
CSL,01/26/2023,242.23,245.82,240.48,243.16,2328
CSL,01/25/2023,238.61,241.64,236.93,240.74,1901
CSL,01/24/2023,241.02,243.55,239.69,240.32,2127
CSL,01/23/2023,236.98,242.86,235.51,240.29,2445
CSL,01/20/2023,234.64,236.72,233.23,235.90,1951
CSL,01/19/2023,235.58,237.78,233.37,233.92,2659
CSL,01/18/2023,237.41,242.60,236.93,237.01,2382
CSL,01/17/2023,238.62,241.24,236.96,238.17,2477
CSL,01/13/2023,239.27,241.41,238.34,239.43,2455
CSL,01/12/2023,246.99,248.30,241.61,241.93,2438
CSL,01/11/2023,240.00,246.74,239.00,246.24,4517
CSL,01/10/2023,237.38,239.16,235.51,238.85,2444
CSL,01/09/2023,238.00,239.18,236.06,237.64,2115
CSL,01/06/2023,231.09,237.71,230.41,236.63,2753
CSL,01/05/2023,236.97,238.01,229.78,229.89,3735
CSL,01/04/2023,235.98,238.32,232.52,238.24,4160
CSL,01/03/2023,237.61,238.42,232.64,234.29,3166
CSL,12/30/2022,236.11,236.82,233.29,235.65,2101
CSL,12/29/2022,237.49,239.44,236.11,237.53,1811
CSL,12/28/2022,239.33,240.11,235.16,235.84,1726
CSL,12/27/2022,237.41,240.11,236.15,238.21,1565
CSL,12/23/2022,236.45,238.25,235.85,237.89,1199
CSL,12/22/2022,236.92,237.79,233.68,237.00,2163
CSL,12/21/2022,237.59,240.82,235.47,239.11,3128
CSL,12/20/2022,237.01,239.07,235.83,236.35,2651
CSL,12/19/2022,238.99,241.58,235.29,237.31,3114
CSL,12/16/2022,242.53,246.24,237.24,238.99,5326
CSL,12/15/2022,246.70,248.27,240.95,244.70,6135
CSL,12/14/2022,252.72,255.21,247.72,249.32,3207
CSL,12/13/2022,256.92,259.20,251.26,253.54,4161
CSL,12/12/2022,247.79,252.65,246.52,251.99,3783
CSL,12/09/2022,250.76,253.08,247.67,248.33,3432
CSL,12/08/2022,251.17,252.67,250.07,251.82,3020
CSL,12/07/2022,251.28,256.25,250.38,250.96,2782
CSL,12/06/2022,255.94,258.48,250.14,252.05,2829
CSL,12/05/2022,258.17,258.17,253.85,255.72,3463
CSL,12/02/2022,259.23,261.85,258.18,259.73,3482
CSL,12/01/2022,265.15,266.40,261.32,262.10,3595
CSL,11/30/2022,255.16,263.20,253.04,263.11,6577
CSL,11/29/2022,255.32,256.81,252.16,255.53,4428
CSL,11/28/2022,255.77,261.70,255.00,257.25,5627
CSL,11/25/2022,255.80,262.60,255.79,258.32,2532
CSL,11/23/2022,256.32,260.16,255.19,255.63,2641
CSL,11/22/2022,256.53,262.19,253.61,255.56,5196
CSL,11/21/2022,248.63,256.81,247.53,255.67,5781
CSL,11/18/2022,249.68,252.16,246.36,250.75,5241
CSL,11/17/2022,242.81,246.74,238.83,246.74,8724
CSL,11/16/2022,240.05,245.94,239.83,245.01,4642
CSL,11/15/2022,245.36,247.64,239.34,242.06,7986
CSL,11/14/2022,238.19,247.50,237.06,240.93,6651
CSL,11/11/2022,243.42,243.42,234.78,237.50,7540
CSL,11/10/2022,237.09,242.70,235.01,242.64,6880
CSL,11/09/2022,228.10,232.76,227.04,229.70,7052
CSL,11/08/2022,229.39,232.15,227.09,229.73,4492
CSL,11/07/2022,226.89,228.24,222.19,227.85,6185
CSL,11/04/2022,232.21,232.21,223.82,225.57,7653
CSL,11/03/2022,230.01,233.75,222.01,227.85,7382
CSL,11/02/2022,236.99,242.19,231.63,232.69,7425
CSL,11/01/2022,242.25,244.29,234.13,237.35,8023
CSL,10/31/2022,239.44,243.03,235.01,238.80,11024
CSL,10/28/2022,252.00,263.43,222.89,239.41,21807
CSL,10/27/2022,282.19,285.04,279.50,282.98,5295
CSL,10/26/2022,281.77,284.05,274.71,279.80,3676
CSL,10/25/2022,275.99,282.28,275.99,282.01,5181
CSL,10/24/2022,275.90,279.25,274.67,277.16,4121
CSL,10/21/2022,271.60,275.88,269.78,273.88,7354
CSL,10/20/2022,285.16,285.32,269.11,270.26,10123
CSL,10/19/2022,290.68,293.78,285.67,285.96,4619
CSL,10/18/2022,298.19,301.71,290.38,293.45,3657
CSL,10/17/2022,285.69,292.88,285.69,291.58,3220
CSL,10/14/2022,297.64,298.63,280.76,281.62,3252
CSL,10/13/2022,283.77,294.37,280.03,293.63,2785
CSL,10/12/2022,293.60,293.60,287.29,288.12,3549
CSL,10/11/2022,290.76,296.43,290.76,293.49,3151
CSL,10/10/2022,294.12,295.86,290.70,291.70,2188
CSL,10/07/2022,295.86,297.33,291.16,292.45,4132
CSL,10/06/2022,296.71,301.50,296.63,298.43,3174
CSL,10/05/2022,293.37,299.44,293.15,297.49,3100
CSL,10/04/2022,292.47,297.33,292.47,296.47,4425
CSL,10/03/2022,285.90,291.13,282.56,289.73,3737
CSL,09/30/2022,280.95,285.65,278.95,280.41,5935
CSL,09/29/2022,279.17,280.55,275.09,280.41,3768
CSL,09/28/2022,276.91,283.20,274.74,281.49,4046
CSL,09/27/2022,277.33,279.29,269.73,274.52,3009
CSL,09/26/2022,272.54,276.69,272.04,273.69,4338
CSL,09/23/2022,275.37,275.67,269.75,273.41,5167
CSL,09/22/2022,284.99,285.24,278.74,278.94,4370
CSL,09/21/2022,293.00,293.65,284.47,284.81,5367
CSL,09/20/2022,294.17,295.01,288.20,289.59,8489
CSL,09/19/2022,288.22,298.08,287.77,296.62,4848
CSL,09/16/2022,296.57,297.15,289.06,291.30,6138
CSL,09/15/2022,302.01,305.01,300.10,301.23,3574
CSL,09/14/2022,302.36,305.12,299.40,302.70,2760
CSL,09/13/2022,305.77,308.25,300.10,301.47,4764
CSL,09/12/2022,309.18,314.23,309.18,311.92,3791
CSL,09/09/2022,309.14,310.75,308.05,308.73,3035
CSL,09/08/2022,301.43,307.95,300.00,307.55,4648
CSL,09/07/2022,298.00,303.26,297.11,302.80,4603
CSL,09/06/2022,296.43,299.99,294.69,297.94,6228
CSL,09/02/2022,302.16,304.30,294.49,295.96,2893
CSL,09/01/2022,292.85,299.40,291.61,298.96,6561
CSL,08/31/2022,297.96,298.83,294.40,295.66,29898
CSL,08/30/2022,303.32,304.96,294.55,295.41,4437
CSL,08/29/2022,301.43,304.83,300.39,302.44,3619
CSL,08/26/2022,314.74,315.42,304.53,304.95,3715
CSL,08/25/2022,311.00,315.46,310.01,315.24,3007
CSL,08/24/2022,308.95,310.20,307.52,309.44,4021
CSL,08/23/2022,307.92,311.89,306.90,307.48,3541
CSL,08/22/2022,308.63,310.84,305.52,307.33,4411
CSL,08/19/2022,314.22,315.46,310.32,312.27,3858
CSL,08/18/2022,314.28,317.76,313.23,315.80,3389
CSL,08/17/2022,311.69,315.18,310.70,314.07,3955
CSL,08/16/2022,314.17,318.71,313.40,315.59,4146
CSL,08/15/2022,310.02,317.33,309.46,316.14,4796
CSL,08/12/2022,311.49,315.07,309.47,312.51,4661
CSL,08/11/2022,308.67,315.00,308.62,311.27,3186
CSL,08/10/2022,304.13,310.57,304.13,307.11,4906
CSL,08/09/2022,301.53,304.19,300.12,301.20,4065
CSL,08/08/2022,300.68,304.69,299.74,302.70,4066
CSL,08/05/2022,286.90,301.01,286.80,300.61,5700
CSL,08/04/2022,287.28,291.47,286.15,289.05,5065
CSL,08/03/2022,291.95,292.19,287.40,287.95,4998
CSL,08/02/2022,293.57,294.68,289.28,290.55,2745
CSL,08/01/2022,295.37,295.89,292.43,293.48,6158
CSL,07/29/2022,290.00,297.34,288.87,296.10,8967
CSL,07/28/2022,281.00,290.74,276.60,287.60,8922
CSL,07/27/2022,269.99,272.37,265.35,271.55,6904
CSL,07/26/2022,267.49,269.55,265.41,269.05,2781
CSL,07/25/2022,266.20,268.86,263.52,267.35,3961
CSL,07/22/2022,267.53,269.61,264.77,266.00,2340
CSL,07/21/2022,262.26,267.68,261.49,267.41,3261
CSL,07/20/2022,262.75,265.00,260.31,263.74,2536
CSL,07/19/2022,254.72,263.46,254.00,263.26,6166
CSL,07/18/2022,255.82,259.75,250.89,251.93,2235
CSL,07/15/2022,252.89,258.22,250.79,255.01,3619
CSL,07/14/2022,248.66,250.51,245.49,250.35,4621
CSL,07/13/2022,250.09,253.99,247.02,252.41,1981
CSL,07/12/2022,251.15,258.02,251.15,252.78,2832
CSL,07/11/2022,248.00,251.93,247.76,251.58,2053
CSL,07/08/2022,248.55,250.56,245.53,249.32,1904
CSL,07/07/2022,249.19,252.42,249.19,249.55,3102
CSL,07/06/2022,246.89,249.58,243.24,247.73,2969
CSL,07/05/2022,239.25,246.62,236.43,246.43,3276
CSL,07/01/2022,237.65,242.33,236.60,241.20,3012
CSL,06/30/2022,236.73,240.67,232.99,238.61,3934
CSL,06/29/2022,240.77,240.77,235.06,239.72,2251
CSL,06/28/2022,248.52,250.77,238.49,239.75,2906
CSL,06/27/2022,241.98,247.90,238.60,246.92,3740
CSL,06/24/2022,233.16,241.06,231.18,240.14,7914
CSL,06/23/2022,239.81,242.07,229.55,231.39,4756
CSL,06/22/2022,231.37,240.54,230.26,237.61,3940
CSL,06/21/2022,237.73,237.79,232.05,234.41,3481
CSL,06/17/2022,233.77,237.96,230.61,234.56,5879
CSL,06/16/2022,243.13,243.13,231.34,233.35,2876
CSL,06/15/2022,247.80,251.37,244.73,248.59,2939
CSL,06/14/2022,243.89,249.84,242.28,245.26,3165
CSL,06/13/2022,248.52,250.91,244.05,245.02,2824
CSL,06/10/2022,259.32,260.46,256.25,256.87,2413
CSL,06/09/2022,265.19,270.46,263.43,263.61,2887
CSL,06/08/2022,270.21,270.82,266.41,266.77,2201
CSL,06/07/2022,265.66,272.58,264.09,272.20,2717
CSL,06/06/2022,266.13,268.08,263.88,267.14,1971
CSL,06/03/2022,260.03,264.69,258.58,264.14,2339
CSL,06/02/2022,255.89,262.69,253.46,262.16,2951
CSL,06/01/2022,256.05,256.05,248.93,255.22,2631
CSL,05/31/2022,251.90,256.52,248.46,254.43,4888
CSL,05/27/2022,253.01,255.39,251.96,253.59,2352
CSL,05/26/2022,248.67,251.78,248.04,251.00,2521
CSL,05/25/2022,242.15,247.75,241.31,245.43,2345
CSL,05/24/2022,247.60,248.59,241.28,243.62,2987
CSL,05/23/2022,246.03,250.00,242.84,248.86,3167
CSL,05/20/2022,249.27,251.03,237.48,241.95,2802
CSL,05/19/2022,243.85,251.31,241.98,248.28,2385
CSL,05/18/2022,256.83,258.39,245.85,246.36,2406
CSL,05/17/2022,253.44,257.77,250.08,257.61,3218
CSL,05/16/2022,244.35,252.16,241.22,249.71,3047
CSL,05/13/2022,245.31,248.66,243.64,245.65,2925
CSL,05/12/2022,241.50,247.49,239.11,244.01,3085
CSL,05/11/2022,246.31,252.17,241.33,241.81,3821
CSL,05/10/2022,253.93,254.81,245.62,246.77,5392
CSL,05/09/2022,260.09,263.05,250.18,251.19,3683
CSL,05/06/2022,259.56,263.32,256.40,262.90,4330
CSL,05/05/2022,269.75,270.54,259.68,262.09,4100
CSL,05/04/2022,266.58,275.13,264.68,272.84,5132
CSL,05/03/2022,261.70,268.32,259.84,266.00,4089
CSL,05/02/2022,258.89,261.43,252.64,259.51,4956
CSL,04/29/2022,269.00,271.49,256.95,259.36,11327
CSL,04/28/2022,245.37,252.14,241.76,249.93,5807
CSL,04/27/2022,245.21,247.57,243.38,244.22,3683
CSL,04/26/2022,248.41,252.57,244.89,244.92,2766
CSL,04/25/2022,245.57,250.97,239.26,250.30,2947
CSL,04/22/2022,254.16,254.16,246.47,246.57,3420
CSL,04/21/2022,260.74,262.67,253.11,254.52,3014
CSL,04/20/2022,254.98,260.69,254.98,259.46,2595
CSL,04/19/2022,243.86,253.69,243.51,252.94,2720
CSL,04/18/2022,243.67,246.11,242.20,243.38,2238
CSL,04/14/2022,247.46,249.02,243.64,244.29,2288
CSL,04/13/2022,244.64,247.37,243.03,245.78,2091
CSL,04/12/2022,244.60,250.06,242.80,244.31,5240
CSL,04/11/2022,234.59,241.48,234.59,241.04,3677
CSL,04/08/2022,235.92,240.29,233.93,236.07,2461
CSL,04/07/2022,233.55,237.26,233.01,235.00,3320
CSL,04/06/2022,237.88,238.37,233.03,234.69,5128
CSL,04/05/2022,245.86,248.70,239.46,240.37,5480
CSL,04/04/2022,250.58,252.02,247.82,247.91,3564
CSL,04/01/2022,246.98,251.39,244.44,250.19,6142
CSL,03/31/2022,249.38,252.89,245.92,245.92,4893
CSL,03/30/2022,253.64,254.48,249.12,250.36,2509
CSL,03/29/2022,250.72,255.00,250.72,253.27,3316
CSL,03/28/2022,247.98,249.59,245.90,248.87,1689
CSL,03/25/2022,247.53,248.30,244.43,247.31,3541
CSL,03/24/2022,244.78,247.50,244.01,246.61,2394
CSL,03/23/2022,248.50,248.85,244.45,244.46,2540
CSL,03/22/2022,247.49,250.86,246.36,249.03,3586
CSL,03/21/2022,245.74,248.21,244.85,246.84,2329
CSL,03/18/2022,246.64,248.79,242.93,245.71,6453
CSL,03/17/2022,244.87,249.20,244.12,249.06,2605
CSL,03/16/2022,240.13,247.63,240.13,246.48,3574
CSL,03/15/2022,235.58,239.54,234.00,238.58,3710
CSL,03/14/2022,233.39,236.61,231.03,233.75,5256
CSL,03/11/2022,231.54,233.75,230.01,232.01,3568
CSL,03/10/2022,222.11,230.24,222.11,229.52,3466
CSL,03/09/2022,221.00,228.23,220.50,225.33,3508
CSL,03/08/2022,225.98,227.15,217.92,217.93,3772
CSL,03/07/2022,232.10,232.63,224.77,225.00,4251
CSL,03/04/2022,235.15,237.27,231.45,232.22,3027
CSL,03/03/2022,236.77,240.06,235.84,238.59,2656
CSL,03/02/2022,232.04,237.81,230.83,236.34,4444
CSL,03/01/2022,237.77,237.77,230.06,231.65,4247
CSL,02/28/2022,236.10,240.34,234.75,237.40,5444
CSL,02/25/2022,232.67,240.62,232.30,240.23,2586
CSL,02/24/2022,225.25,231.37,222.38,230.71,2396
CSL,02/23/2022,234.14,234.14,228.53,228.68,3906
CSL,02/22/2022,232.92,235.39,230.05,232.45,2014
CSL,02/18/2022,235.49,238.21,233.91,234.06,2770
CSL,02/17/2022,235.93,236.60,233.32,235.18,2085
CSL,02/16/2022,235.69,240.65,235.69,238.76,2278
CSL,02/15/2022,232.84,238.88,232.84,237.43,3146
CSL,02/14/2022,227.45,232.39,227.25,229.42,3505
