CTSH,06/23/2023,61.89,61.94,61.39,61.92,4668
CTSH,06/22/2023,62.75,62.75,61.23,62.60,39962
CTSH,06/21/2023,64.49,64.49,63.14,63.18,36217
CTSH,06/20/2023,65.00,65.33,64.41,64.64,21333
CTSH,06/16/2023,64.49,65.57,64.29,65.08,50203
CTSH,06/15/2023,63.62,65.00,63.58,64.74,26258
CTSH,06/14/2023,64.21,64.86,63.60,63.71,28235
CTSH,06/13/2023,63.81,64.34,63.69,64.23,36104
CTSH,06/12/2023,62.05,63.48,62.03,63.32,37823
CTSH,06/09/2023,62.02,62.40,61.74,62.05,27626
CTSH,06/08/2023,62.77,62.77,61.89,62.30,25672
CTSH,06/07/2023,62.05,62.69,62.05,62.60,20295
CTSH,06/06/2023,61.36,62.32,61.31,62.17,22574
CTSH,06/05/2023,62.82,63.00,61.12,61.30,53281
CTSH,06/02/2023,63.00,63.95,62.54,63.76,35405
CTSH,06/01/2023,62.49,62.63,61.77,62.19,27395
CTSH,05/31/2023,61.85,62.96,61.76,62.49,45100
CTSH,05/30/2023,63.03,63.30,61.84,62.45,26293
CTSH,05/26/2023,62.16,63.07,62.16,62.88,21374
CTSH,05/25/2023,62.60,62.64,61.92,62.16,20013
CTSH,05/24/2023,63.00,63.17,62.44,62.61,23879
CTSH,05/23/2023,63.81,64.05,63.14,63.30,27650
CTSH,05/22/2023,63.01,64.21,62.93,64.01,31130
CTSH,05/19/2023,63.73,63.88,62.96,63.01,30674
CTSH,05/18/2023,62.47,63.67,62.03,63.62,37012
CTSH,05/17/2023,62.21,63.08,62.13,62.76,37390
CTSH,05/16/2023,62.71,62.71,61.89,61.98,35855
CTSH,05/15/2023,61.82,62.78,61.77,62.76,36351
CTSH,05/12/2023,62.06,62.34,61.31,61.66,40161
CTSH,05/11/2023,62.18,62.35,61.58,61.88,28408
CTSH,05/10/2023,62.17,62.74,61.61,62.56,28656
CTSH,05/09/2023,60.77,61.66,60.26,61.63,46722
CTSH,05/08/2023,63.30,63.49,61.31,61.64,45707
CTSH,05/05/2023,63.17,63.91,62.84,63.29,37089
CTSH,05/04/2023,62.20,65.43,62.05,62.86,68347
CTSH,05/03/2023,59.87,60.04,58.81,58.88,34380
CTSH,05/02/2023,59.86,59.96,58.47,59.38,25301
CTSH,05/01/2023,59.68,59.98,59.16,59.84,28888
CTSH,04/28/2023,59.36,59.81,59.28,59.71,32476
CTSH,04/27/2023,58.74,59.27,58.63,59.21,39204
CTSH,04/26/2023,58.58,58.94,58.09,58.40,25430
CTSH,04/25/2023,59.23,59.43,58.43,58.46,27633
CTSH,04/24/2023,59.56,59.83,59.22,59.50,19589
CTSH,04/21/2023,60.11,60.11,59.22,59.49,42272
CTSH,04/20/2023,59.87,60.32,59.41,59.97,25623
CTSH,04/19/2023,60.52,61.09,59.70,60.25,30827
CTSH,04/18/2023,61.32,61.35,60.39,61.12,29456
CTSH,04/17/2023,60.05,60.76,59.87,60.75,27719
CTSH,04/14/2023,60.40,60.58,59.51,60.04,36450
CTSH,04/13/2023,58.90,60.77,58.23,60.61,51956
CTSH,04/12/2023,61.97,62.07,60.14,60.28,34492
CTSH,04/11/2023,61.04,62.00,60.91,61.69,18238
CTSH,04/10/2023,60.08,61.12,59.85,61.11,16867
CTSH,04/06/2023,60.39,60.89,60.20,60.42,29264
CTSH,04/05/2023,60.46,61.17,60.24,60.66,34932
CTSH,04/04/2023,61.41,61.56,59.84,60.67,35583
CTSH,04/03/2023,60.77,61.41,60.57,61.37,30549
CTSH,03/31/2023,60.00,61.03,59.95,60.93,27370
CTSH,03/30/2023,60.00,60.21,59.39,59.81,23908
CTSH,03/29/2023,59.70,59.74,59.27,59.51,26874
CTSH,03/28/2023,58.86,59.18,58.57,58.95,13124
CTSH,03/27/2023,59.00,59.49,58.81,59.01,29392
CTSH,03/24/2023,57.77,58.68,57.24,58.65,32044
CTSH,03/23/2023,58.01,59.17,57.72,58.16,35231
CTSH,03/22/2023,59.09,59.25,57.40,57.44,34678
CTSH,03/21/2023,59.31,59.60,58.80,59.18,34888
CTSH,03/20/2023,57.89,58.89,57.88,58.70,36349
CTSH,03/17/2023,58.44,58.67,57.60,57.79,62279
CTSH,03/16/2023,56.66,58.53,56.59,58.40,51337
CTSH,03/15/2023,57.64,57.83,56.45,57.07,45952
CTSH,03/14/2023,58.90,59.59,57.92,58.44,44843
CTSH,03/13/2023,59.92,60.08,57.88,57.98,68914
CTSH,03/10/2023,60.95,61.13,60.06,60.38,79393
CTSH,03/09/2023,61.56,61.89,60.65,60.91,52084
CTSH,03/08/2023,61.59,61.96,61.19,61.53,31857
CTSH,03/07/2023,62.56,62.68,61.19,61.42,23516
CTSH,03/06/2023,62.86,63.72,62.47,62.61,31809
CTSH,03/03/2023,62.73,62.89,62.21,62.54,18243
CTSH,03/02/2023,62.09,62.65,61.85,62.53,28155
CTSH,03/01/2023,62.58,62.86,61.90,62.37,30162
CTSH,02/28/2023,63.29,63.43,62.48,62.63,34862
CTSH,02/27/2023,64.56,64.63,63.32,63.50,24689
CTSH,02/24/2023,63.58,63.96,63.13,63.83,22334
CTSH,02/23/2023,64.67,64.95,63.50,64.29,40908
CTSH,02/22/2023,64.75,65.14,64.18,64.44,40125
CTSH,02/21/2023,64.61,64.89,63.77,64.66,36623
CTSH,02/17/2023,66.06,66.18,65.07,65.48,26435
CTSH,02/16/2023,66.18,67.20,65.87,66.36,29433
CTSH,02/15/2023,66.85,67.33,66.60,67.13,30835
CTSH,02/14/2023,67.59,67.71,66.00,67.41,35406
CTSH,02/13/2023,66.65,68.01,66.40,67.83,43207
CTSH,02/10/2023,65.98,66.75,65.48,66.72,32155
CTSH,02/09/2023,66.70,67.65,66.26,66.63,51073
CTSH,02/08/2023,67.14,67.39,66.23,66.30,37753
CTSH,02/07/2023,66.49,67.82,66.15,67.52,39996
CTSH,02/06/2023,67.50,68.38,66.63,66.83,46230
CTSH,02/03/2023,66.02,69.44,65.99,68.22,72332
CTSH,02/02/2023,69.48,70.86,69.25,70.66,57374
CTSH,02/01/2023,66.37,69.29,66.17,68.84,56578
CTSH,01/31/2023,65.20,66.78,65.07,66.75,40271
CTSH,01/30/2023,65.04,65.90,64.95,65.27,52590
CTSH,01/27/2023,64.66,65.84,64.27,65.71,34606
CTSH,01/26/2023,64.66,64.72,63.69,64.66,31193
CTSH,01/25/2023,63.21,64.24,62.86,64.14,38846
CTSH,01/24/2023,63.97,64.52,63.66,63.92,30154
CTSH,01/23/2023,63.03,64.49,62.50,64.24,37542
CTSH,01/20/2023,61.86,63.08,61.39,62.74,87119
CTSH,01/19/2023,60.65,61.71,60.29,61.37,42777
CTSH,01/18/2023,63.00,63.28,60.84,60.99,55215
CTSH,01/17/2023,63.96,64.06,62.88,62.96,47547
CTSH,01/13/2023,64.54,65.10,63.71,64.06,48729
CTSH,01/12/2023,62.20,67.41,62.11,65.10,115673
CTSH,01/11/2023,61.69,62.21,61.03,61.50,42811
CTSH,01/10/2023,60.55,61.25,59.78,61.21,61970
CTSH,01/09/2023,58.67,61.15,58.56,60.86,59828
CTSH,01/06/2023,57.94,59.92,57.83,59.75,42295
CTSH,01/05/2023,57.00,57.63,56.78,57.57,26123
CTSH,01/04/2023,58.24,58.63,57.62,58.06,28979
CTSH,01/03/2023,57.64,58.10,57.06,57.59,22693
CTSH,12/30/2022,56.63,57.22,56.32,57.19,38624
CTSH,12/29/2022,56.21,57.36,56.06,57.13,46235
CTSH,12/28/2022,56.63,56.91,55.48,55.58,48744
CTSH,12/27/2022,55.97,56.58,55.58,56.48,24711
CTSH,12/23/2022,55.35,56.06,54.99,56.02,20997
CTSH,12/22/2022,55.07,55.48,54.25,55.46,32430
CTSH,12/21/2022,55.44,56.13,55.39,55.63,31381
CTSH,12/20/2022,54.67,55.60,54.59,55.04,36022
CTSH,12/19/2022,55.64,55.99,54.81,54.98,27734
CTSH,12/16/2022,55.82,55.97,54.95,55.56,76456
CTSH,12/15/2022,56.79,57.28,55.61,56.35,44841
CTSH,12/14/2022,59.21,59.75,57.70,58.23,41379
CTSH,12/13/2022,61.48,61.63,58.85,59.18,45847
CTSH,12/12/2022,58.18,59.36,57.78,59.04,73546
CTSH,12/09/2022,59.10,59.19,57.56,58.34,62163
CTSH,12/08/2022,59.24,59.81,58.95,59.30,38729
CTSH,12/07/2022,59.94,60.11,59.21,59.40,20083
CTSH,12/06/2022,60.31,60.66,59.05,59.64,23352
CTSH,12/05/2022,61.76,62.05,60.32,60.45,33576
CTSH,12/02/2022,61.74,62.88,61.54,62.39,28924
CTSH,12/01/2022,62.62,63.58,62.29,62.62,24876
CTSH,11/30/2022,59.57,62.34,59.38,62.21,38109
CTSH,11/29/2022,59.92,60.52,59.38,59.62,21201
CTSH,11/28/2022,60.52,61.18,60.00,60.10,34163
CTSH,11/25/2022,60.18,61.28,60.13,60.92,15488
CTSH,11/23/2022,59.06,60.31,59.02,60.03,31144
CTSH,11/22/2022,58.57,59.37,58.34,59.23,27126
CTSH,11/21/2022,59.66,59.76,57.96,58.20,26117
CTSH,11/18/2022,60.23,60.53,59.28,59.97,35319
CTSH,11/17/2022,58.04,60.01,58.00,59.47,46595
CTSH,11/16/2022,59.85,59.93,59.20,59.41,61579
CTSH,11/15/2022,59.15,60.02,58.60,59.96,55456
CTSH,11/14/2022,58.12,58.86,58.02,58.08,48793
CTSH,11/11/2022,57.48,58.77,57.38,58.42,34952
CTSH,11/10/2022,56.12,57.41,55.20,57.29,51852
CTSH,11/09/2022,52.91,54.45,52.74,54.02,50182
CTSH,11/08/2022,54.08,54.58,52.73,53.22,36208
CTSH,11/07/2022,52.92,53.85,52.48,53.75,48733
CTSH,11/04/2022,52.66,53.51,51.44,52.63,50695
CTSH,11/03/2022,51.97,53.74,51.33,51.96,80836
CTSH,11/02/2022,62.37,62.84,60.21,60.26,38692
CTSH,11/01/2022,62.66,63.01,62.05,62.53,21087
CTSH,10/31/2022,62.43,62.64,61.84,62.25,35863
CTSH,10/28/2022,61.87,63.09,61.83,63.02,27794
CTSH,10/27/2022,61.86,62.22,61.45,61.82,22405
CTSH,10/26/2022,61.34,62.83,61.31,61.65,21400
CTSH,10/25/2022,60.62,61.52,60.56,61.48,30995
CTSH,10/24/2022,60.75,61.26,60.24,60.76,35633
CTSH,10/21/2022,59.11,60.48,58.83,60.28,76618
CTSH,10/20/2022,60.03,61.15,59.63,59.78,30552
CTSH,10/19/2022,60.25,60.68,59.22,59.81,23165
CTSH,10/18/2022,61.06,61.82,60.26,60.72,34902
CTSH,10/17/2022,59.79,60.32,59.44,59.88,34043
CTSH,10/14/2022,59.18,59.61,58.31,58.60,31189
CTSH,10/13/2022,55.61,59.29,55.40,58.95,52072
CTSH,10/12/2022,57.28,57.39,56.73,56.75,25090
CTSH,10/11/2022,57.77,58.03,56.94,57.22,29084
CTSH,10/10/2022,59.05,59.12,57.82,58.15,28667
CTSH,10/07/2022,59.15,59.15,58.05,58.49,35609
CTSH,10/06/2022,60.36,60.44,59.45,59.71,27561
CTSH,10/05/2022,60.06,61.15,59.72,60.63,46073
CTSH,10/04/2022,59.93,61.01,59.66,60.66,49272
CTSH,10/03/2022,58.24,59.60,57.63,59.03,45643
CTSH,09/30/2022,58.55,58.92,57.42,57.44,36653
CTSH,09/29/2022,58.68,58.91,57.67,58.45,44430
CTSH,09/28/2022,58.15,59.60,57.70,59.26,44531
CTSH,09/27/2022,59.10,59.64,57.68,57.97,27534
CTSH,09/26/2022,58.68,59.40,58.38,58.69,27306
CTSH,09/23/2022,59.43,59.56,58.13,58.85,29264
CTSH,09/22/2022,59.97,60.54,59.63,59.80,37903
CTSH,09/21/2022,62.36,62.81,60.06,60.08,39256
CTSH,09/20/2022,62.72,62.90,61.60,61.96,20929
CTSH,09/19/2022,61.76,63.47,61.68,63.21,35363
CTSH,09/16/2022,61.53,62.64,60.84,62.20,59379
CTSH,09/15/2022,61.81,63.23,61.73,62.04,28262
CTSH,09/14/2022,62.93,62.93,61.72,62.03,30297
CTSH,09/13/2022,64.42,65.08,62.58,62.83,35481
CTSH,09/12/2022,66.11,66.59,65.98,66.32,17867
CTSH,09/09/2022,64.72,65.69,64.53,65.51,22611
CTSH,09/08/2022,63.07,64.36,62.94,64.35,24980
CTSH,09/07/2022,62.47,63.96,62.31,63.67,21591
CTSH,09/06/2022,62.48,62.62,61.59,62.22,26603
CTSH,09/02/2022,63.98,64.09,62.05,62.33,17196
CTSH,09/01/2022,62.74,63.48,62.20,63.44,20847
CTSH,08/31/2022,64.66,65.07,63.15,63.17,25969
CTSH,08/30/2022,64.40,64.66,63.62,64.21,33843
CTSH,08/29/2022,64.33,64.95,64.16,64.26,24022
CTSH,08/26/2022,67.11,67.15,64.58,64.70,21973
CTSH,08/25/2022,66.21,67.04,66.09,67.03,17724
CTSH,08/24/2022,65.99,66.20,65.50,65.98,23239
CTSH,08/23/2022,66.79,66.97,66.00,66.02,15632
CTSH,08/22/2022,68.05,68.11,66.51,66.91,18088
CTSH,08/19/2022,68.78,68.96,68.20,68.60,21251
CTSH,08/18/2022,68.63,69.31,68.35,69.13,17286
CTSH,08/17/2022,69.44,69.81,68.75,68.90,24738
CTSH,08/16/2022,69.54,70.41,69.30,69.94,27705
CTSH,08/15/2022,69.48,70.21,69.40,69.70,20086
CTSH,08/12/2022,69.01,69.97,69.01,69.78,33274
CTSH,08/11/2022,69.36,69.51,68.47,68.72,28413
CTSH,08/10/2022,69.27,69.69,68.75,69.04,27209
CTSH,08/09/2022,68.61,68.75,67.98,68.11,19012
CTSH,08/08/2022,69.09,69.66,68.42,68.82,21113
CTSH,08/05/2022,67.87,68.78,67.38,68.72,19080
CTSH,08/04/2022,68.74,69.12,68.07,68.74,32447
CTSH,08/03/2022,68.10,69.09,67.75,68.73,29449
CTSH,08/02/2022,67.62,68.11,66.36,67.57,33657
CTSH,08/01/2022,67.76,68.81,67.52,67.62,44474
CTSH,07/29/2022,67.21,68.00,66.74,67.96,57134
CTSH,07/28/2022,65.37,67.84,65.04,66.83,53299
CTSH,07/27/2022,68.41,70.54,68.21,70.30,42935
CTSH,07/26/2022,67.85,68.58,67.58,68.07,27472
CTSH,07/25/2022,69.28,69.33,67.76,68.22,24850
CTSH,07/22/2022,69.05,69.58,68.71,69.10,35410
CTSH,07/21/2022,68.19,69.01,67.93,68.98,21526
CTSH,07/20/2022,67.57,68.22,67.13,68.12,24296
CTSH,07/19/2022,66.10,67.51,65.70,67.42,31644
CTSH,07/18/2022,66.22,66.62,64.86,65.10,26179
CTSH,07/15/2022,65.45,65.91,64.72,65.86,59413
CTSH,07/14/2022,64.01,64.69,63.26,64.46,31131
CTSH,07/13/2022,64.28,65.35,63.81,65.04,35172
CTSH,07/12/2022,65.94,66.48,64.75,65.15,33873
CTSH,07/11/2022,66.43,66.45,65.14,65.70,33391
CTSH,07/08/2022,67.60,67.67,66.48,67.02,31682
CTSH,07/07/2022,68.23,68.40,66.69,67.58,35505
CTSH,07/06/2022,68.46,68.77,67.68,68.02,25666
CTSH,07/05/2022,67.44,67.77,66.09,67.72,29170
CTSH,07/01/2022,67.43,68.23,66.72,68.03,19020
CTSH,06/30/2022,67.57,68.32,67.05,67.49,26572
CTSH,06/29/2022,68.34,68.78,67.76,68.48,19771
CTSH,06/28/2022,69.97,70.44,68.02,68.11,25716
CTSH,06/27/2022,70.51,70.67,69.43,69.91,24322
CTSH,06/24/2022,68.15,70.32,68.00,70.26,29272
CTSH,06/23/2022,67.76,68.24,66.84,67.38,31538
CTSH,06/22/2022,66.98,68.06,66.68,67.48,29659
CTSH,06/21/2022,67.96,68.37,67.18,67.75,32222
CTSH,06/17/2022,66.06,67.00,65.43,66.50,47392
CTSH,06/16/2022,67.10,67.25,65.24,65.79,33818
CTSH,06/15/2022,68.54,69.47,67.46,68.49,24793
CTSH,06/14/2022,68.28,68.42,67.15,67.87,22761
CTSH,06/13/2022,68.39,69.82,67.45,67.89,43289
CTSH,06/10/2022,69.56,70.57,68.93,69.91,33409
CTSH,06/09/2022,72.89,73.21,70.74,70.77,21647
CTSH,06/08/2022,73.72,74.18,72.75,73.11,15908
CTSH,06/07/2022,73.21,74.28,72.98,74.09,18432
CTSH,06/06/2022,74.25,74.54,73.51,73.88,19217
CTSH,06/03/2022,74.44,74.46,73.20,73.56,22171
CTSH,06/02/2022,74.23,74.98,73.35,74.96,24362
CTSH,06/01/2022,75.04,75.40,74.04,74.18,22214
CTSH,05/31/2022,74.25,75.10,73.57,74.70,39586
CTSH,05/27/2022,73.23,74.74,73.23,74.73,24432
CTSH,05/26/2022,72.13,73.29,72.13,72.74,26056
CTSH,05/25/2022,70.83,72.09,70.53,71.69,28342
CTSH,05/24/2022,71.05,71.96,70.19,71.40,26991
CTSH,05/23/2022,71.52,72.12,70.70,71.84,23898
CTSH,05/20/2022,71.10,71.46,69.35,70.83,27893
CTSH,05/19/2022,70.11,71.55,69.43,70.32,31606
CTSH,05/18/2022,74.22,74.66,70.13,70.23,47696
CTSH,05/17/2022,73.79,75.29,73.65,75.11,29107
CTSH,05/16/2022,73.47,73.58,72.39,72.58,42605
CTSH,05/13/2022,73.89,74.73,72.98,73.38,33916
CTSH,05/12/2022,71.82,73.86,71.76,73.54,33955
CTSH,05/11/2022,73.84,74.67,72.11,72.38,30477
CTSH,05/10/2022,77.24,77.61,73.92,74.44,32964
CTSH,05/09/2022,74.76,77.49,74.26,76.27,45220
CTSH,05/06/2022,73.03,75.67,72.60,75.52,38859
CTSH,05/05/2022,78.71,80.07,72.49,73.60,49938
CTSH,05/04/2022,81.87,84.41,80.22,84.36,39593
CTSH,05/03/2022,80.99,81.91,80.79,81.55,36179
CTSH,05/02/2022,80.95,81.86,79.46,80.67,46153
CTSH,04/29/2022,83.77,84.00,80.87,80.90,40281
CTSH,04/28/2022,83.70,84.43,82.78,83.97,32043
CTSH,04/27/2022,82.25,84.45,82.25,82.84,31774
CTSH,04/26/2022,83.81,84.16,81.97,82.27,31893
CTSH,04/25/2022,83.16,84.52,82.52,84.46,37089
CTSH,04/22/2022,86.31,86.35,82.93,83.16,30993
CTSH,04/21/2022,86.82,88.78,86.13,86.42,20344
CTSH,04/20/2022,86.53,87.27,86.03,86.21,25639
CTSH,04/19/2022,84.33,85.94,84.33,85.74,15239
CTSH,04/18/2022,84.55,85.42,84.07,84.61,15137
CTSH,04/14/2022,86.07,86.38,84.58,84.74,25456
CTSH,04/13/2022,85.85,86.80,85.06,86.06,31944
CTSH,04/12/2022,87.99,88.67,85.86,86.09,21668
CTSH,04/11/2022,88.61,89.24,87.11,87.21,18260
CTSH,04/08/2022,87.61,89.31,87.13,88.96,21299
CTSH,04/07/2022,86.73,88.48,86.44,87.81,18594
CTSH,04/06/2022,85.99,87.37,85.54,86.91,21317
CTSH,04/05/2022,89.35,89.63,86.17,86.80,37276
CTSH,04/04/2022,90.11,90.51,89.34,90.02,19068
CTSH,04/01/2022,90.22,90.38,89.41,90.01,19308
CTSH,03/31/2022,91.20,91.84,89.66,89.67,29585
CTSH,03/30/2022,92.46,92.80,91.05,91.39,21840
CTSH,03/29/2022,91.72,92.99,91.54,92.73,23806
CTSH,03/28/2022,91.45,92.24,90.88,91.54,31795
CTSH,03/25/2022,91.31,91.61,90.03,91.51,21356
CTSH,03/24/2022,91.17,91.90,90.65,91.19,25103
CTSH,03/23/2022,92.77,93.00,90.85,90.96,22781
CTSH,03/22/2022,91.81,93.47,91.74,93.12,25726
CTSH,03/21/2022,91.31,92.27,90.81,91.39,21681
CTSH,03/18/2022,90.42,91.83,89.30,91.72,41031
CTSH,03/17/2022,89.22,90.64,88.65,90.58,22712
CTSH,03/16/2022,88.46,89.73,87.29,89.70,35406
CTSH,03/15/2022,88.14,88.52,86.88,88.17,31445
CTSH,03/14/2022,88.27,89.20,87.21,87.43,40774
CTSH,03/11/2022,88.30,89.50,87.96,88.04,35135
CTSH,03/10/2022,86.55,88.07,85.82,87.66,23113
CTSH,03/09/2022,89.23,90.30,87.64,87.96,40608
CTSH,03/08/2022,86.23,88.85,85.79,87.48,40507
CTSH,03/07/2022,88.62,89.09,86.59,86.60,44373
CTSH,03/04/2022,87.22,89.02,86.46,88.88,30253
CTSH,03/03/2022,88.74,89.67,86.82,87.93,41149
CTSH,03/02/2022,86.51,88.77,86.28,88.19,36868
CTSH,03/01/2022,85.58,86.54,84.41,85.80,33272
CTSH,02/28/2022,86.50,87.02,84.98,86.13,32795
CTSH,02/25/2022,86.32,88.08,85.95,88.04,28099
CTSH,02/24/2022,82.91,86.40,82.36,86.08,35979
CTSH,02/23/2022,85.68,86.52,84.44,84.65,28859
CTSH,02/22/2022,86.30,86.79,84.35,85.27,24613
CTSH,02/18/2022,85.81,87.02,85.73,86.36,24380
CTSH,02/17/2022,88.40,88.62,85.75,85.92,26614
CTSH,02/16/2022,88.54,89.68,87.96,89.42,29948
CTSH,02/15/2022,87.15,89.15,86.83,89.06,31539
CTSH,02/14/2022,87.40,87.54,84.98,86.24,30030
