CVX,06/23/2023,151.00,151.68,150.13,151.39,13583
CVX,06/22/2023,153.19,153.59,151.97,152.64,70747
CVX,06/21/2023,152.50,155.96,152.50,154.88,72522
CVX,06/20/2023,155.64,156.57,152.24,153.68,102288
CVX,06/16/2023,158.19,159.24,157.26,157.26,221723
CVX,06/15/2023,157.36,159.79,157.32,158.28,76430
CVX,06/14/2023,160.28,160.77,156.15,157.09,76929
CVX,06/13/2023,158.62,160.58,158.27,158.51,75832
CVX,06/12/2023,157.33,159.33,156.23,157.33,71306
CVX,06/09/2023,159.12,160.39,158.62,158.86,66259
CVX,06/08/2023,160.18,160.49,157.09,159.24,69952
CVX,06/07/2023,156.61,160.21,156.50,159.83,98722
CVX,06/06/2023,153.60,156.16,153.20,155.79,61613
CVX,06/05/2023,158.43,158.43,155.24,155.51,60255
CVX,06/02/2023,154.40,156.75,153.61,156.26,94080
CVX,06/01/2023,151.31,153.74,149.74,152.16,98222
CVX,05/31/2023,151.64,152.42,150.36,150.62,120475
CVX,05/30/2023,151.49,153.26,151.21,153.12,78005
CVX,05/26/2023,155.63,155.63,153.46,154.08,75405
CVX,05/25/2023,154.32,155.62,153.50,154.56,69097
CVX,05/24/2023,158.19,158.57,156.29,157.27,70481
CVX,05/23/2023,154.15,157.68,153.84,156.85,104051
CVX,05/22/2023,154.29,154.83,152.09,152.44,115153
CVX,05/19/2023,155.20,156.44,153.99,155.23,76660
CVX,05/18/2023,152.50,154.24,151.53,154.01,74595
CVX,05/17/2023,154.89,156.42,153.96,155.71,60807
CVX,05/16/2023,156.80,157.02,153.33,153.51,66265
CVX,05/15/2023,157.50,158.16,156.23,157.20,50636
CVX,05/12/2023,157.44,157.93,155.56,156.62,48768
CVX,05/11/2023,155.00,156.32,153.89,156.22,61273
CVX,05/10/2023,160.44,160.44,155.88,157.09,61145
CVX,05/09/2023,158.04,160.41,157.91,159.12,50094
CVX,05/08/2023,162.20,162.30,159.52,159.58,50196
CVX,05/05/2023,159.68,161.12,158.78,160.21,57853
CVX,05/04/2023,157.52,158.20,155.42,156.22,74640
CVX,05/03/2023,158.30,159.57,156.74,156.83,74714
CVX,05/02/2023,165.20,165.38,158.45,160.04,106285
CVX,05/01/2023,167.74,168.73,166.36,167.24,57295
CVX,04/28/2023,164.73,168.94,164.05,168.58,100012
CVX,04/27/2023,166.11,167.39,165.07,166.95,63757
CVX,04/26/2023,168.39,168.95,165.23,165.98,59016
CVX,04/25/2023,170.15,170.40,168.43,168.99,58044
CVX,04/24/2023,169.56,172.38,168.58,171.48,66532
CVX,04/21/2023,170.00,170.59,168.84,169.12,70233
CVX,04/20/2023,168.77,170.06,168.02,169.85,56076
CVX,04/19/2023,169.29,170.74,169.10,170.68,50306
CVX,04/18/2023,171.13,172.39,170.13,170.52,80388
CVX,04/17/2023,172.38,172.54,170.22,170.92,69921
CVX,04/14/2023,172.75,172.88,171.22,172.44,48056
CVX,04/13/2023,170.40,172.47,169.82,172.09,66029
CVX,04/12/2023,170.60,171.12,169.47,169.82,61139
CVX,04/11/2023,168.37,170.34,168.07,169.22,54168
CVX,04/10/2023,168.55,169.68,167.31,168.29,58984
CVX,04/06/2023,169.37,169.41,167.13,167.65,53833
CVX,04/05/2023,169.79,170.44,167.74,169.88,64575
CVX,04/04/2023,170.70,171.14,167.72,169.04,74040
CVX,04/03/2023,169.76,171.10,168.92,169.95,127350
CVX,03/31/2023,162.52,163.72,162.15,163.16,69016
CVX,03/30/2023,162.25,163.01,161.58,162.39,61972
CVX,03/29/2023,161.32,161.32,159.33,160.86,69157
CVX,03/28/2023,156.68,160.19,156.68,159.49,55625
CVX,03/27/2023,156.66,158.48,155.69,157.65,67856
CVX,03/24/2023,152.52,156.65,151.83,156.06,65710
CVX,03/23/2023,156.91,158.76,153.14,154.52,78346
CVX,03/22/2023,159.57,160.06,155.93,156.07,61834
CVX,03/21/2023,157.00,159.57,156.47,159.31,97266
CVX,03/20/2023,151.76,155.78,151.29,154.58,83936
CVX,03/17/2023,153.86,155.38,150.60,152.34,313798
CVX,03/16/2023,150.16,155.47,149.91,154.29,127546
CVX,03/15/2023,155.10,157.95,152.01,153.80,138694
CVX,03/14/2023,158.10,164.02,157.88,160.76,98558
CVX,03/13/2023,155.90,160.95,153.80,158.71,100905
CVX,03/10/2023,160.64,164.67,158.67,159.67,73674
CVX,03/09/2023,163.83,165.49,160.19,160.51,61939
CVX,03/08/2023,163.46,165.29,161.38,162.99,54266
CVX,03/07/2023,165.72,166.60,163.58,164.03,73192
CVX,03/06/2023,164.13,166.80,163.81,166.17,75733
CVX,03/03/2023,160.67,165.58,160.42,164.96,58738
CVX,03/02/2023,161.99,163.49,161.59,162.56,55212
CVX,03/01/2023,161.01,163.59,160.59,162.05,74390
CVX,02/28/2023,163.65,164.32,160.28,160.77,106960
CVX,02/27/2023,163.00,163.37,161.92,162.82,60489
CVX,02/24/2023,160.00,162.60,159.15,162.41,53270
CVX,02/23/2023,162.64,162.84,160.56,161.93,64141
CVX,02/22/2023,160.18,161.66,158.91,160.35,61612
CVX,02/21/2023,162.43,163.75,160.70,161.00,72384
CVX,02/17/2023,164.67,164.84,161.85,162.85,94999
CVX,02/16/2023,168.00,168.66,166.40,166.57,66800
CVX,02/15/2023,168.66,169.52,167.50,169.01,88674
CVX,02/14/2023,170.23,173.51,169.98,172.32,78491
CVX,02/13/2023,170.91,171.90,169.77,171.01,93960
CVX,02/10/2023,170.80,172.73,170.78,171.97,115055
CVX,02/09/2023,170.50,170.66,168.00,168.44,100968
CVX,02/08/2023,172.48,174.07,169.46,170.00,96779
CVX,02/07/2023,169.92,174.39,169.61,174.09,102074
CVX,02/06/2023,169.53,170.12,167.37,169.64,73870
CVX,02/03/2023,169.93,171.55,168.49,169.45,81082
CVX,02/02/2023,171.12,171.43,166.82,169.01,100273
CVX,02/01/2023,173.03,173.66,169.54,171.36,113566
CVX,01/31/2023,172.75,174.63,171.42,174.02,144396
CVX,01/30/2023,177.87,178.34,173.67,174.20,114092
CVX,01/27/2023,184.00,184.23,177.92,179.45,194731
CVX,01/26/2023,185.00,187.81,183.48,187.79,138998
CVX,01/25/2023,178.96,180.03,176.35,179.08,62890
CVX,01/24/2023,181.09,182.00,178.70,180.83,59682
CVX,01/23/2023,181.26,182.55,180.03,180.66,81014
CVX,01/20/2023,178.37,181.36,177.52,180.90,104449
CVX,01/19/2023,176.60,179.95,176.16,179.00,57848
CVX,01/18/2023,180.85,182.38,176.94,177.23,88923
CVX,01/17/2023,178.44,181.32,178.18,180.49,104153
CVX,01/13/2023,177.19,177.99,175.68,177.56,56440
CVX,01/12/2023,176.13,178.37,175.90,177.08,68592
CVX,01/11/2023,177.99,178.14,174.30,175.20,69494
CVX,01/10/2023,176.62,176.71,173.72,176.04,81392
CVX,01/09/2023,178.00,178.33,174.38,175.18,83606
CVX,01/06/2023,177.00,179.39,175.70,176.56,71905
CVX,01/05/2023,171.50,176.19,171.24,175.24,60714
CVX,01/04/2023,171.89,174.29,170.85,172.14,76703
CVX,01/03/2023,177.26,179.00,171.51,173.99,75293
CVX,12/30/2022,178.03,179.95,177.70,179.49,49958
CVX,12/29/2022,176.99,179.20,176.65,178.32,41333
CVX,12/28/2022,178.61,179.30,175.93,176.98,44499
CVX,12/27/2022,178.30,180.23,177.40,179.63,51378
CVX,12/23/2022,173.82,177.58,173.69,177.40,60625
CVX,12/22/2022,175.16,175.21,168.33,172.08,57456
CVX,12/21/2022,175.17,175.96,173.16,174.70,53578
CVX,12/20/2022,170.01,173.29,169.60,172.67,61517
CVX,12/19/2022,170.44,170.82,168.25,169.88,69194
CVX,12/16/2022,168.53,170.15,167.10,168.72,201803
CVX,12/15/2022,170.18,171.37,168.05,171.04,69820
CVX,12/14/2022,174.49,174.92,171.27,172.33,66628
CVX,12/13/2022,173.51,174.46,172.48,173.53,75014
CVX,12/12/2022,169.05,170.52,167.71,169.75,90871
CVX,12/09/2022,171.92,173.19,167.93,168.00,106672
CVX,12/08/2022,175.99,176.40,172.03,173.54,79358
CVX,12/07/2022,171.86,174.58,170.85,172.52,68106
CVX,12/06/2022,175.75,178.06,171.12,172.01,87182
CVX,12/05/2022,182.59,182.95,174.63,176.56,80218
CVX,12/02/2022,181.53,183.63,179.93,181.03,67769
CVX,12/01/2022,184.14,184.55,181.44,182.49,51774
CVX,11/30/2022,183.00,183.34,179.62,183.31,100394
CVX,11/29/2022,180.31,181.85,179.65,181.03,68910
CVX,11/28/2022,180.25,181.47,177.96,178.36,89754
CVX,11/25/2022,184.45,185.30,183.31,183.70,27964
CVX,11/23/2022,183.30,185.15,182.58,184.24,58222
CVX,11/22/2022,183.78,186.56,183.08,185.89,89956
CVX,11/21/2022,179.44,181.70,175.82,181.24,83492
CVX,11/18/2022,179.69,183.41,179.65,182.99,76391
CVX,11/17/2022,180.75,184.23,180.27,184.09,64919
CVX,11/16/2022,186.49,187.82,183.67,184.99,78730
CVX,11/15/2022,187.01,188.44,185.27,188.05,77235
CVX,11/14/2022,186.46,189.68,186.18,186.55,97012
CVX,11/11/2022,184.24,187.10,183.89,186.46,83885
CVX,11/10/2022,182.22,182.33,178.04,181.30,68905
CVX,11/09/2022,183.71,183.81,177.22,177.93,76946
CVX,11/08/2022,185.00,186.25,183.86,185.34,62448
CVX,11/07/2022,182.37,186.38,182.11,185.61,73329
CVX,11/04/2022,184.54,185.40,180.60,183.42,73696
CVX,11/03/2022,178.05,182.19,177.41,181.13,65600
CVX,11/02/2022,181.00,182.90,178.27,178.50,79887
CVX,11/01/2022,183.03,184.50,181.90,182.22,91763
CVX,10/31/2022,179.00,183.84,178.06,180.90,132769
CVX,10/28/2022,181.52,182.86,176.53,179.98,107553
CVX,10/27/2022,179.93,181.40,177.48,177.90,90934
CVX,10/26/2022,175.90,178.48,175.17,177.09,68622
CVX,10/25/2022,172.50,175.00,172.17,174.93,70830
CVX,10/24/2022,171.75,174.67,171.61,173.13,67509
CVX,10/21/2022,169.15,173.84,168.85,173.19,79605
CVX,10/20/2022,169.13,171.82,167.94,168.96,87784
CVX,10/19/2022,164.30,169.21,163.59,168.00,97208
CVX,10/18/2022,162.33,163.31,158.96,162.72,55881
CVX,10/17/2022,163.31,164.91,161.10,161.31,58892
CVX,10/14/2022,163.35,165.46,159.93,160.14,73064
CVX,10/13/2022,156.46,165.99,156.35,165.28,101648
CVX,10/12/2022,156.23,158.81,155.52,157.64,49219
CVX,10/11/2022,154.58,159.93,154.11,157.17,72919
CVX,10/10/2022,160.85,161.47,156.44,157.14,58619
CVX,10/07/2022,162.32,163.93,159.06,160.03,99426
CVX,10/06/2022,157.34,161.94,157.20,161.42,94494
CVX,10/05/2022,156.47,159.73,154.80,158.53,105888
CVX,10/04/2022,153.87,157.88,153.63,157.63,94465
CVX,10/03/2022,148.79,152.34,148.30,151.73,93634
CVX,09/30/2022,143.83,145.13,142.49,143.67,93975
CVX,09/29/2022,144.16,145.41,142.27,144.77,79111
CVX,09/28/2022,142.00,146.44,141.40,145.78,82716
CVX,09/27/2022,142.29,143.77,140.46,141.02,97821
CVX,09/26/2022,143.99,145.05,140.89,140.96,94346
CVX,09/23/2022,149.95,150.18,143.66,144.77,130681
CVX,09/22/2022,158.10,158.28,154.74,154.89,63402
CVX,09/21/2022,157.98,158.78,154.95,155.01,65873
CVX,09/20/2022,156.32,156.85,154.34,156.28,65007
CVX,09/19/2022,153.36,156.95,152.80,156.90,67490
CVX,09/16/2022,160.68,161.14,155.61,156.45,422229
CVX,09/15/2022,160.86,161.70,159.58,160.62,96289
CVX,09/14/2022,160.78,163.57,160.35,163.27,108589
CVX,09/13/2022,162.40,162.66,158.74,159.41,102162
CVX,09/12/2022,162.50,164.53,161.25,162.50,88786
CVX,09/09/2022,158.13,160.65,157.53,159.97,82173
CVX,09/08/2022,155.80,156.38,153.38,155.95,90829
CVX,09/07/2022,153.56,155.82,152.62,155.11,94186
CVX,09/06/2022,159.89,159.99,155.71,157.12,84558
CVX,09/02/2022,157.98,159.12,156.72,157.85,74250
CVX,09/01/2022,156.48,156.88,153.23,155.54,81910
CVX,08/31/2022,157.40,161.41,156.15,158.06,135742
CVX,08/30/2022,162.47,162.56,158.76,160.62,87814
CVX,08/29/2022,164.18,166.83,163.64,164.63,84338
CVX,08/26/2022,164.50,166.13,162.46,163.41,77235
CVX,08/25/2022,163.75,164.90,162.61,164.62,80144
CVX,08/24/2022,161.54,163.35,160.67,163.19,94125
CVX,08/23/2022,158.94,162.34,158.71,161.99,103207
CVX,08/22/2022,156.55,157.74,154.42,156.90,90856
CVX,08/19/2022,158.46,159.74,157.62,157.69,68319
CVX,08/18/2022,157.21,159.66,157.09,159.02,64282
CVX,08/17/2022,156.63,159.34,155.51,157.70,66876
CVX,08/16/2022,157.40,157.92,155.82,156.41,72037
CVX,08/15/2022,155.34,157.79,153.44,156.81,89494
CVX,08/12/2022,157.86,159.91,157.14,159.85,72228
CVX,08/11/2022,158.11,161.16,157.62,159.62,78562
CVX,08/10/2022,155.30,156.47,152.93,155.82,61287
CVX,08/09/2022,156.17,157.80,154.60,155.41,57823
CVX,08/08/2022,153.50,154.98,153.15,153.41,59543
CVX,08/05/2022,149.73,155.01,149.02,153.64,71526
CVX,08/04/2022,155.05,155.44,150.73,151.14,106381
CVX,08/03/2022,159.49,159.96,154.35,155.36,87283
CVX,08/02/2022,161.00,161.47,158.30,159.14,58580
CVX,08/01/2022,161.00,161.86,159.15,160.51,79998
CVX,07/29/2022,156.00,164.66,155.90,163.78,170880
CVX,07/28/2022,150.60,151.47,148.03,150.39,62595
CVX,07/27/2022,148.34,150.20,146.66,149.26,61936
CVX,07/26/2022,149.50,150.68,146.53,147.32,59426
CVX,07/25/2022,145.63,148.61,144.18,148.48,61149
CVX,07/22/2022,145.56,146.30,143.42,144.19,58504
CVX,07/21/2022,143.01,145.47,141.50,145.40,66924
CVX,07/20/2022,144.90,147.26,143.32,146.52,78175
CVX,07/19/2022,139.59,145.01,139.42,144.61,90988
CVX,07/18/2022,140.86,142.14,139.08,139.58,79084
CVX,07/15/2022,138.65,138.96,136.43,137.65,68986
CVX,07/14/2022,134.00,136.16,132.54,135.94,101077
CVX,07/13/2022,137.72,140.73,137.14,137.99,92730
CVX,07/12/2022,138.17,139.62,137.26,138.92,84078
CVX,07/11/2022,142.20,142.85,139.93,141.51,70538
CVX,07/08/2022,145.21,145.45,141.09,142.77,78764
CVX,07/07/2022,144.54,145.30,143.08,143.52,126972
CVX,07/06/2022,142.10,143.26,136.80,140.78,122604
CVX,07/05/2022,143.35,144.54,139.41,142.66,112112
CVX,07/01/2022,146.41,146.96,142.47,146.51,75062
CVX,06/30/2022,144.67,147.92,143.41,144.78,106790
CVX,06/29/2022,152.00,152.11,146.09,146.98,84903
CVX,06/28/2022,150.59,152.18,148.11,149.94,91786
CVX,06/27/2022,146.84,148.82,145.60,147.57,91433
CVX,06/24/2022,145.10,147.09,142.60,144.77,110205
CVX,06/23/2022,148.80,149.23,140.15,142.43,156443
CVX,06/22/2022,148.25,150.80,146.33,147.87,136006
CVX,06/21/2022,152.71,156.02,151.44,154.59,133439
CVX,06/17/2022,155.26,155.47,145.79,148.38,344434
CVX,06/16/2022,160.14,160.54,153.75,155.48,180837
CVX,06/15/2022,166.76,167.85,161.94,164.26,114981
CVX,06/14/2022,169.76,172.29,165.84,167.55,102675
CVX,06/13/2022,171.55,172.00,164.06,167.33,145667
CVX,06/10/2022,176.00,178.57,173.65,175.40,94814
CVX,06/09/2022,180.07,180.64,177.39,177.52,93477
CVX,06/08/2022,180.65,182.40,180.25,181.13,86582
CVX,06/07/2022,177.72,180.66,176.92,180.20,93183
CVX,06/06/2022,177.60,178.00,175.51,176.83,65568
CVX,06/03/2022,176.99,178.25,176.00,177.60,82974
CVX,06/02/2022,174.45,176.51,174.10,176.00,74084
CVX,06/01/2022,177.31,178.13,174.94,176.32,87509
CVX,05/31/2022,180.00,180.96,173.47,174.66,197321
CVX,05/27/2022,176.22,178.35,175.69,178.28,103269
CVX,05/26/2022,176.00,177.93,175.01,176.59,111954
CVX,05/25/2022,173.46,175.99,172.97,175.41,101362
CVX,05/24/2022,170.47,173.58,169.81,172.64,97754
CVX,05/23/2022,170.06,172.96,169.11,171.72,101490
CVX,05/20/2022,168.85,171.04,164.09,167.82,95435
CVX,05/19/2022,165.16,169.64,162.83,166.86,108673
CVX,05/18/2022,173.61,174.13,165.79,168.06,130747
CVX,05/17/2022,174.00,175.65,172.61,174.03,126437
CVX,05/16/2022,169.34,174.97,168.86,173.01,132709
CVX,05/13/2022,166.14,168.79,164.88,167.87,92024
CVX,05/12/2022,162.88,164.85,158.86,164.71,89049
CVX,05/11/2022,163.53,167.46,162.51,163.16,90291
CVX,05/10/2022,162.41,164.19,157.87,160.78,115702
CVX,05/09/2022,166.80,167.75,158.48,159.25,139923
CVX,05/06/2022,168.20,170.97,165.42,170.69,103305
CVX,05/05/2022,169.22,169.50,162.65,166.26,97301
CVX,05/04/2022,165.00,167.89,163.47,167.59,90627
CVX,05/03/2022,159.75,163.43,159.26,162.49,87178
CVX,05/02/2022,156.67,160.00,155.15,159.75,115018
CVX,04/29/2022,161.28,162.44,156.29,156.67,145707
CVX,04/28/2022,157.65,163.00,154.93,161.79,92981
CVX,04/27/2022,157.30,157.92,154.52,156.24,103586
CVX,04/26/2022,159.18,160.37,156.39,156.53,97470
CVX,04/25/2022,155.00,158.36,151.36,157.49,153806
CVX,04/22/2022,164.85,165.47,160.86,160.95,121021
CVX,04/21/2022,172.00,172.44,163.83,164.58,145552
CVX,04/20/2022,171.50,173.58,171.46,172.53,74262
CVX,04/19/2022,172.93,173.69,171.03,171.83,69492
CVX,04/18/2022,173.00,174.54,171.87,173.89,76221
CVX,04/14/2022,170.68,172.94,170.56,171.59,93490
CVX,04/13/2022,171.35,172.08,168.29,171.67,70249
CVX,04/12/2022,169.22,172.68,168.15,169.01,94698
CVX,04/11/2022,168.71,168.78,164.91,165.56,99423
CVX,04/08/2022,167.56,171.10,167.02,169.93,107360
CVX,04/07/2022,165.63,167.70,163.42,167.10,80001
CVX,04/06/2022,165.00,167.01,164.33,164.81,92665
CVX,04/05/2022,165.29,167.72,163.10,163.36,95136
CVX,04/04/2022,165.00,165.45,163.00,164.37,86992
CVX,04/01/2022,163.32,165.95,162.33,164.22,87006
CVX,03/31/2022,164.08,166.16,162.72,162.83,103625
CVX,03/30/2022,165.50,166.35,163.66,165.48,98807
CVX,03/29/2022,163.40,164.48,160.50,164.32,150560
CVX,03/28/2022,166.00,166.63,165.13,166.35,99058
CVX,03/25/2022,165.16,169.69,165.16,169.31,101498
CVX,03/24/2022,166.48,167.40,165.00,166.30,88413
CVX,03/23/2022,165.89,167.35,164.94,165.86,107441
CVX,03/22/2022,163.44,165.26,162.58,164.09,110326
CVX,03/21/2022,163.21,165.58,162.72,164.64,131725
CVX,03/18/2022,160.84,161.73,158.78,161.73,223702
CVX,03/17/2022,160.55,160.99,157.92,160.44,155209
CVX,03/16/2022,158.96,160.50,156.21,157.71,221584
CVX,03/15/2022,159.31,160.19,155.26,158.28,282996
CVX,03/14/2022,166.37,168.35,164.30,166.72,251529
CVX,03/11/2022,166.56,172.98,165.88,170.90,282956
CVX,03/10/2022,169.00,174.76,168.29,170.82,338922
CVX,03/09/2022,161.85,169.77,161.21,166.27,431351
CVX,03/08/2022,164.16,174.00,164.10,170.53,571191
CVX,03/07/2022,160.00,162.10,155.72,162.04,347146
CVX,03/04/2022,155.90,159.95,155.09,158.65,289964
CVX,03/03/2022,152.00,157.12,151.75,156.22,223204
CVX,03/02/2022,150.10,155.75,150.05,154.14,313065
CVX,03/01/2022,145.00,149.96,144.70,149.72,311111
CVX,02/28/2022,139.24,144.00,138.65,144.00,238837
CVX,02/25/2022,136.00,140.50,135.43,140.38,278097
CVX,02/24/2022,137.69,138.23,131.72,134.85,220930
CVX,02/23/2022,132.75,136.08,132.56,135.55,159895
CVX,02/22/2022,136.50,137.00,130.52,132.40,177618
CVX,02/18/2022,132.41,133.91,132.05,133.42,105833
CVX,02/17/2022,134.15,134.58,132.45,133.61,99899
CVX,02/16/2022,135.00,136.16,133.76,134.30,112356
CVX,02/15/2022,133.00,134.84,132.18,134.26,116581
CVX,02/14/2022,137.87,138.05,135.05,136.67,156841
