DOOO,06/23/2023,76.86,77.69,76.86,77.69,27
DOOO,06/22/2023,79.31,79.31,77.22,78.01,514
DOOO,06/21/2023,80.30,80.34,78.77,79.40,714
DOOO,06/20/2023,82.52,82.52,80.59,80.80,350
DOOO,06/16/2023,82.03,83.23,81.90,82.85,677
DOOO,06/15/2023,80.71,82.88,80.21,82.21,678
DOOO,06/14/2023,79.93,81.21,79.78,80.57,934
DOOO,06/13/2023,76.53,79.47,76.53,79.26,1478
DOOO,06/12/2023,75.55,76.01,74.72,75.06,449
DOOO,06/09/2023,76.22,77.17,75.43,75.55,596
DOOO,06/08/2023,77.20,77.20,75.20,76.37,549
DOOO,06/07/2023,76.31,77.90,76.31,77.16,440
DOOO,06/06/2023,74.30,76.72,73.91,76.15,644
DOOO,06/05/2023,73.20,74.45,72.77,73.91,410
DOOO,06/02/2023,69.87,73.80,69.87,73.47,1015
DOOO,06/01/2023,70.64,71.13,67.42,70.84,1566
DOOO,05/31/2023,72.92,73.74,70.15,71.61,1061
DOOO,05/30/2023,73.60,74.51,73.15,73.50,648
DOOO,05/26/2023,72.93,73.89,72.84,73.51,227
DOOO,05/25/2023,72.45,73.88,72.45,73.05,185
DOOO,05/24/2023,74.45,74.45,72.09,72.57,347
DOOO,05/23/2023,73.94,75.32,73.67,74.50,240
DOOO,05/22/2023,74.19,74.52,73.80,73.94,116
DOOO,05/19/2023,76.88,76.89,74.34,74.48,523
DOOO,05/18/2023,75.01,76.97,75.01,76.88,307
DOOO,05/17/2023,72.61,75.31,72.61,75.10,347
DOOO,05/16/2023,73.71,74.56,72.48,72.56,283
DOOO,05/15/2023,73.10,74.77,73.10,74.17,324
DOOO,05/12/2023,73.19,74.09,72.99,73.26,362
DOOO,05/11/2023,73.88,73.88,72.95,73.16,224
DOOO,05/10/2023,75.40,76.00,73.08,73.93,445
DOOO,05/09/2023,73.92,75.11,73.87,74.85,422
DOOO,05/08/2023,74.25,75.24,74.25,74.63,425
DOOO,05/05/2023,73.09,74.26,72.35,74.10,2244
DOOO,05/04/2023,74.47,75.14,72.02,72.13,591
DOOO,05/03/2023,75.12,76.67,74.49,74.63,285
DOOO,05/02/2023,75.78,75.78,73.84,75.11,497
DOOO,05/01/2023,74.28,76.89,74.28,75.87,318
DOOO,04/28/2023,75.08,75.55,74.40,74.77,478
DOOO,04/27/2023,74.21,75.26,74.21,75.04,268
DOOO,04/26/2023,74.14,75.99,74.14,74.45,570
DOOO,04/25/2023,76.37,76.39,73.83,73.90,548
DOOO,04/24/2023,77.74,78.13,76.34,76.57,374
DOOO,04/21/2023,77.00,78.34,76.34,77.57,434
DOOO,04/20/2023,76.20,77.62,76.20,77.02,589
DOOO,04/19/2023,77.20,78.03,76.34,77.05,423
DOOO,04/18/2023,77.04,77.95,76.73,77.45,315
DOOO,04/17/2023,77.09,77.09,75.02,77.00,374
DOOO,04/14/2023,77.02,77.41,76.01,77.28,601
DOOO,04/13/2023,74.87,77.40,74.87,76.69,671
DOOO,04/12/2023,75.10,75.72,74.39,74.68,383
DOOO,04/11/2023,73.70,75.25,73.56,74.79,949
DOOO,04/10/2023,71.95,73.34,71.81,73.34,552
DOOO,04/06/2023,71.61,72.54,71.56,72.10,604
DOOO,04/05/2023,72.80,73.66,71.41,71.74,1091
DOOO,04/04/2023,75.84,76.70,72.05,73.03,1099
DOOO,04/03/2023,78.16,78.66,76.15,76.67,982
DOOO,03/31/2023,76.95,79.12,76.95,78.20,651
DOOO,03/30/2023,76.94,78.17,76.74,77.36,563
DOOO,03/29/2023,74.74,76.40,73.98,76.07,594
DOOO,03/28/2023,75.92,76.05,72.79,74.03,979
DOOO,03/27/2023,76.67,76.93,74.57,76.02,873
DOOO,03/24/2023,76.88,76.88,73.72,75.56,830
DOOO,03/23/2023,82.57,83.32,76.32,76.43,1666
DOOO,03/22/2023,79.77,81.83,78.66,80.30,628
DOOO,03/21/2023,79.53,80.76,78.56,79.29,517
DOOO,03/20/2023,77.58,79.82,76.95,78.08,336
DOOO,03/17/2023,80.15,80.15,76.36,76.49,674
DOOO,03/16/2023,77.55,81.18,77.41,80.41,225
DOOO,03/15/2023,78.08,78.23,77.17,77.92,441
DOOO,03/14/2023,79.00,80.66,78.82,80.18,534
DOOO,03/13/2023,78.49,79.60,75.24,78.70,654
DOOO,03/10/2023,81.50,81.61,78.63,79.06,866
DOOO,03/09/2023,84.54,84.86,81.38,81.50,485
DOOO,03/08/2023,86.18,86.18,83.90,84.79,326
DOOO,03/07/2023,86.31,86.67,85.56,86.07,288
DOOO,03/06/2023,86.14,86.70,85.54,86.19,236
DOOO,03/03/2023,86.03,86.32,84.71,85.61,390
DOOO,03/02/2023,86.52,86.52,85.21,86.06,253
DOOO,03/01/2023,86.85,87.26,86.22,86.73,415
DOOO,02/28/2023,87.15,87.15,85.95,86.46,279
DOOO,02/27/2023,87.62,87.87,86.93,87.06,166
DOOO,02/24/2023,86.66,86.73,85.32,86.60,371
DOOO,02/23/2023,89.10,89.10,86.40,88.08,355
DOOO,02/22/2023,87.96,88.49,87.31,88.32,342
DOOO,02/21/2023,87.49,88.48,87.00,87.45,278
DOOO,02/17/2023,89.41,89.41,88.23,88.97,185
DOOO,02/16/2023,88.63,89.47,88.63,89.03,261
DOOO,02/15/2023,88.48,89.76,88.48,89.59,223
DOOO,02/14/2023,88.03,89.76,87.75,89.57,332
DOOO,02/13/2023,87.34,89.02,87.06,88.89,678
DOOO,02/10/2023,87.70,88.35,86.73,87.24,263
DOOO,02/09/2023,90.33,90.33,87.96,88.18,454
DOOO,02/08/2023,88.66,89.65,88.39,89.21,305
DOOO,02/07/2023,88.91,89.58,88.02,88.80,490
DOOO,02/06/2023,88.88,89.45,88.44,89.30,610
DOOO,02/03/2023,87.45,89.59,86.10,89.58,610
DOOO,02/02/2023,88.20,90.42,86.32,88.69,1290
DOOO,02/01/2023,83.45,87.53,83.45,87.13,1690
DOOO,01/31/2023,81.11,83.62,80.63,83.56,761
DOOO,01/30/2023,80.30,81.70,79.88,81.10,197
DOOO,01/27/2023,81.06,81.61,80.78,81.47,238
DOOO,01/26/2023,80.91,81.50,80.45,81.45,667
DOOO,01/25/2023,80.02,80.39,79.50,80.01,432
DOOO,01/24/2023,79.14,81.04,79.14,80.70,594
DOOO,01/23/2023,79.04,79.94,79.04,79.66,309
DOOO,01/20/2023,78.65,79.37,78.24,79.32,239
DOOO,01/19/2023,78.65,78.71,77.65,78.21,586
DOOO,01/18/2023,80.02,80.83,78.52,78.88,426
DOOO,01/17/2023,79.86,80.55,79.64,80.08,396
DOOO,01/13/2023,79.90,80.51,79.13,79.46,353
DOOO,01/12/2023,79.18,80.49,78.66,80.40,159
DOOO,01/11/2023,79.20,79.31,78.55,79.17,220
DOOO,01/10/2023,78.96,79.52,77.03,78.77,337
DOOO,01/09/2023,78.42,79.66,78.36,78.89,313
DOOO,01/06/2023,77.80,79.12,77.62,78.16,180
DOOO,01/05/2023,76.28,77.19,75.45,77.19,249
DOOO,01/04/2023,75.23,76.79,74.55,76.79,356
DOOO,01/03/2023,76.50,76.97,74.13,74.44,306
DOOO,12/30/2022,75.39,76.35,75.20,76.35,298
DOOO,12/29/2022,76.09,77.04,76.03,76.30,381
DOOO,12/28/2022,75.14,75.71,74.28,75.25,330
DOOO,12/27/2022,75.56,75.56,75.10,75.11,37
DOOO,12/23/2022,75.17,75.45,74.04,75.38,117
DOOO,12/22/2022,76.81,76.81,74.90,75.57,431
DOOO,12/21/2022,75.61,77.29,75.61,77.14,320
DOOO,12/20/2022,75.16,75.58,74.12,74.82,296
DOOO,12/19/2022,76.32,76.32,74.71,75.16,453
DOOO,12/16/2022,76.36,77.07,75.56,75.84,325
DOOO,12/15/2022,77.35,77.62,76.78,77.38,374
DOOO,12/14/2022,77.91,80.11,77.91,78.49,556
DOOO,12/13/2022,79.59,80.81,78.22,78.32,745
DOOO,12/12/2022,76.63,77.63,76.32,77.47,422
DOOO,12/09/2022,76.97,77.38,76.25,76.64,475
DOOO,12/08/2022,77.64,77.95,76.50,77.11,387
DOOO,12/07/2022,76.23,77.93,76.23,76.95,650
DOOO,12/06/2022,76.11,76.88,75.45,76.48,900
DOOO,12/05/2022,77.70,78.19,75.70,76.02,1247
DOOO,12/02/2022,77.65,78.95,75.57,78.13,858
DOOO,12/01/2022,75.54,78.25,75.01,77.86,1216
DOOO,11/30/2022,75.89,76.32,70.57,74.83,2060
DOOO,11/29/2022,70.30,71.93,69.77,71.47,842
DOOO,11/28/2022,70.59,71.08,69.68,70.28,459
DOOO,11/25/2022,72.00,72.28,71.07,71.22,155
DOOO,11/23/2022,70.08,71.82,70.08,71.56,173
DOOO,11/22/2022,69.65,70.07,67.61,69.99,327
DOOO,11/21/2022,69.59,69.59,68.47,69.01,389
DOOO,11/18/2022,69.88,69.88,68.40,69.46,183
DOOO,11/17/2022,68.71,69.04,67.61,68.84,262
DOOO,11/16/2022,68.45,70.00,68.00,69.80,451
DOOO,11/15/2022,70.05,70.50,68.51,69.14,374
DOOO,11/14/2022,69.81,70.84,68.55,68.55,204
DOOO,11/11/2022,70.49,71.07,69.54,70.59,489
DOOO,11/10/2022,67.90,70.25,67.65,69.93,522
DOOO,11/09/2022,66.70,66.83,65.12,65.21,201
DOOO,11/08/2022,66.81,68.36,66.05,67.49,248
DOOO,11/07/2022,67.16,67.16,64.83,66.81,430
DOOO,11/04/2022,65.15,67.13,64.72,66.20,248
DOOO,11/03/2022,63.20,64.00,61.64,63.72,410
DOOO,11/02/2022,67.10,67.67,63.73,63.89,428
DOOO,11/01/2022,68.21,68.83,66.63,66.97,281
DOOO,10/31/2022,68.56,68.56,66.75,66.85,248
DOOO,10/28/2022,67.60,68.91,66.31,68.83,231
DOOO,10/27/2022,67.77,68.05,66.69,67.25,328
DOOO,10/26/2022,64.00,67.98,63.55,67.01,606
DOOO,10/25/2022,61.41,63.75,61.41,63.58,1137
DOOO,10/24/2022,60.95,62.70,60.49,61.53,525
DOOO,10/21/2022,59.50,60.98,58.71,60.88,439
DOOO,10/20/2022,61.11,62.31,58.99,59.46,633
DOOO,10/19/2022,63.04,63.21,60.24,60.96,781
DOOO,10/18/2022,65.85,65.85,63.07,63.86,325
DOOO,10/17/2022,62.35,64.41,62.35,64.05,435
DOOO,10/14/2022,62.49,63.60,60.15,60.70,341
DOOO,10/13/2022,59.95,62.90,58.77,62.10,408
DOOO,10/12/2022,61.08,61.71,60.27,61.43,413
DOOO,10/11/2022,61.94,62.10,60.47,61.02,601
DOOO,10/10/2022,63.20,63.20,61.86,62.55,108
DOOO,10/07/2022,64.29,64.29,62.22,62.48,308
DOOO,10/06/2022,65.85,65.97,63.78,64.91,266
DOOO,10/05/2022,65.60,66.43,64.79,66.25,375
DOOO,10/04/2022,65.31,67.31,65.31,66.84,298
DOOO,10/03/2022,62.49,64.67,62.48,64.12,329
DOOO,09/30/2022,62.88,62.88,61.04,61.56,579
DOOO,09/29/2022,64.33,64.33,62.37,63.36,549
DOOO,09/28/2022,62.17,65.33,62.17,65.04,408
DOOO,09/27/2022,62.14,62.93,61.13,62.08,323
DOOO,09/26/2022,62.95,63.40,61.03,61.41,422
DOOO,09/23/2022,64.88,64.88,62.73,62.93,863
DOOO,09/22/2022,68.52,68.52,65.61,65.80,338
DOOO,09/21/2022,69.84,70.52,68.44,68.52,542
DOOO,09/20/2022,69.02,69.72,67.91,69.49,635
DOOO,09/19/2022,67.90,70.28,67.15,70.08,406
DOOO,09/16/2022,70.00,70.00,67.88,68.38,830
DOOO,09/15/2022,75.07,75.46,70.63,70.93,1793
DOOO,09/14/2022,72.82,76.25,72.18,74.11,2654
DOOO,09/13/2022,70.16,71.27,67.66,68.06,716
DOOO,09/12/2022,71.84,73.15,71.68,73.13,368
DOOO,09/09/2022,69.44,71.28,69.44,71.08,342
DOOO,09/08/2022,66.64,68.97,65.08,68.97,452
DOOO,09/07/2022,64.94,67.65,64.18,67.31,717
DOOO,09/06/2022,68.80,68.97,64.97,65.13,489
DOOO,09/02/2022,67.69,69.34,67.36,68.12,547
DOOO,09/01/2022,68.78,68.78,66.69,66.97,755
DOOO,08/31/2022,70.20,70.65,68.44,69.11,628
DOOO,08/30/2022,71.88,72.44,69.81,70.44,626
DOOO,08/29/2022,71.79,72.95,70.88,71.87,694
DOOO,08/26/2022,78.20,78.20,72.72,72.79,491
DOOO,08/25/2022,77.66,79.08,77.45,78.06,343
DOOO,08/24/2022,77.37,78.56,77.24,77.52,541
DOOO,08/23/2022,77.13,78.52,77.07,77.46,315
DOOO,08/22/2022,77.70,77.90,76.32,76.87,346
DOOO,08/19/2022,78.99,79.27,77.95,78.50,241
DOOO,08/18/2022,79.78,80.29,79.55,79.68,289
DOOO,08/17/2022,80.36,80.36,78.88,80.03,294
DOOO,08/16/2022,80.52,81.55,80.52,80.99,408
DOOO,08/15/2022,78.32,80.70,77.92,80.57,520
DOOO,08/12/2022,78.99,78.99,77.90,78.79,317
DOOO,08/11/2022,79.12,79.67,77.21,78.13,632
DOOO,08/10/2022,75.50,78.93,75.45,78.73,779
DOOO,08/09/2022,74.12,74.35,72.22,73.82,763
DOOO,08/08/2022,73.91,74.88,73.41,74.06,1088
DOOO,08/05/2022,73.11,74.07,72.37,73.70,451
DOOO,08/04/2022,74.27,74.74,73.36,73.71,361
DOOO,08/03/2022,74.20,74.83,73.65,74.00,734
DOOO,08/02/2022,74.95,74.95,73.68,73.68,508
DOOO,08/01/2022,75.83,76.35,75.21,75.73,242
DOOO,07/29/2022,73.98,76.42,73.98,76.08,592
DOOO,07/28/2022,71.72,74.10,70.98,73.98,546
DOOO,07/27/2022,71.42,71.76,70.35,71.30,474
DOOO,07/26/2022,71.57,71.57,70.24,70.59,380
DOOO,07/25/2022,70.95,72.04,70.33,71.99,577
DOOO,07/22/2022,71.44,72.00,70.07,70.73,551
DOOO,07/21/2022,70.02,71.26,69.59,71.18,419
DOOO,07/20/2022,69.78,70.47,68.47,70.23,733
DOOO,07/19/2022,67.96,69.70,67.86,69.59,649
DOOO,07/18/2022,66.39,68.33,66.39,67.18,583
DOOO,07/15/2022,64.92,65.81,63.94,65.38,405
DOOO,07/14/2022,64.67,64.67,62.44,64.16,671
DOOO,07/13/2022,64.04,65.90,63.32,65.83,702
DOOO,07/12/2022,64.32,65.94,64.32,64.88,651
DOOO,07/11/2022,66.01,66.01,64.24,64.62,554
DOOO,07/08/2022,66.20,66.72,65.28,66.49,598
DOOO,07/07/2022,63.01,66.44,62.72,66.37,740
DOOO,07/06/2022,63.60,64.16,60.50,62.16,670
DOOO,07/05/2022,61.21,63.78,61.21,63.60,885
DOOO,07/01/2022,61.51,62.42,60.78,61.97,375
DOOO,06/30/2022,60.84,61.83,59.60,61.51,869
DOOO,06/29/2022,63.65,63.65,61.24,61.49,1194
DOOO,06/28/2022,66.34,67.48,64.45,64.52,694
DOOO,06/27/2022,65.08,66.15,64.64,65.68,722
DOOO,06/24/2022,62.70,65.42,62.70,65.14,738
DOOO,06/23/2022,62.71,63.19,61.72,62.26,684
DOOO,06/22/2022,62.39,63.94,61.70,62.40,732
DOOO,06/21/2022,63.83,65.47,62.69,63.11,676
DOOO,06/17/2022,62.08,62.83,61.01,62.29,1052
DOOO,06/16/2022,62.68,63.17,61.02,62.08,1074
DOOO,06/15/2022,63.26,65.22,63.26,64.34,915
DOOO,06/14/2022,63.34,63.87,62.04,62.67,673
DOOO,06/13/2022,62.00,63.62,61.34,63.03,1222
DOOO,06/10/2022,65.78,66.90,63.48,63.63,1011
DOOO,06/09/2022,68.48,69.01,67.35,67.44,1290
DOOO,06/08/2022,69.60,69.64,68.11,68.83,1086
DOOO,06/07/2022,66.50,71.00,66.07,70.92,1916
DOOO,06/06/2022,72.08,72.08,66.97,67.54,2254
DOOO,06/03/2022,79.62,79.62,70.32,71.69,2678
DOOO,06/02/2022,78.00,80.42,77.46,79.98,1717
DOOO,06/01/2022,78.33,78.91,75.44,77.92,723
DOOO,05/31/2022,79.44,81.92,76.72,78.06,1157
DOOO,05/27/2022,75.75,79.81,75.75,78.56,906
DOOO,05/26/2022,72.40,75.97,72.40,75.18,846
DOOO,05/25/2022,69.63,73.08,69.37,71.85,790
DOOO,05/24/2022,68.95,70.81,65.62,69.96,1338
DOOO,05/23/2022,69.29,69.87,68.50,69.80,477
DOOO,05/20/2022,70.05,70.13,67.39,68.97,813
DOOO,05/19/2022,71.87,72.40,68.55,68.90,1466
DOOO,05/18/2022,78.16,78.26,71.72,72.59,1266
DOOO,05/17/2022,80.27,80.58,78.07,79.18,595
DOOO,05/16/2022,79.49,79.85,78.22,78.89,632
DOOO,05/13/2022,77.00,81.85,77.00,79.69,1085
DOOO,05/12/2022,72.98,76.16,72.48,76.06,1057
DOOO,05/11/2022,75.17,75.87,73.04,73.19,886
DOOO,05/10/2022,75.23,76.42,72.94,75.17,1379
DOOO,05/09/2022,78.89,78.89,74.01,74.57,1683
DOOO,05/06/2022,81.11,81.86,78.13,80.11,1270
DOOO,05/05/2022,84.81,84.81,79.51,80.60,1402
DOOO,05/04/2022,83.26,85.29,82.89,84.66,1139
DOOO,05/03/2022,82.70,83.26,81.11,83.07,1007
DOOO,05/02/2022,81.19,82.50,80.41,82.50,745
DOOO,04/29/2022,81.00,82.96,80.92,81.03,719
DOOO,04/28/2022,81.74,81.91,80.13,81.35,1045
DOOO,04/27/2022,80.62,82.03,80.06,81.01,1516
DOOO,04/26/2022,81.20,81.35,79.87,80.57,1685
DOOO,04/25/2022,79.82,82.61,79.82,82.42,1656
DOOO,04/22/2022,81.76,81.76,80.12,80.21,985
DOOO,04/21/2022,84.58,85.05,81.82,82.15,828
DOOO,04/20/2022,85.00,85.55,83.64,83.81,713
DOOO,04/19/2022,81.41,84.75,81.11,84.31,1053
DOOO,04/18/2022,81.17,82.87,80.83,81.76,820
DOOO,04/14/2022,82.17,82.41,80.01,81.10,1041
DOOO,04/13/2022,79.50,82.12,79.27,81.89,942
DOOO,04/12/2022,81.16,82.18,78.96,79.50,3211
DOOO,04/11/2022,81.25,82.30,80.58,80.93,1734
DOOO,04/08/2022,82.91,82.91,81.45,81.54,917
DOOO,04/07/2022,82.61,83.88,82.06,83.36,778
DOOO,04/06/2022,83.03,83.25,81.01,83.25,1403
DOOO,04/05/2022,84.00,85.52,83.07,83.59,1006
DOOO,04/04/2022,82.48,85.78,82.35,84.70,1083
DOOO,04/01/2022,82.26,83.20,80.91,82.89,1302
DOOO,03/31/2022,82.76,82.97,81.79,81.79,1940
DOOO,03/30/2022,84.81,85.18,82.56,83.06,1955
DOOO,03/29/2022,79.00,83.00,78.62,82.12,1901
DOOO,03/28/2022,79.24,79.68,76.35,77.75,2229
DOOO,03/25/2022,77.46,79.80,73.43,77.83,3943
DOOO,03/24/2022,71.50,71.50,69.14,70.79,1786
DOOO,03/23/2022,73.57,73.78,70.67,70.78,1291
DOOO,03/22/2022,71.97,73.75,71.61,73.75,799
DOOO,03/21/2022,72.55,73.36,71.11,71.34,1048
DOOO,03/18/2022,69.86,72.73,69.12,72.57,927
DOOO,03/17/2022,68.14,70.51,67.14,70.31,1252
DOOO,03/16/2022,66.46,70.38,66.46,68.41,1020
DOOO,03/15/2022,62.99,65.74,62.99,65.51,1581
DOOO,03/14/2022,64.21,65.18,62.21,62.83,707
DOOO,03/11/2022,64.33,64.90,63.30,64.00,909
DOOO,03/10/2022,60.63,64.07,60.50,63.46,1098
DOOO,03/09/2022,60.06,61.70,60.06,61.40,1771
DOOO,03/08/2022,59.25,60.07,57.38,58.48,1565
DOOO,03/07/2022,65.11,65.36,59.04,59.35,2161
DOOO,03/04/2022,69.16,69.16,64.72,65.41,1144
DOOO,03/03/2022,73.41,73.41,68.95,69.31,827
DOOO,03/02/2022,70.31,73.49,70.31,73.35,788
DOOO,03/01/2022,71.56,71.99,69.53,70.02,940
DOOO,02/28/2022,70.59,71.70,70.44,71.70,403
DOOO,02/25/2022,70.27,71.83,70.11,71.51,644
DOOO,02/24/2022,68.88,70.37,66.67,70.04,1146
DOOO,02/23/2022,73.36,74.04,70.72,70.82,941
DOOO,02/22/2022,73.84,74.24,72.25,73.04,640
DOOO,02/18/2022,74.90,75.46,73.56,73.72,938
DOOO,02/17/2022,78.89,79.06,74.81,75.12,1269
DOOO,02/16/2022,78.33,79.54,77.83,79.29,1170
DOOO,02/15/2022,79.28,80.21,78.04,78.72,715
DOOO,02/14/2022,78.68,79.56,77.95,78.48,661
