DOW,06/23/2023,50.73,51.23,50.26,51.09,5023
DOW,06/22/2023,50.42,51.49,50.20,51.39,47181
DOW,06/21/2023,51.59,52.49,51.26,51.88,35774
DOW,06/20/2023,52.32,52.44,51.24,51.92,50518
DOW,06/16/2023,53.30,53.31,52.60,53.16,84766
DOW,06/15/2023,52.74,53.74,52.58,53.48,32597
DOW,06/14/2023,53.56,53.86,52.50,52.81,32962
DOW,06/13/2023,52.22,53.55,51.98,53.14,42238
DOW,06/12/2023,51.83,52.31,51.36,51.80,38851
DOW,06/09/2023,52.42,52.68,51.63,51.74,54535
DOW,06/08/2023,54.11,54.34,52.25,52.78,50289
DOW,06/07/2023,52.82,53.95,52.72,53.87,63934
DOW,06/06/2023,51.07,52.88,51.07,52.59,72437
DOW,06/05/2023,51.76,52.36,51.47,51.50,58982
DOW,06/02/2023,50.11,51.68,50.01,51.61,76443
DOW,06/01/2023,48.90,49.34,48.51,49.00,44629
DOW,05/31/2023,49.00,49.37,48.34,48.78,80617
DOW,05/30/2023,49.50,49.74,48.90,49.50,48199
DOW,05/26/2023,50.73,50.79,50.25,50.34,34249
DOW,05/25/2023,50.99,51.12,49.97,50.37,42214
DOW,05/24/2023,52.11,52.11,51.19,51.32,31455
DOW,05/23/2023,51.77,52.32,51.45,51.96,36083
DOW,05/22/2023,52.02,52.21,51.54,51.77,34683
DOW,05/19/2023,52.13,52.34,51.61,51.95,37432
DOW,05/18/2023,51.23,52.00,50.85,51.87,44491
DOW,05/17/2023,51.32,51.84,51.09,51.48,47516
DOW,05/16/2023,52.06,52.10,50.98,51.06,45945
DOW,05/15/2023,52.66,52.66,51.75,52.26,37713
DOW,05/12/2023,52.55,52.74,52.06,52.31,32540
DOW,05/11/2023,52.80,53.01,51.94,52.34,47111
DOW,05/10/2023,54.28,54.57,52.85,53.45,38735
DOW,05/09/2023,53.89,53.94,53.47,53.67,32765
DOW,05/08/2023,54.85,54.91,54.01,54.15,27246
DOW,05/05/2023,54.26,54.58,53.83,54.41,41290
DOW,05/04/2023,52.90,53.41,52.27,53.36,38884
DOW,05/03/2023,53.75,54.17,52.91,53.00,33332
DOW,05/02/2023,53.50,53.89,52.58,53.78,41922
DOW,05/01/2023,54.46,54.62,53.82,54.11,40051
DOW,04/28/2023,53.24,54.91,53.17,54.40,59959
DOW,04/27/2023,52.64,53.52,52.35,53.50,38835
DOW,04/26/2023,52.27,53.15,52.21,52.58,59493
DOW,04/25/2023,54.46,55.00,52.50,52.50,83650
DOW,04/24/2023,55.14,55.40,54.78,55.39,50238
DOW,04/21/2023,55.36,55.48,54.70,54.87,41653
DOW,04/20/2023,55.74,56.16,55.36,55.70,33109
DOW,04/19/2023,56.40,56.59,55.84,56.44,38249
DOW,04/18/2023,57.01,57.24,56.38,56.78,32551
DOW,04/17/2023,56.68,56.94,56.41,56.90,28737
DOW,04/14/2023,57.05,57.44,56.25,56.50,33836
DOW,04/13/2023,56.62,57.16,56.08,56.92,51461
DOW,04/12/2023,57.45,57.74,56.79,56.89,46535
DOW,04/11/2023,56.06,56.74,56.00,56.19,43511
DOW,04/10/2023,55.00,55.81,54.97,55.81,39701
DOW,04/06/2023,54.38,55.06,54.21,54.66,48617
DOW,04/05/2023,53.54,54.68,53.45,54.64,37014
DOW,04/04/2023,55.09,55.28,53.99,54.26,49884
DOW,04/03/2023,55.22,56.11,55.01,55.33,62923
DOW,03/31/2023,54.17,54.89,53.96,54.82,43294
DOW,03/30/2023,54.24,54.30,53.58,54.00,36374
DOW,03/29/2023,53.76,53.85,53.16,53.60,37053
DOW,03/28/2023,52.17,52.96,52.12,52.91,30761
DOW,03/27/2023,52.25,52.70,51.90,52.00,43141
DOW,03/24/2023,50.85,51.93,50.45,51.78,43283
DOW,03/23/2023,51.48,52.94,51.15,51.65,47772
DOW,03/22/2023,52.07,52.66,51.33,51.38,45112
DOW,03/21/2023,52.42,52.59,51.57,52.06,42673
DOW,03/20/2023,50.67,51.41,50.62,51.26,53932
DOW,03/17/2023,50.62,50.84,49.70,50.02,115010
DOW,03/16/2023,49.55,50.98,49.20,50.91,68298
DOW,03/15/2023,50.83,51.03,49.67,50.48,78100
DOW,03/14/2023,53.27,53.74,51.59,52.29,84270
DOW,03/13/2023,52.93,53.24,51.99,52.40,84191
DOW,03/10/2023,55.03,55.18,53.31,53.88,53262
DOW,03/09/2023,56.33,56.67,54.95,55.10,45248
DOW,03/08/2023,56.21,56.87,56.09,56.26,41824
DOW,03/07/2023,56.88,57.20,55.54,55.80,54863
DOW,03/06/2023,58.01,58.25,56.77,57.11,48362
DOW,03/03/2023,58.75,58.75,57.79,58.32,34434
DOW,03/02/2023,57.76,58.65,57.35,58.44,39824
DOW,03/01/2023,57.29,58.65,57.23,58.02,44708
DOW,02/28/2023,57.12,57.51,56.87,57.20,56980
DOW,02/27/2023,57.33,57.64,56.80,56.99,54368
DOW,02/24/2023,56.06,57.88,56.06,57.79,48269
DOW,02/23/2023,57.41,57.72,56.33,57.19,41500
DOW,02/22/2023,56.90,57.43,56.70,57.01,36727
DOW,02/21/2023,57.70,57.88,56.70,56.84,66036
DOW,02/17/2023,58.26,58.50,57.74,58.13,43108
DOW,02/16/2023,58.97,59.38,58.29,58.68,42930
DOW,02/15/2023,59.31,59.76,59.02,59.76,23048
DOW,02/14/2023,59.80,60.04,59.01,59.76,37459
DOW,02/13/2023,59.82,60.41,59.62,60.32,35174
DOW,02/10/2023,59.00,59.84,58.71,59.82,38230
DOW,02/09/2023,60.52,60.71,58.85,59.08,38717
DOW,02/08/2023,60.20,60.51,59.56,59.81,34087
DOW,02/07/2023,60.07,60.88,59.68,60.51,47676
DOW,02/06/2023,59.97,60.30,59.30,60.09,46557
DOW,02/03/2023,59.60,60.24,59.41,60.00,39555
DOW,02/02/2023,60.07,60.42,59.54,59.95,47191
DOW,02/01/2023,59.28,60.72,58.80,60.22,56397
DOW,01/31/2023,58.07,59.45,57.82,59.35,57240
DOW,01/30/2023,58.71,59.23,57.80,57.95,48236
DOW,01/27/2023,58.04,59.33,57.81,58.97,67191
DOW,01/26/2023,56.66,58.57,55.83,58.12,80016
DOW,01/25/2023,57.36,57.97,56.85,57.89,54900
DOW,01/24/2023,57.71,58.46,57.17,58.20,52548
DOW,01/23/2023,57.43,58.40,57.22,58.04,52122
DOW,01/20/2023,56.73,57.56,56.32,57.44,67024
DOW,01/19/2023,56.57,56.99,55.85,56.60,49952
DOW,01/18/2023,58.02,58.35,56.77,56.84,56333
DOW,01/17/2023,58.31,58.48,57.26,57.40,59461
DOW,01/13/2023,58.00,58.77,57.79,58.68,40377
DOW,01/12/2023,57.96,58.80,57.50,58.52,73056
DOW,01/11/2023,57.31,57.89,57.02,57.58,89251
DOW,01/10/2023,55.41,56.58,55.30,56.47,66004
DOW,01/09/2023,55.04,56.19,54.82,55.28,64594
DOW,01/06/2023,53.64,55.23,53.32,55.02,61003
DOW,01/05/2023,51.96,52.98,51.52,52.91,47795
DOW,01/04/2023,51.49,52.50,51.40,52.33,45261
DOW,01/03/2023,50.52,51.15,50.31,51.04,39594
DOW,12/30/2022,50.26,50.53,49.98,50.39,26931
DOW,12/29/2022,50.06,50.80,50.00,50.65,27396
DOW,12/28/2022,51.17,51.35,49.90,49.99,33231
DOW,12/27/2022,50.91,51.22,50.75,51.19,30643
DOW,12/23/2022,50.20,50.91,49.95,50.86,26218
DOW,12/22/2022,50.16,50.25,49.15,50.17,33399
DOW,12/21/2022,50.16,50.93,50.07,50.67,38247
DOW,12/20/2022,49.35,50.00,49.35,49.66,39918
DOW,12/19/2022,49.81,50.31,48.76,49.33,45174
DOW,12/16/2022,49.22,49.97,48.88,49.80,86907
DOW,12/15/2022,50.46,50.56,49.36,49.53,60871
DOW,12/14/2022,51.50,52.05,50.97,51.36,40251
DOW,12/13/2022,52.64,52.83,51.29,51.56,48648
DOW,12/12/2022,50.25,51.13,49.84,51.11,51233
DOW,12/09/2022,50.51,51.40,50.12,50.20,37971
DOW,12/08/2022,51.18,51.43,50.31,50.56,38142
DOW,12/07/2022,50.82,51.34,50.25,50.70,42426
DOW,12/06/2022,51.31,51.86,50.57,51.05,43211
DOW,12/05/2022,51.46,51.94,50.99,51.25,51041
DOW,12/02/2022,50.47,51.70,50.43,51.55,48487
DOW,12/01/2022,51.25,51.51,50.80,51.07,47567
DOW,11/30/2022,50.52,50.97,49.38,50.97,68682
DOW,11/29/2022,50.22,50.82,49.88,50.65,49022
DOW,11/28/2022,50.85,51.15,49.94,50.20,55975
DOW,11/25/2022,51.47,51.82,51.42,51.56,16481
DOW,11/23/2022,51.29,51.74,51.14,51.55,33542
DOW,11/22/2022,50.99,51.78,50.87,51.57,44748
DOW,11/21/2022,49.46,50.67,48.58,50.17,57170
DOW,11/18/2022,50.49,50.52,49.36,50.07,37471
DOW,11/17/2022,49.65,50.15,49.19,50.13,36088
DOW,11/16/2022,51.15,51.22,50.22,50.51,42833
DOW,11/15/2022,52.41,52.70,51.14,51.60,44338
DOW,11/14/2022,52.47,52.90,51.86,51.95,54838
DOW,11/11/2022,51.00,53.44,50.90,53.14,90028
DOW,11/10/2022,49.45,50.02,49.12,49.96,65529
DOW,11/09/2022,49.35,49.39,47.57,47.68,49949
DOW,11/08/2022,49.89,50.35,49.45,49.65,47341
DOW,11/07/2022,48.99,49.53,48.31,49.50,58480
DOW,11/04/2022,48.27,49.88,48.13,49.03,105590
DOW,11/03/2022,46.21,46.97,45.97,46.49,51082
DOW,11/02/2022,46.86,48.62,46.77,46.93,71594
DOW,11/01/2022,47.42,47.57,46.75,46.93,48842
DOW,10/31/2022,47.48,47.82,46.62,46.74,64163
DOW,10/28/2022,47.20,47.77,46.81,47.48,69232
DOW,10/27/2022,48.12,48.49,47.47,47.62,45213
DOW,10/26/2022,48.28,48.55,47.89,47.99,60202
DOW,10/25/2022,46.71,47.94,46.53,47.85,51871
DOW,10/24/2022,46.77,47.31,46.33,47.04,56274
DOW,10/21/2022,45.02,46.92,44.95,46.87,74280
DOW,10/20/2022,45.44,47.63,44.90,44.93,92556
DOW,10/19/2022,46.24,46.60,45.09,45.13,83686
DOW,10/18/2022,46.28,46.94,45.38,46.38,79686
DOW,10/17/2022,45.91,46.07,44.99,45.26,61947
DOW,10/14/2022,46.29,46.40,44.74,45.12,58878
DOW,10/13/2022,43.00,46.50,42.91,45.92,82604
DOW,10/12/2022,43.94,44.23,43.54,43.81,49758
DOW,10/11/2022,44.28,44.79,43.42,43.95,52082
DOW,10/10/2022,45.17,45.44,44.56,44.88,45563
DOW,10/07/2022,45.05,45.44,44.20,44.41,52161
DOW,10/06/2022,45.70,46.10,45.31,45.52,54274
DOW,10/05/2022,45.92,46.44,45.51,46.06,55640
DOW,10/04/2022,45.74,46.73,45.62,46.62,69562
DOW,10/03/2022,44.94,45.74,44.45,45.28,67729
DOW,09/30/2022,44.17,44.84,43.80,43.93,57200
DOW,09/29/2022,44.50,44.69,43.49,44.16,49047
DOW,09/28/2022,44.08,45.51,43.91,45.05,83108
DOW,09/27/2022,43.94,44.17,43.27,43.79,54316
DOW,09/26/2022,43.52,44.26,43.16,43.39,54915
DOW,09/23/2022,44.00,44.20,43.04,43.90,66972
DOW,09/22/2022,45.28,45.55,44.75,44.77,46236
DOW,09/21/2022,46.42,46.59,44.97,44.98,57444
DOW,09/20/2022,45.95,46.28,45.37,46.09,49902
DOW,09/19/2022,45.64,46.88,45.47,46.74,48853
DOW,09/16/2022,45.97,46.80,45.41,46.42,98252
DOW,09/15/2022,47.10,47.76,46.69,46.91,65214
DOW,09/14/2022,47.61,47.87,46.38,47.07,113238
DOW,09/13/2022,48.75,49.62,47.56,47.87,90803
DOW,09/12/2022,51.29,51.79,50.80,50.93,50086
DOW,09/09/2022,50.16,50.72,50.02,50.51,62357
DOW,09/08/2022,48.49,49.51,47.95,49.40,58856
DOW,09/07/2022,48.34,49.24,48.03,48.97,65138
DOW,09/06/2022,49.90,50.08,48.34,48.59,81011
DOW,09/02/2022,50.53,50.76,48.90,49.31,50838
DOW,09/01/2022,50.46,50.49,49.14,49.96,63656
DOW,08/31/2022,51.24,51.64,50.58,51.00,60684
DOW,08/30/2022,52.83,52.96,51.26,51.38,74472
DOW,08/29/2022,53.00,54.01,52.54,53.57,92849
DOW,08/26/2022,55.98,56.37,54.26,54.46,57695
DOW,08/25/2022,54.80,55.79,54.76,55.76,57296
DOW,08/24/2022,55.50,55.64,54.08,54.24,69487
DOW,08/23/2022,54.66,55.76,54.53,55.62,38909
DOW,08/22/2022,54.49,54.70,53.90,54.41,63067
DOW,08/19/2022,55.68,55.92,55.15,55.49,34475
DOW,08/18/2022,55.72,56.22,55.42,56.02,35199
DOW,08/17/2022,55.52,55.91,55.01,55.46,41531
DOW,08/16/2022,55.36,56.42,55.34,56.11,38575
DOW,08/15/2022,55.48,55.50,54.86,55.34,58945
DOW,08/12/2022,55.31,55.94,55.31,55.93,43685
DOW,08/11/2022,54.76,55.72,54.76,55.26,50337
DOW,08/10/2022,53.85,54.65,53.81,54.04,59525
DOW,08/09/2022,52.15,52.85,52.11,52.72,43252
DOW,08/08/2022,51.88,52.76,51.80,52.15,45062
DOW,08/05/2022,50.77,51.77,50.73,51.49,57276
DOW,08/04/2022,51.40,51.70,50.86,50.99,69635
DOW,08/03/2022,52.00,52.00,51.34,51.49,51241
DOW,08/02/2022,52.30,52.67,51.54,51.55,54766
DOW,08/01/2022,52.52,52.60,51.43,52.46,58094
DOW,07/29/2022,52.91,53.79,52.47,53.21,96437
DOW,07/28/2022,52.45,52.91,51.76,52.30,59843
DOW,07/27/2022,51.44,52.48,51.21,52.24,43170
DOW,07/26/2022,51.17,51.80,50.95,51.30,40470
DOW,07/25/2022,51.17,51.97,51.03,51.58,57665
DOW,07/22/2022,51.50,51.81,50.44,50.85,50435
DOW,07/21/2022,50.47,51.44,49.95,51.40,99694
DOW,07/20/2022,52.45,52.67,51.81,52.55,59013
DOW,07/19/2022,51.23,52.81,51.08,52.45,69866
DOW,07/18/2022,50.42,51.05,50.20,50.47,47962
DOW,07/15/2022,49.73,50.24,49.17,49.55,47985
DOW,07/14/2022,48.66,49.07,48.27,48.90,49575
DOW,07/13/2022,50.00,50.21,49.03,49.67,60622
DOW,07/12/2022,50.89,51.56,50.25,50.42,60658
DOW,07/11/2022,50.74,51.35,50.51,51.01,39144
DOW,07/08/2022,52.62,52.88,51.31,51.38,42165
DOW,07/07/2022,52.14,52.81,51.74,52.28,54918
DOW,07/06/2022,50.62,51.25,50.03,51.18,56538
DOW,07/05/2022,50.77,50.82,49.35,50.73,58890
DOW,07/01/2022,50.92,52.04,49.90,51.69,52060
DOW,06/30/2022,51.16,52.14,50.85,51.61,58472
DOW,06/29/2022,52.71,53.01,51.28,51.98,43318
DOW,06/28/2022,52.80,54.15,52.34,52.53,51063
DOW,06/27/2022,52.90,53.30,51.97,52.22,74994
DOW,06/24/2022,51.51,53.80,51.19,53.14,88518
DOW,06/23/2022,52.25,52.65,50.42,51.06,96162
DOW,06/22/2022,52.30,52.79,51.57,52.34,102911
DOW,06/21/2022,56.34,56.69,54.91,54.95,63810
DOW,06/17/2022,55.16,55.96,53.97,54.77,125647
DOW,06/16/2022,55.67,55.97,54.65,55.42,76101
DOW,06/15/2022,59.02,59.66,56.76,57.41,63806
DOW,06/14/2022,58.28,59.13,57.46,58.56,71287
DOW,06/13/2022,60.49,60.58,57.97,58.68,84535
DOW,06/10/2022,65.04,65.08,61.86,61.87,63787
DOW,06/09/2022,66.90,67.01,65.81,65.86,30966
DOW,06/08/2022,67.06,67.81,66.85,67.24,31732
DOW,06/07/2022,66.76,67.46,66.42,67.37,48681
DOW,06/06/2022,67.04,67.61,66.67,67.07,30591
DOW,06/03/2022,67.61,68.16,66.68,67.03,49319
DOW,06/02/2022,68.43,68.97,67.10,68.10,45710
DOW,06/01/2022,68.57,69.79,67.99,68.11,58560
DOW,05/31/2022,68.64,68.75,67.61,67.98,75166
DOW,05/27/2022,67.59,69.07,67.32,69.06,47149
DOW,05/26/2022,67.17,68.29,66.91,67.84,57162
DOW,05/25/2022,66.71,67.68,66.40,67.30,61505
DOW,05/24/2022,67.20,67.39,65.47,67.07,46606
DOW,05/23/2022,67.80,68.13,66.84,67.49,64787
DOW,05/20/2022,69.39,69.73,66.87,68.11,51518
DOW,05/19/2022,68.31,69.57,67.80,68.76,49599
DOW,05/18/2022,69.41,70.38,68.49,68.91,46118
DOW,05/17/2022,69.56,70.29,68.90,69.97,44814
DOW,05/16/2022,67.31,68.60,66.68,67.98,40213
DOW,05/13/2022,67.50,68.32,67.26,67.56,38913
DOW,05/12/2022,66.53,67.39,65.67,67.04,60242
DOW,05/11/2022,66.40,68.50,65.82,66.79,56681
DOW,05/10/2022,67.43,67.85,65.28,65.81,78664
DOW,05/09/2022,66.84,67.81,66.47,66.63,72327
DOW,05/06/2022,68.07,68.37,66.65,67.93,57972
DOW,05/05/2022,70.26,70.36,67.53,68.47,65163
DOW,05/04/2022,68.82,70.78,68.43,70.61,54732
DOW,05/03/2022,67.12,68.33,67.06,68.15,45795
DOW,05/02/2022,67.15,67.31,65.81,67.06,72108
DOW,04/29/2022,68.19,68.71,66.31,66.50,64632
DOW,04/28/2022,68.04,68.04,66.11,67.81,54645
DOW,04/27/2022,68.12,68.33,67.05,67.45,53485
DOW,04/26/2022,68.24,68.98,67.35,67.37,66028
DOW,04/25/2022,67.41,68.34,65.53,68.07,72328
DOW,04/22/2022,70.07,71.23,68.24,68.50,74129
DOW,04/21/2022,69.00,71.86,68.89,69.51,100039
DOW,04/20/2022,67.07,68.17,67.04,67.54,49681
DOW,04/19/2022,66.03,67.35,65.91,67.05,51834
DOW,04/18/2022,65.49,66.48,65.30,65.88,49545
DOW,04/14/2022,64.49,66.00,64.39,65.49,69670
DOW,04/13/2022,63.67,64.23,63.22,64.16,34016
DOW,04/12/2022,62.51,63.75,62.29,63.26,41151
DOW,04/11/2022,61.35,62.62,61.15,61.95,27529
DOW,04/08/2022,61.77,62.28,61.32,61.68,39051
DOW,04/07/2022,61.80,61.80,60.03,61.25,46295
DOW,04/06/2022,63.21,63.29,61.29,61.67,49719
DOW,04/05/2022,64.00,64.64,63.41,63.49,34238
DOW,04/04/2022,64.51,64.51,63.32,64.01,36320
DOW,04/01/2022,64.29,64.93,63.44,64.18,33024
DOW,03/31/2022,64.08,64.78,63.71,63.72,42368
DOW,03/30/2022,64.48,64.94,64.03,64.26,31364
DOW,03/29/2022,63.95,64.32,62.82,64.19,42007
DOW,03/28/2022,64.24,64.55,63.04,64.11,36381
DOW,03/25/2022,64.09,64.73,63.84,64.70,39353
DOW,03/24/2022,63.76,64.20,63.41,64.09,35812
DOW,03/23/2022,63.48,63.84,63.02,63.30,29099
DOW,03/22/2022,64.00,64.53,63.24,63.55,44781
DOW,03/21/2022,63.12,63.72,62.53,63.34,47491
DOW,03/18/2022,62.23,63.43,61.81,62.39,92521
DOW,03/17/2022,59.38,62.88,59.14,62.84,93811
DOW,03/16/2022,59.16,60.15,58.72,59.64,61349
DOW,03/15/2022,59.87,60.26,57.62,58.87,82917
DOW,03/14/2022,61.37,62.03,59.77,60.28,58347
DOW,03/11/2022,61.06,62.49,60.87,60.91,61119
DOW,03/10/2022,59.23,61.04,59.23,60.63,53759
DOW,03/09/2022,59.51,60.90,58.94,59.80,74137
DOW,03/08/2022,58.11,59.22,57.62,57.84,65585
DOW,03/07/2022,58.75,59.11,57.64,57.98,69718
DOW,03/04/2022,58.40,58.88,57.83,58.83,58692
DOW,03/03/2022,59.29,59.94,58.74,59.67,44964
DOW,03/02/2022,57.55,59.79,57.51,59.20,64963
DOW,03/01/2022,59.12,59.31,56.27,57.13,76653
DOW,02/28/2022,58.32,59.18,58.01,58.96,63412
DOW,02/25/2022,58.32,60.14,58.32,59.65,54223
DOW,02/24/2022,58.75,58.97,57.52,58.72,81054
DOW,02/23/2022,60.87,61.19,59.88,59.97,51479
DOW,02/22/2022,60.92,61.04,59.94,60.30,56342
DOW,02/18/2022,60.64,61.32,60.19,60.59,50381
DOW,02/17/2022,61.36,62.10,60.62,61.17,38837
DOW,02/16/2022,61.65,62.91,61.62,62.08,51275
DOW,02/15/2022,60.71,62.01,60.71,61.86,40573
DOW,02/14/2022,61.10,61.37,60.12,60.83,43582
