DV,06/23/2023,37.43,37.86,37.30,37.51,2213
DV,06/22/2023,37.59,38.47,37.39,38.06,12378
DV,06/21/2023,37.79,38.00,37.23,37.87,17541
DV,06/20/2023,36.84,37.92,36.84,37.78,17885
DV,06/16/2023,37.49,37.49,36.57,37.19,17110
DV,06/15/2023,36.53,37.09,36.30,36.97,8228
DV,06/14/2023,36.99,37.17,36.19,36.76,8465
DV,06/13/2023,36.40,36.90,36.02,36.46,13544
DV,06/12/2023,36.42,36.45,35.19,36.31,9866
DV,06/09/2023,35.61,36.39,35.54,36.15,13259
DV,06/08/2023,34.83,35.79,34.55,35.39,9554
DV,06/07/2023,36.17,36.95,34.33,34.73,14797
DV,06/06/2023,35.08,36.38,34.86,36.12,17026
DV,06/05/2023,34.71,35.25,34.28,35.03,10960
DV,06/02/2023,34.94,35.34,34.61,34.99,9326
DV,06/01/2023,34.44,34.87,34.10,34.75,14356
DV,05/31/2023,33.84,34.95,33.78,34.87,45455
DV,05/30/2023,34.00,34.54,33.43,34.05,15089
DV,05/26/2023,32.74,33.89,32.64,33.39,12190
DV,05/25/2023,32.99,33.22,32.75,32.81,17418
DV,05/24/2023,31.17,32.33,31.10,32.27,13102
DV,05/23/2023,31.29,32.38,31.21,31.46,11153
DV,05/22/2023,30.26,32.25,30.26,31.58,16170
DV,05/19/2023,29.99,30.22,29.59,30.18,8406
DV,05/18/2023,28.66,29.98,28.66,29.82,13078
DV,05/17/2023,28.05,28.99,28.05,28.64,8299
DV,05/16/2023,28.29,28.42,27.93,28.03,10021
DV,05/15/2023,28.26,29.10,27.78,28.37,13191
DV,05/12/2023,30.02,30.30,27.97,28.25,18294
DV,05/11/2023,30.20,30.61,28.47,29.73,31188
DV,05/10/2023,27.54,28.15,26.95,27.89,14141
DV,05/09/2023,27.00,27.60,26.95,27.05,9841
DV,05/08/2023,26.85,27.36,26.69,27.17,9056
DV,05/05/2023,26.78,27.28,26.62,26.89,6967
DV,05/04/2023,26.67,27.32,26.49,26.66,12164
DV,05/03/2023,27.32,27.48,26.52,26.59,13883
DV,05/02/2023,28.10,28.25,26.86,27.22,34937
DV,05/01/2023,29.32,29.70,28.89,28.91,12038
DV,04/28/2023,29.73,30.01,28.85,29.42,12283
DV,04/27/2023,29.89,30.10,29.57,29.94,9156
DV,04/26/2023,29.55,30.12,29.39,29.62,6919
DV,04/25/2023,30.03,30.06,29.03,29.19,12758
DV,04/24/2023,30.53,30.82,30.14,30.25,6364
DV,04/21/2023,30.36,30.67,30.28,30.50,6196
DV,04/20/2023,30.27,30.63,30.13,30.27,8120
DV,04/19/2023,30.39,30.87,30.10,30.50,8856
DV,04/18/2023,30.87,30.98,30.23,30.64,7787
DV,04/17/2023,30.24,30.72,30.10,30.57,6270
DV,04/14/2023,30.31,30.66,30.03,30.24,6621
DV,04/13/2023,30.36,30.89,30.03,30.74,9181
DV,04/12/2023,30.71,31.31,30.19,30.27,13531
DV,04/11/2023,30.39,30.86,30.12,30.13,10188
DV,04/10/2023,30.71,30.78,30.14,30.63,9019
DV,04/06/2023,30.09,30.86,29.75,30.82,6291
DV,04/05/2023,30.81,30.89,29.72,30.42,17324
DV,04/04/2023,31.15,31.18,30.54,30.95,8566
DV,04/03/2023,29.94,31.03,29.69,30.94,12623
DV,03/31/2023,29.16,30.37,29.09,30.15,10972
DV,03/30/2023,29.17,29.35,28.97,29.06,8954
DV,03/29/2023,28.86,29.28,28.47,28.98,10530
DV,03/28/2023,28.75,29.18,28.50,28.72,12315
DV,03/27/2023,29.20,29.38,28.38,28.75,12193
DV,03/24/2023,28.86,29.50,28.67,29.25,46989
DV,03/23/2023,28.41,29.48,28.36,28.88,17405
DV,03/22/2023,28.24,28.78,27.56,28.01,19647
DV,03/21/2023,25.85,27.29,25.85,27.20,11334
DV,03/20/2023,25.24,25.80,25.13,25.62,9203
DV,03/17/2023,25.53,25.69,24.93,25.30,13737
DV,03/16/2023,24.59,25.66,24.27,25.57,9494
DV,03/15/2023,25.00,25.06,24.39,24.60,7711
DV,03/14/2023,24.86,25.32,24.56,25.23,15079
DV,03/13/2023,24.26,25.00,23.42,24.33,12510
DV,03/10/2023,25.41,25.58,24.15,24.66,19349
DV,03/09/2023,26.52,26.86,25.24,25.52,12605
DV,03/08/2023,26.31,26.62,25.79,26.45,12343
DV,03/07/2023,26.86,26.93,26.05,26.36,24935
DV,03/06/2023,26.50,26.98,25.81,26.75,66906
DV,03/03/2023,27.27,28.11,27.27,27.71,10460
DV,03/02/2023,28.28,28.50,26.83,27.26,32607
DV,03/01/2023,26.44,26.59,25.68,26.01,11120
DV,02/28/2023,26.31,26.84,26.03,26.27,8363
DV,02/27/2023,26.58,26.85,26.33,26.46,8935
DV,02/24/2023,26.01,26.53,25.59,26.37,7485
DV,02/23/2023,27.30,27.30,26.46,26.48,7215
DV,02/22/2023,27.69,27.81,26.92,27.05,10025
DV,02/21/2023,26.93,27.44,26.70,27.36,6964
DV,02/17/2023,27.54,27.54,26.92,27.38,6195
DV,02/16/2023,27.62,28.09,27.37,27.68,5637
DV,02/15/2023,27.34,28.63,27.14,28.32,14517
DV,02/14/2023,27.10,28.18,26.85,27.41,9696
DV,02/13/2023,27.68,27.95,27.21,27.37,8930
DV,02/10/2023,27.02,27.55,26.95,27.45,8512
DV,02/09/2023,28.13,28.79,27.31,27.34,6678
DV,02/08/2023,28.29,28.60,27.66,27.85,7431
DV,02/07/2023,27.73,28.53,27.43,28.46,7173
DV,02/06/2023,27.28,28.37,27.28,27.84,10758
DV,02/03/2023,27.08,28.50,27.02,27.69,16569
DV,02/02/2023,27.87,28.88,27.63,28.14,26523
DV,02/01/2023,27.21,27.36,26.33,27.20,18685
DV,01/31/2023,26.93,27.39,26.65,27.19,22611
DV,01/30/2023,27.40,28.45,26.75,26.95,177070
DV,01/27/2023,27.49,28.01,27.24,27.60,31938
DV,01/26/2023,27.53,28.31,27.06,27.57,51620
DV,01/25/2023,24.26,25.47,23.66,25.44,8287
DV,01/24/2023,23.96,25.13,23.96,24.74,6203
DV,01/23/2023,23.57,24.34,23.36,24.28,7412
DV,01/20/2023,23.07,23.70,22.90,23.50,5797
DV,01/19/2023,22.99,23.33,22.75,22.89,3718
DV,01/18/2023,23.91,24.38,23.06,23.12,7117
DV,01/17/2023,23.62,23.82,22.91,23.68,9208
DV,01/13/2023,23.70,23.97,23.34,23.61,6910
DV,01/12/2023,23.63,23.95,23.35,23.93,5118
DV,01/11/2023,24.59,25.55,23.28,23.60,15280
DV,01/10/2023,23.62,24.52,23.41,24.51,8630
DV,01/09/2023,22.47,23.21,22.33,22.91,10840
DV,01/06/2023,22.05,22.10,20.38,22.02,16078
DV,01/05/2023,22.03,22.30,21.62,21.99,13218
DV,01/04/2023,21.90,22.76,21.73,22.25,9729
DV,01/03/2023,22.22,22.59,21.16,21.78,7273
DV,12/30/2022,21.55,22.05,21.52,21.96,4432
DV,12/29/2022,21.71,22.19,21.50,21.92,5234
DV,12/28/2022,21.78,22.06,21.33,21.44,3645
DV,12/27/2022,21.62,21.90,21.29,21.74,4457
DV,12/23/2022,21.92,22.00,21.56,21.82,4088
DV,12/22/2022,22.27,22.44,21.77,22.00,5391
DV,12/21/2022,22.76,23.01,22.22,22.55,6117
DV,12/20/2022,22.39,22.98,22.27,22.73,6580
DV,12/19/2022,23.50,23.67,22.02,22.58,12646
DV,12/16/2022,24.31,24.97,23.35,23.54,15321
DV,12/15/2022,24.50,24.88,24.44,24.63,6889
DV,12/14/2022,25.37,25.85,24.97,25.07,6076
DV,12/13/2022,26.00,26.69,25.25,25.39,7057
DV,12/12/2022,24.44,25.32,24.44,25.00,5816
DV,12/09/2022,24.80,24.92,24.41,24.44,4508
DV,12/08/2022,24.83,25.32,24.37,25.00,5082
DV,12/07/2022,25.05,25.47,24.63,24.64,3774
DV,12/06/2022,26.23,26.30,25.07,25.11,3842
DV,12/05/2022,27.57,27.70,26.23,26.36,5710
DV,12/02/2022,26.67,27.72,26.30,27.59,7268
DV,12/01/2022,26.11,27.39,25.93,27.16,8648
DV,11/30/2022,24.82,26.20,24.72,26.20,7641
DV,11/29/2022,25.12,25.33,24.74,24.89,4625
DV,11/28/2022,25.01,25.19,24.34,25.08,9635
DV,11/25/2022,25.62,25.69,25.29,25.32,2949
DV,11/23/2022,25.54,26.21,25.41,25.87,6875
DV,11/22/2022,25.73,25.82,25.22,25.52,5480
DV,11/21/2022,25.55,26.25,25.42,25.86,7773
DV,11/18/2022,26.40,26.40,25.53,25.80,8356
DV,11/17/2022,25.55,26.48,25.19,26.21,9305
DV,11/16/2022,26.06,26.54,25.73,26.26,10087
DV,11/15/2022,26.64,27.19,26.38,26.49,17044
DV,11/14/2022,26.40,26.54,25.80,26.00,26371
DV,11/11/2022,26.40,26.49,25.69,26.44,70449
DV,11/10/2022,26.35,28.26,25.87,28.00,21842
DV,11/09/2022,24.32,24.87,23.20,24.71,23660
DV,11/08/2022,23.80,24.42,23.20,23.44,15927
DV,11/07/2022,24.03,24.18,23.39,23.70,9733
DV,11/04/2022,25.33,25.41,23.65,23.97,23416
DV,11/03/2022,25.41,25.94,24.75,25.13,14536
DV,11/02/2022,28.89,29.23,25.73,25.92,24986
DV,11/01/2022,29.87,30.00,28.79,28.89,6324
DV,10/31/2022,29.22,29.90,28.93,29.23,7210
DV,10/28/2022,30.04,30.22,28.43,29.45,18078
DV,10/27/2022,30.40,31.38,29.52,30.35,11042
DV,10/26/2022,30.66,31.47,29.81,30.30,20592
DV,10/25/2022,30.33,32.43,30.32,31.41,33360
DV,10/24/2022,28.94,29.95,27.91,29.71,17918
DV,10/21/2022,28.16,28.38,27.35,28.35,16587
DV,10/20/2022,28.21,29.24,28.21,28.36,8332
DV,10/19/2022,28.69,28.80,28.02,28.21,5371
DV,10/18/2022,29.15,29.97,28.30,28.83,14840
DV,10/17/2022,27.55,28.91,27.55,28.60,9965
DV,10/14/2022,28.58,29.01,26.94,27.03,11176
DV,10/13/2022,26.22,28.24,25.68,28.16,12816
DV,10/12/2022,26.81,26.89,25.88,26.79,6689
DV,10/11/2022,27.26,27.26,25.87,26.72,11295
DV,10/10/2022,27.11,27.34,26.35,27.34,10888
DV,10/07/2022,28.20,28.27,26.86,27.17,11079
DV,10/06/2022,28.08,28.75,28.08,28.57,11245
DV,10/05/2022,28.08,28.83,27.90,28.00,8148
DV,10/04/2022,28.33,29.09,27.71,28.45,14807
DV,10/03/2022,27.60,28.21,27.11,27.76,10737
DV,09/30/2022,27.43,28.36,27.31,27.35,9915
DV,09/29/2022,27.57,28.02,27.16,27.76,9092
DV,09/28/2022,27.15,28.12,26.88,27.85,7261
DV,09/27/2022,26.59,27.55,26.59,27.06,9434
DV,09/26/2022,26.21,27.04,25.89,26.15,5781
DV,09/23/2022,26.03,26.35,25.36,26.21,8989
DV,09/22/2022,26.47,26.78,26.09,26.36,9373
DV,09/21/2022,27.35,27.51,26.62,26.78,5568
DV,09/20/2022,27.24,27.80,26.77,27.12,7423
DV,09/19/2022,26.95,27.64,26.00,27.49,12726
DV,09/16/2022,28.08,28.08,27.17,27.34,58904
DV,09/15/2022,28.56,29.21,28.25,28.56,9778
DV,09/14/2022,28.77,29.09,28.41,28.96,10095
DV,09/13/2022,28.31,29.05,27.52,28.71,13213
DV,09/12/2022,29.25,29.51,29.06,29.13,15360
DV,09/09/2022,28.69,29.92,28.39,29.26,21104
DV,09/08/2022,27.80,29.25,27.72,28.42,20450
DV,09/07/2022,26.34,28.14,26.11,27.90,17700
DV,09/06/2022,26.23,26.98,25.95,26.34,10892
DV,09/02/2022,26.24,26.30,25.52,25.92,6546
DV,09/01/2022,25.46,25.88,24.97,25.86,6924
DV,08/31/2022,25.65,26.17,25.47,25.85,6949
DV,08/30/2022,26.18,26.32,25.20,25.41,4687
DV,08/29/2022,25.76,26.57,25.66,25.86,6181
DV,08/26/2022,26.85,27.31,25.91,26.08,6620
DV,08/25/2022,26.65,26.96,26.35,26.84,5339
DV,08/24/2022,26.46,27.10,26.34,26.41,3325
DV,08/23/2022,26.58,26.93,26.17,26.35,3656
DV,08/22/2022,26.40,26.54,25.99,26.51,7820
DV,08/19/2022,27.02,27.02,26.44,26.83,4270
DV,08/18/2022,26.76,27.22,26.44,27.20,5882
DV,08/17/2022,26.97,27.45,26.76,27.04,5538
DV,08/16/2022,27.15,27.56,26.83,27.35,4221
DV,08/15/2022,26.95,27.35,26.56,27.33,5871
DV,08/12/2022,27.45,27.89,27.06,27.33,8849
DV,08/11/2022,27.71,27.97,26.62,27.05,16201
DV,08/10/2022,27.20,27.85,26.09,27.50,42063
DV,08/09/2022,26.31,26.61,25.72,26.58,6539
DV,08/08/2022,26.10,26.77,25.98,26.54,14235
DV,08/05/2022,24.76,26.25,24.29,26.00,8040
DV,08/04/2022,27.12,27.60,24.85,25.17,25284
DV,08/03/2022,23.07,25.03,23.07,23.87,10453
DV,08/02/2022,22.27,23.23,22.15,23.05,6139
DV,08/01/2022,22.72,22.74,22.00,22.62,8557
DV,07/29/2022,23.18,23.48,22.64,22.93,7012
DV,07/28/2022,23.08,23.85,22.62,23.47,3862
DV,07/27/2022,23.22,23.49,22.94,23.25,4575
DV,07/26/2022,23.14,23.14,22.26,22.64,3792
DV,07/25/2022,24.01,24.01,23.00,23.24,5038
DV,07/22/2022,25.03,25.03,23.78,23.99,8511
DV,07/21/2022,24.26,24.83,24.02,24.83,6303
DV,07/20/2022,23.76,24.82,23.65,24.39,8418
DV,07/19/2022,24.09,24.10,23.43,23.60,3145
DV,07/18/2022,24.52,24.73,23.44,23.56,5956
DV,07/15/2022,23.35,24.25,23.02,24.23,5872
DV,07/14/2022,22.64,22.92,21.86,22.52,4575
DV,07/13/2022,21.97,23.06,21.61,22.83,3946
DV,07/12/2022,23.81,24.08,22.32,22.57,4782
DV,07/11/2022,24.26,24.26,23.38,23.71,4505
DV,07/08/2022,24.16,25.08,23.93,24.51,4177
DV,07/07/2022,23.73,24.68,23.73,24.54,5850
DV,07/06/2022,24.59,24.98,23.72,23.75,7889
DV,07/05/2022,23.38,24.79,22.71,24.68,7096
DV,07/01/2022,22.75,23.70,22.40,23.62,5000
DV,06/30/2022,22.06,22.90,21.21,22.67,6446
DV,06/29/2022,22.09,22.44,21.70,22.29,4908
DV,06/28/2022,24.19,24.28,22.26,22.27,5468
DV,06/27/2022,24.51,24.70,23.86,24.12,7339
DV,06/24/2022,23.70,24.50,23.38,24.49,10836
DV,06/23/2022,22.61,23.86,22.52,23.32,6321
DV,06/22/2022,21.31,23.47,21.24,22.53,12319
DV,06/21/2022,21.57,22.39,21.47,21.73,8021
DV,06/17/2022,20.63,21.66,20.48,21.20,8835
DV,06/16/2022,21.01,21.47,20.28,20.48,9107
DV,06/15/2022,21.36,22.19,21.32,21.78,9010
DV,06/14/2022,21.46,21.56,20.78,21.10,7066
DV,06/13/2022,21.10,21.81,20.91,21.14,7994
DV,06/10/2022,22.23,22.52,21.69,22.00,8547
DV,06/09/2022,22.60,23.09,22.32,22.75,7345
DV,06/08/2022,23.00,23.39,22.60,22.78,3846
DV,06/07/2022,22.28,23.01,22.00,22.97,6706
DV,06/06/2022,23.14,23.19,21.70,22.45,5417
DV,06/03/2022,22.91,23.09,22.30,22.62,4160
DV,06/02/2022,22.59,23.59,22.43,23.33,5155
DV,06/01/2022,22.29,23.19,22.25,22.60,7059
DV,05/31/2022,23.10,23.17,21.77,22.25,14205
DV,05/27/2022,22.80,23.68,22.80,23.00,5321
DV,05/26/2022,22.05,22.81,21.95,22.74,4716
DV,05/25/2022,21.14,22.54,20.99,22.19,5591
DV,05/24/2022,22.38,22.38,20.70,21.26,6904
DV,05/23/2022,22.29,22.99,21.87,22.81,4240
DV,05/20/2022,22.23,22.43,21.17,22.31,5328
DV,05/19/2022,21.20,22.78,21.20,21.96,8585
DV,05/18/2022,21.43,22.44,20.77,21.22,6435
DV,05/17/2022,21.38,22.18,20.91,21.85,21390
DV,05/16/2022,21.79,22.35,20.56,20.75,10921
DV,05/13/2022,20.83,22.15,20.42,22.09,20277
DV,05/12/2022,18.56,21.12,18.19,20.44,14873
DV,05/11/2022,18.52,20.98,18.40,18.60,14801
DV,05/10/2022,19.69,19.69,17.22,18.28,16118
DV,05/09/2022,20.36,20.86,18.97,19.15,13857
DV,05/06/2022,21.14,22.13,20.02,20.85,7473
DV,05/05/2022,21.70,21.70,20.39,21.39,7980
DV,05/04/2022,21.58,22.16,20.59,22.13,6417
DV,05/03/2022,22.19,22.35,21.23,21.50,3459
DV,05/02/2022,21.59,22.67,21.37,22.03,5785
DV,04/29/2022,22.48,23.00,21.72,21.75,2643
DV,04/28/2022,21.85,23.32,21.27,22.53,4702
DV,04/27/2022,21.98,22.51,21.38,21.74,4457
DV,04/26/2022,22.63,22.81,21.61,22.02,5029
DV,04/25/2022,21.85,23.04,21.85,22.75,6782
DV,04/22/2022,22.36,23.08,22.00,22.08,2913
DV,04/21/2022,24.16,24.91,22.36,22.59,3273
DV,04/20/2022,24.35,24.43,23.26,23.90,4910
DV,04/19/2022,23.43,24.62,23.43,24.03,7276
DV,04/18/2022,24.18,24.28,23.26,23.62,5580
DV,04/14/2022,24.79,24.94,23.82,24.25,4228
DV,04/13/2022,24.57,25.09,24.02,24.68,6206
DV,04/12/2022,24.91,25.46,24.14,24.82,6980
DV,04/11/2022,24.10,24.85,23.50,24.37,2932
DV,04/08/2022,24.05,24.57,23.59,24.50,8211
DV,04/07/2022,24.13,25.02,23.84,24.32,4334
DV,04/06/2022,24.24,24.55,23.33,24.31,5531
DV,04/05/2022,26.00,26.28,24.74,24.88,3372
DV,04/04/2022,25.56,26.98,25.56,26.12,4259
DV,04/01/2022,26.24,27.05,25.63,25.89,5729
DV,03/31/2022,25.60,25.78,24.97,25.17,5913
DV,03/30/2022,26.02,26.52,25.30,25.56,7511
DV,03/29/2022,25.24,26.60,24.94,26.44,5166
DV,03/28/2022,24.90,25.39,23.96,24.79,5228
DV,03/25/2022,25.62,25.70,24.46,24.91,7555
DV,03/24/2022,25.02,25.98,23.74,25.55,9587
DV,03/23/2022,25.00,25.22,23.94,24.77,10887
DV,03/22/2022,25.63,26.79,25.29,25.31,4546
DV,03/21/2022,26.11,26.86,24.66,25.66,8120
DV,03/18/2022,25.25,26.78,25.25,26.36,20118
DV,03/17/2022,24.42,26.17,24.09,25.26,14489
DV,03/16/2022,21.42,24.97,21.42,24.85,9783
DV,03/15/2022,20.50,21.24,20.12,21.11,13892
DV,03/14/2022,21.55,22.42,19.95,20.56,14947
DV,03/11/2022,23.04,23.50,21.62,21.83,8916
DV,03/10/2022,23.21,23.66,22.75,22.81,6957
DV,03/09/2022,23.70,24.69,21.94,23.73,14725
DV,03/08/2022,23.53,24.35,22.96,23.62,6617
DV,03/07/2022,25.22,25.57,23.67,23.70,8090
DV,03/04/2022,26.06,26.50,23.95,25.07,8234
DV,03/03/2022,27.43,27.92,25.60,26.10,3988
DV,03/02/2022,28.16,28.31,26.84,27.32,3602
DV,03/01/2022,27.75,28.88,27.71,27.91,6829
DV,02/28/2022,26.80,28.20,26.63,27.65,10638
DV,02/25/2022,25.42,27.40,24.94,27.16,10485
DV,02/24/2022,22.85,25.53,22.52,25.43,14621
DV,02/23/2022,26.10,26.36,23.99,24.02,8157
DV,02/22/2022,25.97,27.44,25.73,26.92,5512
DV,02/18/2022,27.26,27.66,25.94,26.24,3906
DV,02/17/2022,27.71,28.13,26.91,27.27,2819
DV,02/16/2022,28.70,28.70,27.37,28.18,2418
DV,02/15/2022,27.71,29.18,27.51,29.10,5349
DV,02/14/2022,26.73,28.42,26.18,27.23,2740
