EIX,06/23/2023,68.96,69.12,68.43,68.94,1541
EIX,06/22/2023,70.00,70.21,68.95,69.09,10563
EIX,06/21/2023,68.69,69.97,68.37,69.73,12417
EIX,06/20/2023,70.23,70.25,68.65,68.77,13790
EIX,06/16/2023,69.19,70.67,69.05,70.18,36476
EIX,06/15/2023,68.53,69.10,67.98,68.80,10929
EIX,06/14/2023,68.12,68.68,67.89,68.17,17589
EIX,06/13/2023,67.21,68.15,67.13,67.88,11552
EIX,06/12/2023,67.90,68.16,67.25,67.65,11323
EIX,06/09/2023,68.57,68.74,67.15,67.72,19807
EIX,06/08/2023,68.60,68.89,67.74,68.57,14095
EIX,06/07/2023,67.06,68.79,66.36,68.70,15450
EIX,06/06/2023,67.37,67.63,66.70,66.71,10130
EIX,06/05/2023,66.79,68.00,66.52,66.80,9119
EIX,06/02/2023,66.46,67.47,66.01,66.68,18735
EIX,06/01/2023,67.31,67.54,66.07,66.68,20356
EIX,05/31/2023,65.73,67.66,65.73,67.52,37861
EIX,05/30/2023,65.69,66.92,65.50,65.72,14541
EIX,05/26/2023,65.60,66.19,64.66,65.63,15874
EIX,05/25/2023,66.43,66.46,65.12,65.66,14063
EIX,05/24/2023,67.00,67.39,66.31,66.58,10206
EIX,05/23/2023,67.49,68.34,67.27,67.37,10054
EIX,05/22/2023,68.52,68.70,67.39,67.68,13690
EIX,05/19/2023,69.28,69.61,68.12,68.24,16855
EIX,05/18/2023,69.30,69.43,68.21,68.85,15028
EIX,05/17/2023,70.61,70.62,69.57,69.74,15819
EIX,05/16/2023,72.23,72.24,70.25,70.30,12147
EIX,05/15/2023,74.01,74.24,71.97,72.24,12559
EIX,05/12/2023,73.73,74.32,73.00,73.68,15028
EIX,05/11/2023,74.29,74.39,72.99,73.21,20103
EIX,05/10/2023,74.09,74.40,73.46,74.19,9557
EIX,05/09/2023,73.17,73.71,72.93,73.63,11106
EIX,05/08/2023,73.32,73.97,72.96,73.39,7831
EIX,05/05/2023,71.89,73.73,71.06,73.56,15693
EIX,05/04/2023,72.31,73.28,70.92,72.49,23458
EIX,05/03/2023,74.41,74.41,71.43,71.67,26252
EIX,05/02/2023,73.95,74.12,72.70,73.28,22028
EIX,05/01/2023,73.73,74.92,73.51,73.95,13117
EIX,04/28/2023,73.30,73.87,73.21,73.60,16387
EIX,04/27/2023,73.31,73.71,72.50,73.57,11424
EIX,04/26/2023,73.33,73.94,72.48,73.00,15443
EIX,04/25/2023,73.50,74.10,73.39,73.77,8809
EIX,04/24/2023,73.06,73.68,72.76,73.67,8716
EIX,04/21/2023,73.50,73.61,72.75,72.93,8988
EIX,04/20/2023,72.82,73.35,72.44,73.00,11061
EIX,04/19/2023,72.08,73.19,72.08,72.74,12791
EIX,04/18/2023,72.10,72.84,71.95,72.11,13949
EIX,04/17/2023,71.77,72.18,71.45,72.08,13987
EIX,04/14/2023,72.22,72.35,71.44,71.61,12841
EIX,04/13/2023,72.50,73.25,71.63,72.95,16587
EIX,04/12/2023,73.15,73.32,72.63,73.07,15460
EIX,04/11/2023,72.82,73.31,72.68,72.81,12000
EIX,04/10/2023,72.19,72.92,71.94,72.84,11211
EIX,04/06/2023,72.50,72.75,71.76,72.56,13141
EIX,04/05/2023,70.59,72.45,70.31,72.26,19133
EIX,04/04/2023,70.34,70.69,69.79,70.29,15115
EIX,04/03/2023,70.13,71.20,69.67,70.54,24683
EIX,03/31/2023,70.17,70.66,69.73,70.59,19269
EIX,03/30/2023,69.27,70.04,69.27,70.00,23612
EIX,03/29/2023,69.19,69.99,69.14,69.80,18494
EIX,03/28/2023,68.35,69.43,68.27,68.70,14984
EIX,03/27/2023,68.80,69.06,68.31,68.53,19566
EIX,03/24/2023,66.10,68.42,65.81,68.38,20413
EIX,03/23/2023,66.16,67.59,65.36,66.04,26127
EIX,03/22/2023,67.70,68.24,66.29,66.31,18727
EIX,03/21/2023,69.20,69.45,67.22,67.81,24235
EIX,03/20/2023,68.20,69.32,68.11,69.00,22017
EIX,03/17/2023,68.95,69.01,67.39,67.76,48239
EIX,03/16/2023,67.53,69.06,67.14,68.98,21933
EIX,03/15/2023,67.74,68.91,67.22,68.12,20487
EIX,03/14/2023,68.07,69.06,67.40,68.30,15118
EIX,03/13/2023,65.87,68.62,65.73,67.39,15757
EIX,03/10/2023,67.19,67.35,65.77,66.23,18562
EIX,03/09/2023,68.54,68.78,66.82,67.00,16703
EIX,03/08/2023,67.35,68.42,67.15,68.29,15738
EIX,03/07/2023,68.58,68.71,67.05,67.39,18841
EIX,03/06/2023,67.36,68.50,67.33,68.42,23658
EIX,03/03/2023,65.79,67.34,65.36,67.30,17854
EIX,03/02/2023,64.40,65.70,63.93,65.56,24364
EIX,03/01/2023,65.86,66.00,64.40,64.59,26782
EIX,02/28/2023,67.94,68.15,66.17,66.21,29762
EIX,02/27/2023,69.10,69.79,68.03,68.13,18298
EIX,02/24/2023,66.55,68.89,66.51,68.63,33351
EIX,02/23/2023,66.65,67.04,65.51,65.86,21423
EIX,02/22/2023,66.45,67.18,66.03,66.20,17026
EIX,02/21/2023,67.35,67.54,66.48,66.71,16478
EIX,02/17/2023,67.32,67.86,66.71,67.59,60456
EIX,02/16/2023,66.84,67.60,66.26,67.22,9176
EIX,02/15/2023,67.26,67.73,66.78,67.70,12858
EIX,02/14/2023,67.84,68.42,67.25,67.54,9078
EIX,02/13/2023,67.01,68.17,66.99,68.02,10808
EIX,02/10/2023,66.04,67.15,65.84,67.01,10238
EIX,02/09/2023,66.91,67.30,65.70,65.81,9922
EIX,02/08/2023,66.96,67.31,66.62,66.81,10200
EIX,02/07/2023,67.55,67.86,66.72,67.31,14125
EIX,02/06/2023,66.61,67.84,66.34,67.81,22617
EIX,02/03/2023,68.13,68.32,66.23,66.87,22722
EIX,02/02/2023,68.03,70.06,67.64,68.74,24133
EIX,02/01/2023,68.03,68.61,66.91,67.87,22312
EIX,01/31/2023,68.63,68.92,67.69,68.90,21493
EIX,01/30/2023,68.37,68.97,68.10,68.14,13307
EIX,01/27/2023,68.29,68.89,68.10,68.74,12113
EIX,01/26/2023,67.40,68.50,67.37,68.37,16066
EIX,01/25/2023,67.17,67.74,66.93,67.53,16145
EIX,01/24/2023,66.85,68.08,66.22,67.82,14167
EIX,01/23/2023,66.71,68.17,66.64,67.03,18562
EIX,01/20/2023,65.67,66.80,64.93,66.73,18693
EIX,01/19/2023,66.46,66.66,65.24,65.67,22711
EIX,01/18/2023,68.94,68.99,66.76,66.79,18774
EIX,01/17/2023,68.74,69.66,68.55,68.70,26532
EIX,01/13/2023,67.93,68.39,67.19,68.20,14834
EIX,01/12/2023,69.50,69.80,68.43,68.45,37528
EIX,01/11/2023,68.36,69.48,68.04,69.42,42047
EIX,01/10/2023,67.41,68.42,66.40,68.20,27327
EIX,01/09/2023,66.85,68.28,66.55,67.79,19591
EIX,01/06/2023,65.67,67.19,65.64,66.87,15914
EIX,01/05/2023,65.91,66.12,64.33,64.89,17373
EIX,01/04/2023,64.80,66.99,64.58,66.39,30938
EIX,01/03/2023,64.01,64.37,62.87,64.28,17697
EIX,12/30/2022,64.45,64.52,62.72,63.62,15315
EIX,12/29/2022,64.43,64.91,64.24,64.40,14181
EIX,12/28/2022,65.96,66.17,64.88,65.02,11896
EIX,12/27/2022,65.40,66.09,64.94,65.82,10581
EIX,12/23/2022,64.43,65.25,64.23,65.18,9974
EIX,12/22/2022,64.77,64.89,63.37,64.50,15956
EIX,12/21/2022,65.23,65.56,64.77,65.22,13608
EIX,12/20/2022,65.04,65.10,64.19,64.88,12196
EIX,12/19/2022,65.00,65.78,64.34,64.95,13345
EIX,12/16/2022,66.06,66.25,64.35,65.10,45257
EIX,12/15/2022,67.16,67.27,66.00,66.73,17906
EIX,12/14/2022,68.03,68.96,67.39,67.65,16124
EIX,12/13/2022,68.49,69.05,66.83,67.87,16621
EIX,12/12/2022,66.29,67.64,65.74,67.42,19053
EIX,12/09/2022,65.39,66.67,65.29,65.79,14919
EIX,12/08/2022,65.40,65.64,65.19,65.40,18017
EIX,12/07/2022,65.94,66.44,65.23,65.37,17571
EIX,12/06/2022,65.04,66.06,65.00,66.02,18161
EIX,12/05/2022,64.76,65.43,64.69,65.12,12191
EIX,12/02/2022,64.72,65.50,64.53,65.37,16097
EIX,12/01/2022,67.01,67.10,65.45,65.52,27760
EIX,11/30/2022,63.39,66.72,63.14,66.66,54878
EIX,11/29/2022,63.14,63.71,62.58,63.51,22179
EIX,11/28/2022,63.64,63.99,63.18,63.39,25847
EIX,11/25/2022,64.03,64.43,63.81,64.23,6259
EIX,11/23/2022,62.32,63.75,62.32,63.73,17173
EIX,11/22/2022,62.56,63.60,62.00,62.43,10788
EIX,11/21/2022,61.61,62.39,61.52,61.96,11787
EIX,11/18/2022,60.58,62.06,60.58,61.72,17198
EIX,11/17/2022,60.30,60.46,59.30,59.84,12560
EIX,11/16/2022,60.59,61.37,60.56,61.03,13855
EIX,11/15/2022,60.64,61.44,59.88,60.67,22182
EIX,11/14/2022,59.97,60.54,59.73,59.92,18710
EIX,11/11/2022,60.38,60.47,59.22,59.87,13218
EIX,11/10/2022,59.31,60.44,58.50,60.29,19141
EIX,11/09/2022,57.80,58.18,57.26,57.31,11894
EIX,11/08/2022,58.07,58.54,57.38,58.01,15114
EIX,11/07/2022,58.78,58.92,56.67,57.75,18475
EIX,11/04/2022,58.80,59.76,58.16,59.03,13538
EIX,11/03/2022,58.31,59.09,57.79,58.45,17256
EIX,11/02/2022,59.47,60.52,58.19,58.76,33088
EIX,11/01/2022,60.80,60.80,59.73,60.51,16765
EIX,10/31/2022,59.82,60.43,59.24,60.04,22816
EIX,10/28/2022,58.66,60.28,58.66,60.23,19315
EIX,10/27/2022,57.61,58.68,57.47,58.38,22846
EIX,10/26/2022,57.26,57.55,56.52,56.88,15442
EIX,10/25/2022,55.62,57.20,55.55,56.85,37875
EIX,10/24/2022,56.00,56.50,55.30,55.77,15898
EIX,10/21/2022,55.07,56.00,54.72,55.64,13370
EIX,10/20/2022,56.75,56.75,54.68,54.94,13293
EIX,10/19/2022,56.56,57.21,56.18,56.74,13927
EIX,10/18/2022,57.83,58.18,56.86,57.42,17418
EIX,10/17/2022,55.94,57.28,55.94,57.12,19546
EIX,10/14/2022,57.45,57.70,54.94,55.03,27483
EIX,10/13/2022,55.00,57.21,54.45,56.90,18580
EIX,10/12/2022,57.15,57.43,55.51,55.56,18099
EIX,10/11/2022,57.62,58.37,57.10,57.46,13064
EIX,10/10/2022,58.87,59.53,57.83,57.85,16085
EIX,10/07/2022,58.63,58.94,57.94,58.63,27790
EIX,10/06/2022,59.95,60.00,58.25,58.65,28946
EIX,10/05/2022,59.93,60.68,59.17,60.09,21617
EIX,10/04/2022,59.34,60.94,59.22,60.83,27781
EIX,10/03/2022,57.81,59.66,57.33,59.40,30447
EIX,09/30/2022,57.82,58.00,56.56,56.58,62259
EIX,09/29/2022,60.44,60.49,57.40,57.46,25431
EIX,09/28/2022,62.15,62.32,61.07,61.31,40177
EIX,09/27/2022,63.49,64.07,61.29,61.37,22477
EIX,09/26/2022,64.76,64.92,62.52,63.17,17420
EIX,09/23/2022,65.00,65.14,63.46,64.86,13359
EIX,09/22/2022,66.20,66.57,65.51,65.80,14972
EIX,09/21/2022,68.13,68.38,66.20,66.21,13140
EIX,09/20/2022,67.90,68.10,66.95,67.71,11979
EIX,09/19/2022,67.30,68.49,67.01,68.37,11962
EIX,09/16/2022,68.42,68.45,66.98,67.52,28397
EIX,09/15/2022,69.24,69.33,68.12,68.30,20151
EIX,09/14/2022,69.17,69.81,68.95,69.49,17892
EIX,09/13/2022,70.35,70.64,68.43,68.90,16412
EIX,09/12/2022,69.18,71.20,69.18,71.12,17991
EIX,09/09/2022,69.08,69.54,68.13,69.10,13147
EIX,09/08/2022,67.90,68.68,67.55,68.53,14251
EIX,09/07/2022,66.02,68.16,66.02,68.03,22233
EIX,09/06/2022,67.16,67.50,65.24,65.87,32146
EIX,09/02/2022,68.56,69.26,67.78,67.96,12938
EIX,09/01/2022,67.76,68.55,67.04,68.27,16947
EIX,08/31/2022,68.74,69.37,67.74,67.77,19594
EIX,08/30/2022,69.59,69.79,68.40,68.82,10900
EIX,08/29/2022,68.84,70.07,68.19,69.65,9035
EIX,08/26/2022,70.20,70.50,69.18,69.27,10385
EIX,08/25/2022,69.42,70.11,68.79,70.09,11498
EIX,08/24/2022,69.07,69.26,68.36,69.16,10408
EIX,08/23/2022,70.28,70.28,69.14,69.36,11886
EIX,08/22/2022,71.03,71.10,70.07,70.23,7698
EIX,08/19/2022,71.71,71.86,71.15,71.54,12138
EIX,08/18/2022,72.16,72.57,71.55,71.79,14107
EIX,08/17/2022,71.44,72.14,71.14,72.06,17157
EIX,08/16/2022,71.40,71.94,71.23,71.81,11081
EIX,08/15/2022,70.52,71.53,70.37,71.40,9814
EIX,08/12/2022,69.56,70.84,69.35,70.75,16688
EIX,08/11/2022,68.22,69.26,67.67,69.00,17494
EIX,08/10/2022,68.56,68.64,67.58,68.11,13998
EIX,08/09/2022,68.01,68.24,67.61,68.11,15915
EIX,08/08/2022,68.70,69.25,67.28,67.70,14738
EIX,08/05/2022,68.85,69.16,68.10,68.26,23925
EIX,08/04/2022,69.27,69.41,68.76,68.95,14667
EIX,08/03/2022,68.68,69.61,67.72,69.30,18663
EIX,08/02/2022,67.21,69.38,67.01,68.62,29426
EIX,08/01/2022,67.49,67.76,66.45,66.99,15894
EIX,07/29/2022,66.89,67.87,66.07,67.77,29407
EIX,07/28/2022,64.10,65.83,63.64,65.49,16430
EIX,07/27/2022,63.16,63.56,62.69,63.39,21100
EIX,07/26/2022,62.82,63.40,62.78,63.22,19272
EIX,07/25/2022,61.20,62.76,61.17,62.75,10650
EIX,07/22/2022,61.27,61.68,60.92,61.33,7615
EIX,07/21/2022,60.79,60.92,60.15,60.76,10320
EIX,07/20/2022,61.66,61.93,60.61,60.86,17618
EIX,07/19/2022,61.42,62.15,61.11,61.64,13584
EIX,07/18/2022,61.40,61.74,60.79,60.98,10593
EIX,07/15/2022,61.83,61.83,60.75,61.56,11244
EIX,07/14/2022,59.87,61.41,59.73,61.29,19062
EIX,07/13/2022,61.60,62.94,61.42,62.20,12013
EIX,07/12/2022,62.06,63.10,61.95,62.28,7061
EIX,07/11/2022,62.22,62.87,61.75,62.50,8309
EIX,07/08/2022,62.85,62.88,62.07,62.47,9425
EIX,07/07/2022,62.61,63.28,62.43,62.72,17187
EIX,07/06/2022,62.10,62.95,61.50,62.25,12415
EIX,07/05/2022,63.39,63.49,60.33,61.69,18273
EIX,07/01/2022,62.74,63.84,62.53,63.75,17194
EIX,06/30/2022,62.48,63.75,62.09,63.24,22159
EIX,06/29/2022,62.67,62.90,61.98,62.86,10024
EIX,06/28/2022,63.66,64.02,62.30,62.39,16623
EIX,06/27/2022,62.70,63.51,62.44,63.27,14962
EIX,06/24/2022,60.98,62.95,60.85,62.79,15998
EIX,06/23/2022,60.29,60.95,60.27,60.72,13413
EIX,06/22/2022,59.77,60.74,59.56,60.12,12777
EIX,06/21/2022,59.18,60.65,59.06,60.28,17662
EIX,06/17/2022,60.61,60.86,58.60,58.92,37983
EIX,06/16/2022,60.19,60.47,59.11,60.33,20666
EIX,06/15/2022,61.45,62.13,60.24,61.13,18929
EIX,06/14/2022,62.78,62.80,60.22,60.98,19882
EIX,06/13/2022,65.73,66.21,62.04,62.38,25754
EIX,06/10/2022,65.84,67.52,65.61,66.98,16240
EIX,06/09/2022,69.54,70.22,66.65,66.74,14059
EIX,06/08/2022,69.76,70.18,68.92,69.13,12014
EIX,06/07/2022,69.31,70.26,69.01,70.23,16320
EIX,06/06/2022,69.71,69.97,69.19,69.40,12328
EIX,06/03/2022,70.00,70.46,69.65,69.78,14186
EIX,06/02/2022,70.07,70.49,68.39,70.36,14920
EIX,06/01/2022,70.23,70.28,68.58,69.73,20164
EIX,05/31/2022,69.44,70.15,68.81,69.91,33141
EIX,05/27/2022,68.81,70.62,68.80,70.06,21811
EIX,05/26/2022,68.78,69.72,68.61,69.03,20660
EIX,05/25/2022,68.04,68.48,67.56,68.42,13703
EIX,05/24/2022,66.55,68.11,66.05,68.08,12506
EIX,05/23/2022,66.59,67.12,65.92,66.45,11601
EIX,05/20/2022,65.71,66.12,64.81,65.85,16200
EIX,05/19/2022,65.77,66.02,64.56,65.85,15774
EIX,05/18/2022,66.76,67.04,65.68,65.83,14749
EIX,05/17/2022,67.02,67.02,65.76,66.66,17973
EIX,05/16/2022,65.93,67.03,65.54,66.59,20292
EIX,05/13/2022,65.67,65.85,64.76,65.46,29803
EIX,05/12/2022,66.35,67.32,64.33,64.86,43446
EIX,05/11/2022,67.64,69.39,67.50,68.42,16353
EIX,05/10/2022,69.36,70.67,66.82,67.49,22759
EIX,05/09/2022,70.06,70.80,69.14,70.06,22081
EIX,05/06/2022,68.63,70.47,68.63,70.30,15848
EIX,05/05/2022,70.24,70.67,68.22,68.82,13288
EIX,05/04/2022,68.26,70.59,68.26,70.36,19939
EIX,05/03/2022,68.53,69.71,68.07,68.42,20748
EIX,05/02/2022,69.25,69.62,67.26,67.91,20714
EIX,04/29/2022,70.61,70.65,68.69,68.79,23464
EIX,04/28/2022,70.79,71.40,70.13,70.80,14266
EIX,04/27/2022,70.46,71.06,69.82,70.41,15472
EIX,04/26/2022,70.89,71.66,70.15,70.23,14166
EIX,04/25/2022,71.87,72.00,69.98,71.27,16547
EIX,04/22/2022,72.61,72.69,71.54,71.62,12658
EIX,04/21/2022,72.56,73.32,72.27,72.71,11081
EIX,04/20/2022,72.53,73.06,72.37,72.75,11658
EIX,04/19/2022,71.89,72.33,71.70,71.81,11627
EIX,04/18/2022,72.09,72.45,71.42,71.75,8998
EIX,04/14/2022,72.49,72.64,71.81,71.84,10103
EIX,04/13/2022,71.89,72.62,71.43,72.46,20480
EIX,04/12/2022,70.85,72.02,70.57,71.88,16451
EIX,04/11/2022,72.03,72.03,70.65,70.80,22371
EIX,04/08/2022,71.26,72.03,70.74,71.95,21889
EIX,04/07/2022,71.45,71.45,70.17,70.69,16148
EIX,04/06/2022,70.39,71.56,70.04,71.54,18097
EIX,04/05/2022,70.97,71.94,70.05,70.29,16254
EIX,04/04/2022,70.66,70.86,69.78,70.80,14339
EIX,04/01/2022,70.25,71.07,69.38,71.04,19238
EIX,03/31/2022,69.15,70.39,68.94,70.10,31676
EIX,03/30/2022,69.30,69.47,68.87,69.46,12652
EIX,03/29/2022,69.38,69.75,68.66,69.73,12296
EIX,03/28/2022,68.81,69.22,68.37,69.21,13052
EIX,03/25/2022,67.24,68.91,66.98,68.79,22210
EIX,03/24/2022,66.69,67.47,66.53,66.96,28747
EIX,03/23/2022,65.95,66.73,65.74,66.60,26553
EIX,03/22/2022,65.85,66.28,65.35,65.94,21876
EIX,03/21/2022,64.70,65.53,64.67,65.44,14059
EIX,03/18/2022,65.95,66.29,64.54,64.65,49793
EIX,03/17/2022,66.30,66.84,65.92,66.19,14053
EIX,03/16/2022,66.25,66.79,65.41,66.31,18500
EIX,03/15/2022,65.27,66.19,64.94,66.13,13709
EIX,03/14/2022,65.53,65.81,64.34,64.62,13015
EIX,03/11/2022,65.77,66.18,64.71,64.79,10701
EIX,03/10/2022,65.14,65.94,65.13,65.76,8567
EIX,03/09/2022,65.80,66.27,65.42,65.47,15618
EIX,03/08/2022,66.36,66.56,65.15,65.17,13550
EIX,03/07/2022,65.75,66.46,65.12,66.19,16645
EIX,03/04/2022,65.00,65.66,64.44,65.59,19534
EIX,03/03/2022,64.72,65.47,64.63,65.25,25970
EIX,03/02/2022,63.95,65.19,63.71,64.49,23914
EIX,03/01/2022,63.40,64.32,62.88,63.65,21910
EIX,02/28/2022,62.25,63.71,61.97,63.42,28422
EIX,02/25/2022,59.75,62.55,59.50,62.35,24526
EIX,02/24/2022,58.78,59.22,57.86,59.16,18591
EIX,02/23/2022,60.05,60.39,58.98,59.02,12224
EIX,02/22/2022,60.14,60.67,59.67,60.08,18114
EIX,02/18/2022,60.08,60.48,59.75,59.94,41793
EIX,02/17/2022,59.93,60.58,59.56,60.25,18724
EIX,02/16/2022,59.92,60.37,59.39,59.92,17101
EIX,02/15/2022,60.36,60.62,59.42,59.84,19162
EIX,02/14/2022,60.35,60.46,59.37,60.06,15468
