EL,06/23/2023,193.66,194.11,191.85,191.98,2858
EL,06/22/2023,195.68,197.73,193.94,195.54,15614
EL,06/21/2023,196.30,197.44,193.50,194.75,20689
EL,06/20/2023,200.00,201.56,197.47,197.55,27891
EL,06/16/2023,202.64,204.41,200.42,203.95,52017
EL,06/15/2023,192.83,200.56,192.61,199.41,33538
EL,06/14/2023,190.44,192.60,188.17,192.16,37633
EL,06/13/2023,181.86,185.19,180.90,184.67,23552
EL,06/12/2023,176.77,179.70,175.05,179.63,22873
EL,06/09/2023,180.84,181.04,175.83,176.53,36762
EL,06/08/2023,182.26,182.66,179.32,181.13,22078
EL,06/07/2023,183.24,183.44,180.43,181.26,20729
EL,06/06/2023,180.02,184.56,178.78,184.13,24424
EL,06/05/2023,183.99,186.00,181.05,181.09,24281
EL,06/02/2023,184.27,188.89,183.34,188.29,24937
EL,06/01/2023,183.54,184.22,182.02,182.89,28966
EL,05/31/2023,190.19,190.25,182.34,184.03,41873
EL,05/30/2023,193.84,194.19,190.05,191.91,24627
EL,05/26/2023,190.42,195.30,190.27,194.44,20553
EL,05/25/2023,190.04,192.46,188.53,191.10,16685
EL,05/24/2023,190.00,190.89,188.28,189.89,16306
EL,05/23/2023,196.61,196.82,191.68,191.75,18032
EL,05/22/2023,199.00,199.76,197.84,197.97,15690
EL,05/19/2023,201.33,201.68,198.01,199.88,17929
EL,05/18/2023,197.25,200.59,196.91,199.85,19167
EL,05/17/2023,195.50,197.23,193.83,197.07,20280
EL,05/16/2023,201.50,201.70,194.90,194.95,20197
EL,05/15/2023,200.04,201.62,198.01,201.19,21882
EL,05/12/2023,199.73,200.94,196.30,199.15,40135
EL,05/11/2023,201.73,202.83,199.53,201.79,20747
EL,05/10/2023,203.18,203.81,199.90,201.19,22263
EL,05/09/2023,205.00,207.44,200.80,201.26,23699
EL,05/08/2023,207.00,209.64,203.39,206.01,38143
EL,05/05/2023,204.41,207.19,199.55,203.54,33026
EL,05/04/2023,206.89,206.89,199.00,201.00,48742
EL,05/03/2023,193.82,210.01,190.30,202.70,148459
EL,05/02/2023,245.10,246.48,240.44,245.22,20097
EL,05/01/2023,248.20,250.63,246.65,246.87,8902
EL,04/28/2023,245.00,247.17,243.12,246.72,12521
EL,04/27/2023,242.81,245.83,241.57,245.67,11635
EL,04/26/2023,245.64,247.65,240.50,240.84,13013
EL,04/25/2023,252.09,253.24,246.95,247.05,9279
EL,04/24/2023,255.53,255.80,253.07,253.60,8629
EL,04/21/2023,258.48,260.46,255.46,256.23,13004
EL,04/20/2023,255.56,260.32,255.56,258.48,10575
EL,04/19/2023,257.45,257.93,251.70,256.63,15714
EL,04/18/2023,255.09,258.10,254.02,257.08,13832
EL,04/17/2023,253.84,255.53,251.91,253.25,10663
EL,04/14/2023,252.16,257.52,252.16,254.01,16361
EL,04/13/2023,249.46,252.75,248.59,251.50,14177
EL,04/12/2023,244.15,248.41,240.24,247.05,20590
EL,04/11/2023,241.49,242.58,239.93,241.75,8447
EL,04/10/2023,239.53,240.58,236.54,240.56,11346
EL,04/06/2023,240.63,242.08,236.57,241.26,11710
EL,04/05/2023,244.21,245.37,237.86,239.43,15254
EL,04/04/2023,247.28,248.77,243.59,244.56,15953
EL,04/03/2023,245.19,247.72,245.02,246.79,13331
EL,03/31/2023,248.25,249.63,245.01,246.46,18797
EL,03/30/2023,247.31,248.39,245.45,246.72,16457
EL,03/29/2023,244.10,245.37,241.34,244.63,8650
EL,03/28/2023,242.19,243.55,239.30,240.43,7288
EL,03/27/2023,243.30,244.40,240.99,241.87,8543
EL,03/24/2023,237.89,242.07,237.17,241.69,8963
EL,03/23/2023,242.24,244.95,237.15,238.72,9853
EL,03/22/2023,239.07,243.38,237.11,237.30,12772
EL,03/21/2023,239.16,240.77,237.11,238.50,12730
EL,03/20/2023,234.62,237.09,233.72,236.82,11941
EL,03/17/2023,239.32,239.40,232.55,234.56,19259
EL,03/16/2023,236.26,239.22,234.58,237.23,10719
EL,03/15/2023,237.06,238.66,232.50,236.80,13189
EL,03/14/2023,241.24,243.00,237.64,240.42,13617
EL,03/13/2023,235.11,236.97,231.30,234.96,15678
EL,03/10/2023,242.88,243.52,234.62,236.20,12591
EL,03/09/2023,248.40,248.47,241.79,243.48,10923
EL,03/08/2023,246.65,249.59,245.78,248.48,7689
EL,03/07/2023,251.44,253.32,244.85,245.46,7961
EL,03/06/2023,252.24,254.39,250.60,251.69,8677
EL,03/03/2023,250.97,254.18,248.91,253.23,10551
EL,03/02/2023,243.49,249.65,243.19,248.84,9006
EL,03/01/2023,246.25,250.10,244.57,245.83,20120
EL,02/28/2023,240.82,244.82,239.18,243.05,11872
EL,02/27/2023,244.36,245.79,242.07,242.14,11190
EL,02/24/2023,245.00,246.55,241.70,242.72,11323
EL,02/23/2023,251.05,252.94,248.44,249.66,8623
EL,02/22/2023,249.32,253.48,248.00,249.25,8518
EL,02/21/2023,248.07,252.42,247.50,249.99,12957
EL,02/17/2023,248.00,254.03,247.51,252.88,11996
EL,02/16/2023,249.73,252.65,248.62,249.53,11874
EL,02/15/2023,252.18,255.41,251.31,254.65,11736
EL,02/14/2023,254.37,262.26,253.80,255.52,15833
EL,02/13/2023,253.37,256.48,251.53,255.29,19217
EL,02/10/2023,248.17,252.15,246.54,250.24,31004
EL,02/09/2023,262.27,262.81,252.49,252.51,19667
EL,02/08/2023,258.00,259.86,255.63,259.19,14043
EL,02/07/2023,258.60,261.62,255.95,261.01,26773
EL,02/06/2023,266.63,267.91,260.22,261.17,17229
EL,02/03/2023,268.05,270.60,265.52,269.54,19110
EL,02/02/2023,273.73,283.62,265.69,268.41,36655
EL,02/01/2023,275.21,281.83,273.01,280.80,17245
EL,01/31/2023,271.97,277.15,269.29,277.08,13354
EL,01/30/2023,269.10,271.86,268.18,271.21,11311
EL,01/27/2023,275.50,275.76,270.11,270.79,18050
EL,01/26/2023,276.17,276.85,270.35,273.22,19500
EL,01/25/2023,273.58,275.62,269.76,273.94,12971
EL,01/24/2023,273.10,277.68,271.05,277.16,15292
EL,01/23/2023,270.00,274.58,268.69,274.49,15543
EL,01/20/2023,260.00,267.83,260.00,267.56,12514
EL,01/19/2023,260.25,261.84,259.00,259.51,12906
EL,01/18/2023,267.70,268.76,263.08,263.25,14113
EL,01/17/2023,266.00,269.44,264.47,267.04,13776
EL,01/13/2023,263.00,267.79,261.82,267.22,9140
EL,01/12/2023,264.60,265.67,259.54,262.25,12523
EL,01/11/2023,263.69,265.00,261.18,263.61,10923
EL,01/10/2023,261.35,264.87,260.14,262.45,12500
EL,01/09/2023,261.59,267.15,256.20,261.63,18941
EL,01/06/2023,262.21,267.36,260.74,263.81,17080
EL,01/05/2023,260.18,262.09,256.98,261.17,13666
EL,01/04/2023,258.81,262.95,256.86,261.91,15457
EL,01/03/2023,256.18,256.18,250.58,253.91,16822
EL,12/30/2022,248.33,248.84,245.12,248.11,8623
EL,12/29/2022,248.79,251.18,247.93,249.93,7754
EL,12/28/2022,247.85,249.65,246.11,246.19,13923
EL,12/27/2022,241.78,249.82,241.78,248.29,18217
EL,12/23/2022,242.10,242.84,238.75,241.02,5505
EL,12/22/2022,240.22,242.54,238.36,242.22,10509
EL,12/21/2022,241.14,248.17,240.01,243.87,20109
EL,12/20/2022,234.35,238.42,232.21,237.64,13738
EL,12/19/2022,240.46,241.66,234.68,236.24,12293
EL,12/16/2022,237.89,241.52,237.04,240.94,23850
EL,12/15/2022,240.65,243.15,236.93,240.60,20645
EL,12/14/2022,248.47,252.57,246.24,249.22,16882
EL,12/13/2022,252.44,254.82,243.09,248.16,27277
EL,12/12/2022,239.83,244.75,238.03,244.44,16351
EL,12/09/2022,240.89,243.55,238.32,240.41,24358
EL,12/08/2022,238.90,243.12,236.39,242.62,20049
EL,12/07/2022,234.48,235.88,231.02,232.53,15537
EL,12/06/2022,236.75,237.80,232.73,237.05,18815
EL,12/05/2022,235.43,236.45,230.46,231.47,13179
EL,12/02/2022,228.33,239.74,228.01,239.01,19691
EL,12/01/2022,233.19,235.23,229.46,231.96,15944
EL,11/30/2022,216.39,235.90,215.38,235.79,33268
EL,11/29/2022,217.48,218.49,214.25,214.94,12451
EL,11/28/2022,216.61,220.21,214.14,217.30,15683
EL,11/25/2022,220.70,221.73,217.37,220.01,10760
EL,11/23/2022,223.00,225.15,221.25,222.71,8232
EL,11/22/2022,220.40,222.44,215.01,222.29,17515
EL,11/21/2022,228.44,229.60,218.60,218.92,26716
EL,11/18/2022,232.53,235.54,230.39,233.46,24217
EL,11/17/2022,217.26,228.27,216.39,228.16,19376
EL,11/16/2022,228.38,230.15,222.66,222.91,15059
EL,11/15/2022,228.42,230.25,225.24,226.98,20113
EL,11/14/2022,225.78,227.58,220.60,220.67,18291
EL,11/11/2022,222.29,232.33,221.70,228.22,35130
EL,11/10/2022,212.67,219.34,211.36,218.89,17562
EL,11/09/2022,207.00,208.54,204.00,204.81,18381
EL,11/08/2022,208.59,212.87,205.71,207.89,21118
EL,11/07/2022,209.42,210.26,202.86,206.01,26514
EL,11/04/2022,213.25,217.65,204.88,210.53,61096
EL,11/03/2022,187.99,195.63,186.47,193.78,34629
EL,11/02/2022,192.00,197.49,187.85,189.96,76586
EL,11/01/2022,206.47,209.80,203.51,206.76,30268
EL,10/31/2022,204.37,204.48,198.57,200.49,26247
EL,10/28/2022,203.58,207.80,202.80,206.44,20229
EL,10/27/2022,206.31,207.60,203.75,204.43,12141
EL,10/26/2022,202.47,209.38,201.14,206.00,14776
EL,10/25/2022,198.80,205.27,197.22,205.12,19886
EL,10/24/2022,201.80,202.40,193.48,196.79,28609
EL,10/21/2022,201.10,203.19,196.96,201.80,25841
EL,10/20/2022,206.30,210.09,200.73,200.95,28590
EL,10/19/2022,214.45,214.50,206.61,207.29,18500
EL,10/18/2022,219.50,220.30,213.33,215.24,20713
EL,10/17/2022,211.78,215.02,210.93,212.98,12800
EL,10/14/2022,215.81,217.16,208.79,209.31,13929
EL,10/13/2022,208.67,215.65,206.19,213.26,18561
EL,10/12/2022,216.07,216.28,211.82,215.10,18007
EL,10/11/2022,215.66,218.72,210.66,214.05,15435
EL,10/10/2022,219.81,220.24,214.19,216.90,9030
EL,10/07/2022,226.08,226.63,218.80,219.77,13855
EL,10/06/2022,225.56,231.60,225.55,229.10,18534
EL,10/05/2022,224.09,227.12,221.01,226.24,12244
EL,10/04/2022,223.61,227.46,223.54,227.26,14276
EL,10/03/2022,217.86,221.13,213.08,219.09,20865
EL,09/30/2022,217.86,221.11,215.86,215.90,16905
EL,09/29/2022,225.30,226.63,216.51,219.35,18352
EL,09/28/2022,226.18,228.94,224.26,228.14,15765
EL,09/27/2022,235.53,236.16,223.73,226.08,21496
EL,09/26/2022,227.87,234.34,225.53,232.46,16307
EL,09/23/2022,231.99,233.41,225.56,229.02,13939
EL,09/22/2022,236.66,237.64,233.00,234.91,11032
EL,09/21/2022,245.56,247.43,237.86,237.86,12208
EL,09/20/2022,239.02,241.44,237.46,239.50,11432
EL,09/19/2022,236.29,241.67,236.00,241.66,10279
EL,09/16/2022,241.82,242.51,237.63,239.38,16218
EL,09/15/2022,243.86,249.10,243.38,244.78,12690
EL,09/14/2022,245.66,247.96,242.68,246.14,10200
EL,09/13/2022,247.67,250.69,244.92,245.26,11461
EL,09/12/2022,253.98,260.28,253.64,255.42,13348
EL,09/09/2022,250.06,254.04,249.98,252.90,15492
EL,09/08/2022,245.29,249.71,243.40,247.94,15444
EL,09/07/2022,247.08,249.86,243.93,247.99,17798
EL,09/06/2022,249.32,251.16,244.89,246.15,14025
EL,09/02/2022,255.36,255.80,246.85,248.32,10105
EL,09/01/2022,252.16,252.75,247.08,251.18,18031
EL,08/31/2022,258.29,259.35,254.34,254.38,14136
EL,08/30/2022,260.73,262.58,254.79,257.11,9690
EL,08/29/2022,258.70,264.52,258.70,259.84,7729
EL,08/26/2022,278.19,279.32,261.55,261.88,11227
EL,08/25/2022,266.96,277.56,266.57,277.32,11659
EL,08/24/2022,266.00,267.49,263.81,265.43,11723
EL,08/23/2022,263.64,267.94,263.56,265.56,8775
EL,08/22/2022,267.43,270.56,264.74,265.27,11662
EL,08/19/2022,280.19,280.79,271.69,273.28,14425
EL,08/18/2022,271.00,284.45,268.18,281.62,24503
EL,08/17/2022,273.07,278.15,271.80,276.52,11163
EL,08/16/2022,274.99,278.09,273.09,276.11,10605
EL,08/15/2022,273.38,277.09,272.42,276.37,9925
EL,08/12/2022,273.90,275.43,270.78,275.38,10410
EL,08/11/2022,274.79,276.57,269.37,270.36,10039
EL,08/10/2022,272.61,274.13,270.04,272.50,7855
EL,08/09/2022,268.74,269.17,265.00,265.63,10356
EL,08/08/2022,269.42,273.38,268.43,270.16,11032
EL,08/05/2022,268.75,271.98,266.46,270.74,9374
EL,08/04/2022,269.53,273.93,268.55,273.31,8441
EL,08/03/2022,269.54,270.28,264.92,269.56,13478
EL,08/02/2022,270.50,273.35,267.17,268.39,12638
EL,08/01/2022,270.37,274.69,268.24,273.51,13473
EL,07/29/2022,272.63,274.15,271.03,273.10,13621
EL,07/28/2022,265.06,271.89,260.82,271.29,14100
EL,07/27/2022,255.17,264.37,253.85,263.42,11738
EL,07/26/2022,255.39,255.93,250.69,251.82,9517
EL,07/25/2022,259.84,261.05,254.03,258.69,5729
EL,07/22/2022,263.34,265.80,257.94,260.10,7907
EL,07/21/2022,258.08,262.83,256.74,262.57,12349
EL,07/20/2022,255.59,258.70,253.40,257.80,9806
EL,07/19/2022,249.59,255.63,247.38,255.40,10528
EL,07/18/2022,248.86,254.33,244.90,245.77,8522
EL,07/15/2022,246.77,248.05,244.57,245.54,7700
EL,07/14/2022,242.99,244.67,240.67,243.98,9022
EL,07/13/2022,239.37,248.81,238.52,245.44,10371
EL,07/12/2022,243.97,247.30,242.51,244.30,12031
EL,07/11/2022,249.53,251.30,244.80,245.59,13409
EL,07/08/2022,257.02,257.27,248.77,251.48,13328
EL,07/07/2022,258.19,260.00,256.11,259.34,10061
EL,07/06/2022,259.87,261.95,256.99,257.24,13056
EL,07/05/2022,249.71,259.34,249.22,259.03,10614
EL,07/01/2022,254.45,257.15,250.72,256.52,9237
EL,06/30/2022,253.09,256.89,248.64,254.67,13025
EL,06/29/2022,256.60,258.11,253.16,256.99,10125
EL,06/28/2022,261.09,268.60,256.31,257.37,16184
EL,06/27/2022,268.64,269.88,261.45,262.87,13446
EL,06/24/2022,261.94,270.30,260.67,270.20,19039
EL,06/23/2022,250.17,258.82,250.17,258.56,16188
EL,06/22/2022,244.75,249.96,243.55,247.91,11628
EL,06/21/2022,241.92,247.95,237.60,246.76,17089
EL,06/17/2022,232.90,240.75,232.90,237.83,19043
EL,06/16/2022,236.95,239.97,230.19,233.12,15719
EL,06/15/2022,241.54,249.32,238.01,243.12,15580
EL,06/14/2022,238.02,246.76,238.00,240.78,13098
EL,06/13/2022,240.87,243.67,236.05,238.26,16523
EL,06/10/2022,253.74,254.33,248.72,249.48,11969
EL,06/09/2022,266.45,266.49,258.70,258.79,15618
EL,06/08/2022,267.52,272.72,266.24,267.86,14989
EL,06/07/2022,260.81,271.67,260.81,271.32,14998
EL,06/06/2022,267.88,269.77,264.48,265.68,13434
EL,06/03/2022,259.43,264.96,259.23,264.22,18031
EL,06/02/2022,253.12,264.59,251.93,264.40,19381
EL,06/01/2022,257.36,261.32,250.20,250.42,15505
EL,05/31/2022,253.68,262.89,251.64,254.65,33450
EL,05/27/2022,246.48,254.58,243.09,251.86,18189
EL,05/26/2022,235.48,241.50,233.79,240.40,11868
EL,05/25/2022,230.17,232.88,225.70,232.11,13496
EL,05/24/2022,235.28,236.23,227.79,232.06,16622
EL,05/23/2022,240.19,240.19,231.31,236.60,14691
EL,05/20/2022,237.15,238.88,229.49,237.21,17445
EL,05/19/2022,228.47,239.10,227.71,235.38,21756
EL,05/18/2022,238.00,238.42,228.43,229.13,21246
EL,05/17/2022,240.98,242.99,234.76,242.58,17991
EL,05/16/2022,238.87,239.95,234.65,235.38,15598
EL,05/13/2022,234.52,241.51,234.16,240.39,17777
EL,05/12/2022,227.07,235.21,225.39,231.00,21540
EL,05/11/2022,232.52,239.26,228.67,229.49,17224
EL,05/10/2022,237.35,238.49,227.20,229.68,22275
EL,05/09/2022,235.10,240.30,232.00,233.58,19568
EL,05/06/2022,239.57,242.73,234.26,240.30,18233
EL,05/05/2022,250.82,252.50,238.29,241.83,25722
EL,05/04/2022,246.74,258.19,243.05,257.26,21953
EL,05/03/2022,230.00,252.00,227.49,245.52,47652
EL,05/02/2022,261.01,263.40,253.36,260.63,26570
EL,04/29/2022,268.41,272.46,262.83,264.06,15039
EL,04/28/2022,262.16,274.71,262.12,272.33,14611
EL,04/27/2022,255.39,263.10,255.19,259.64,14372
EL,04/26/2022,265.95,266.08,254.77,254.77,12847
EL,04/25/2022,263.04,268.78,257.76,268.22,13761
EL,04/22/2022,273.46,275.96,263.54,264.04,14768
EL,04/21/2022,280.89,283.61,271.20,271.95,9475
EL,04/20/2022,283.13,285.79,277.82,278.26,15421
EL,04/19/2022,262.38,276.22,262.38,274.56,17635
EL,04/18/2022,263.11,266.29,262.40,264.12,10905
EL,04/14/2022,267.00,270.70,263.69,263.87,15457
EL,04/13/2022,263.85,267.66,262.43,266.58,9500
EL,04/12/2022,265.19,269.66,261.21,262.70,12821
EL,04/11/2022,263.65,266.02,260.55,262.28,13095
EL,04/08/2022,267.64,270.45,266.25,266.64,10245
EL,04/07/2022,267.87,271.37,262.93,267.02,17868
EL,04/06/2022,268.61,268.61,261.04,264.73,20365
EL,04/05/2022,274.09,276.78,271.55,272.66,10128
EL,04/04/2022,274.32,279.60,272.23,278.62,12936
EL,04/01/2022,275.21,276.93,272.12,274.41,11850
EL,03/31/2022,278.58,279.42,272.32,272.32,14280
EL,03/30/2022,283.13,283.50,277.22,279.16,11591
EL,03/29/2022,288.33,289.59,281.68,284.93,11627
EL,03/28/2022,276.67,277.77,271.88,277.62,10605
EL,03/25/2022,278.91,280.53,272.56,274.89,9814
EL,03/24/2022,275.87,276.80,273.07,276.68,8351
EL,03/23/2022,279.31,280.99,273.25,273.43,9876
EL,03/22/2022,278.68,282.85,276.87,281.90,15978
EL,03/21/2022,275.66,278.76,270.46,273.97,12612
EL,03/18/2022,273.67,279.19,271.26,276.87,18848
EL,03/17/2022,269.52,274.43,268.46,272.39,14989
EL,03/16/2022,264.37,272.38,263.00,270.88,19839
EL,03/15/2022,255.07,259.99,252.77,258.90,20385
EL,03/14/2022,266.07,266.26,248.42,250.38,28775
EL,03/11/2022,278.12,279.00,264.07,264.23,18429
EL,03/10/2022,274.83,276.14,269.95,273.36,13923
EL,03/09/2022,282.98,283.94,276.10,277.68,14299
EL,03/08/2022,262.32,279.07,262.23,269.84,26213
EL,03/07/2022,285.08,285.51,262.81,263.87,24525
EL,03/04/2022,286.78,289.70,283.85,285.69,16036
EL,03/03/2022,294.40,295.98,286.02,292.20,15595
EL,03/02/2022,289.47,294.05,287.75,291.75,10607
EL,03/01/2022,294.99,294.99,282.37,285.59,20179
EL,02/28/2022,295.52,298.19,292.52,296.33,13869
EL,02/25/2022,294.76,300.74,293.05,300.33,9263
EL,02/24/2022,281.98,293.67,279.37,293.13,19969
EL,02/23/2022,300.05,300.12,290.58,290.93,13943
EL,02/22/2022,300.00,301.76,293.55,295.68,19132
EL,02/18/2022,305.12,307.12,300.85,302.99,10237
EL,02/17/2022,307.10,309.99,303.38,304.29,10296
EL,02/16/2022,306.00,310.12,302.93,308.65,9405
EL,02/15/2022,309.73,311.59,306.12,307.53,10631
EL,02/14/2022,300.77,305.14,299.65,303.85,13233
