ENB,06/23/2023,36.50,36.52,36.27,36.32,6101
ENB,06/22/2023,36.74,36.83,36.58,36.69,24988
ENB,06/21/2023,36.78,37.09,36.54,36.93,35150
ENB,06/20/2023,37.32,37.43,36.71,36.89,42958
ENB,06/16/2023,37.36,37.62,37.33,37.48,36188
ENB,06/15/2023,36.99,37.60,36.74,37.25,30498
ENB,06/14/2023,37.60,37.89,36.82,36.86,50954
ENB,06/13/2023,37.80,38.02,37.50,37.51,24704
ENB,06/12/2023,37.78,37.80,37.32,37.50,21400
ENB,06/09/2023,38.30,38.33,37.83,37.94,23843
ENB,06/08/2023,38.00,38.23,37.82,38.22,21007
ENB,06/07/2023,37.69,37.99,37.64,37.90,24231
ENB,06/06/2023,37.14,37.72,37.12,37.68,21244
ENB,06/05/2023,37.81,37.81,37.31,37.31,45041
ENB,06/02/2023,36.70,37.49,36.53,37.43,62721
ENB,06/01/2023,35.45,36.42,35.44,36.22,57043
ENB,05/31/2023,35.41,35.49,35.12,35.20,37439
ENB,05/30/2023,35.88,36.12,35.58,35.61,30570
ENB,05/26/2023,36.07,36.20,35.85,35.88,51373
ENB,05/25/2023,36.45,36.46,35.79,35.91,50569
ENB,05/24/2023,36.61,36.83,36.47,36.60,36211
ENB,05/23/2023,36.98,37.00,36.60,36.71,33490
ENB,05/22/2023,37.02,37.14,36.78,36.87,36368
ENB,05/19/2023,37.17,37.33,36.92,37.09,27546
ENB,05/18/2023,37.00,37.16,36.62,37.05,39838
ENB,05/17/2023,37.30,37.44,37.06,37.19,32567
ENB,05/16/2023,38.43,38.62,37.11,37.13,57301
ENB,05/15/2023,38.59,38.73,38.21,38.64,30456
ENB,05/12/2023,38.82,38.99,38.35,38.44,47968
ENB,05/11/2023,39.42,39.58,39.12,39.48,56981
ENB,05/10/2023,40.15,40.22,39.44,39.71,22037
ENB,05/09/2023,39.60,40.00,39.48,39.84,24823
ENB,05/08/2023,40.09,40.30,39.60,39.66,30585
ENB,05/05/2023,40.00,40.17,39.68,39.91,32081
ENB,05/04/2023,38.91,39.47,38.59,39.27,48499
ENB,05/03/2023,38.32,39.31,38.32,38.86,36309
ENB,05/02/2023,39.41,39.41,38.38,38.56,46798
ENB,05/01/2023,39.58,39.90,39.50,39.56,19560
ENB,04/28/2023,39.28,39.82,39.20,39.76,22880
ENB,04/27/2023,39.10,39.63,39.10,39.31,33961
ENB,04/26/2023,39.25,39.36,38.96,39.12,29945
ENB,04/25/2023,39.15,39.70,39.15,39.24,26650
ENB,04/24/2023,39.31,39.50,39.10,39.42,37746
ENB,04/21/2023,39.42,39.49,39.16,39.31,19148
ENB,04/20/2023,39.50,39.65,39.27,39.37,19513
ENB,04/19/2023,39.75,39.91,39.66,39.76,16406
ENB,04/18/2023,40.09,40.24,39.81,39.95,15858
ENB,04/17/2023,40.03,40.08,39.78,40.05,23433
ENB,04/14/2023,40.01,40.21,39.89,40.04,17363
ENB,04/13/2023,39.73,40.18,39.65,40.04,19096
ENB,04/12/2023,39.74,40.08,39.63,39.70,33249
ENB,04/11/2023,39.17,39.64,38.99,39.61,25706
ENB,04/10/2023,38.92,39.10,38.69,39.07,29412
ENB,04/06/2023,39.33,39.33,38.92,38.98,18525
ENB,04/05/2023,38.97,39.33,38.87,39.25,22006
ENB,04/04/2023,39.03,39.13,38.53,38.89,24508
ENB,04/03/2023,38.81,39.05,38.58,39.01,38190
ENB,03/31/2023,38.20,38.46,37.99,38.15,26917
ENB,03/30/2023,38.17,38.25,37.88,38.08,31762
ENB,03/29/2023,37.15,37.85,37.12,37.83,40698
ENB,03/28/2023,36.75,37.05,36.63,36.73,49161
ENB,03/27/2023,36.99,37.00,36.60,36.82,23277
ENB,03/24/2023,36.07,36.76,35.82,36.73,32576
ENB,03/23/2023,36.75,37.11,36.27,36.45,42169
ENB,03/22/2023,37.24,37.50,36.57,36.61,47969
ENB,03/21/2023,37.38,37.61,36.94,37.08,35455
ENB,03/20/2023,36.66,37.36,36.54,37.15,45300
ENB,03/17/2023,36.93,37.00,36.31,36.56,43906
ENB,03/16/2023,36.24,37.02,36.16,37.02,52933
ENB,03/15/2023,37.53,37.53,36.10,36.59,75985
ENB,03/14/2023,38.39,38.81,37.88,38.25,34862
ENB,03/13/2023,37.51,38.42,37.42,38.23,71963
ENB,03/10/2023,38.03,38.31,37.60,37.84,38534
ENB,03/09/2023,38.50,38.89,37.92,37.99,41322
ENB,03/08/2023,38.26,38.60,38.17,38.39,28696
ENB,03/07/2023,38.86,38.86,38.05,38.33,55395
ENB,03/06/2023,38.75,38.95,38.65,38.82,29303
ENB,03/03/2023,38.61,38.97,38.57,38.86,31243
ENB,03/02/2023,38.16,38.71,37.87,38.66,35452
ENB,03/01/2023,37.61,38.17,37.55,38.01,41617
ENB,02/28/2023,38.01,38.09,37.51,37.52,38624
ENB,02/27/2023,38.06,38.48,37.95,38.02,28306
ENB,02/24/2023,37.50,37.84,37.39,37.82,34597
ENB,02/23/2023,38.31,38.33,37.60,37.85,56268
ENB,02/22/2023,38.03,38.46,37.53,37.80,68819
ENB,02/21/2023,38.51,38.73,38.02,38.08,29119
ENB,02/17/2023,38.84,39.07,38.49,38.90,35464
ENB,02/16/2023,39.00,39.51,38.82,39.16,36778
ENB,02/15/2023,39.37,39.61,39.19,39.51,40336
ENB,02/14/2023,40.04,40.11,39.46,39.77,49143
ENB,02/13/2023,40.58,40.92,40.45,40.90,66586
ENB,02/10/2023,39.59,40.65,39.49,40.59,36928
ENB,02/09/2023,39.60,39.97,39.20,39.31,36039
ENB,02/08/2023,40.41,40.47,39.37,39.54,51637
ENB,02/07/2023,40.53,40.98,40.30,40.75,26745
ENB,02/06/2023,40.50,40.76,40.14,40.49,26074
ENB,02/03/2023,40.40,40.77,40.28,40.57,31065
ENB,02/02/2023,40.97,41.01,40.52,40.59,34273
ENB,02/01/2023,41.03,41.14,40.31,40.72,44321
ENB,01/31/2023,40.52,40.98,40.40,40.97,31293
ENB,01/30/2023,40.80,40.92,40.51,40.53,22483
ENB,01/27/2023,40.59,41.05,40.52,40.84,29576
ENB,01/26/2023,40.81,40.89,40.43,40.65,26513
ENB,01/25/2023,41.35,41.35,40.30,40.47,40689
ENB,01/24/2023,41.85,41.85,41.14,41.53,42834
ENB,01/23/2023,42.00,42.06,41.64,41.88,21511
ENB,01/20/2023,41.55,41.91,41.08,41.86,25052
ENB,01/19/2023,41.00,41.54,41.00,41.38,18917
ENB,01/18/2023,41.89,42.11,41.15,41.19,22190
ENB,01/17/2023,41.60,41.83,41.56,41.68,23589
ENB,01/13/2023,41.75,42.03,41.53,41.76,30103
ENB,01/12/2023,41.58,42.00,41.31,41.92,26124
ENB,01/11/2023,41.24,41.40,40.95,41.31,18707
ENB,01/10/2023,41.16,41.16,40.64,40.98,22088
ENB,01/09/2023,40.92,41.14,40.86,41.00,23970
ENB,01/06/2023,39.91,40.65,39.83,40.52,35190
ENB,01/05/2023,39.71,39.81,39.27,39.61,22817
ENB,01/04/2023,39.20,40.03,39.16,39.77,41018
ENB,01/03/2023,38.90,39.29,38.70,39.03,29261
ENB,12/30/2022,39.06,39.34,39.00,39.10,19462
ENB,12/29/2022,38.91,39.38,38.86,39.27,16863
ENB,12/28/2022,39.61,39.74,38.76,38.81,23042
ENB,12/27/2022,39.44,39.71,39.36,39.66,15854
ENB,12/23/2022,39.00,39.54,38.93,39.49,22124
ENB,12/22/2022,39.23,39.23,38.23,38.83,29704
ENB,12/21/2022,39.01,39.34,38.79,39.29,52957
ENB,12/20/2022,38.05,38.70,37.96,38.49,35461
ENB,12/19/2022,38.58,38.63,37.72,37.90,33097
ENB,12/16/2022,38.50,38.62,38.01,38.37,45981
ENB,12/15/2022,39.50,39.50,38.69,38.93,33665
ENB,12/14/2022,39.78,40.08,39.46,39.71,38872
ENB,12/13/2022,39.87,40.24,39.64,39.81,54379
ENB,12/12/2022,39.24,39.36,38.99,39.35,178082
ENB,12/09/2022,39.00,39.47,39.00,39.13,22466
ENB,12/08/2022,39.66,39.70,39.04,39.23,21310
ENB,12/07/2022,39.39,39.70,39.16,39.26,24157
ENB,12/06/2022,39.78,40.08,39.20,39.39,27113
ENB,12/05/2022,40.68,40.83,39.84,39.92,25535
ENB,12/02/2022,40.71,40.94,40.39,40.61,30375
ENB,12/01/2022,41.50,41.60,40.87,40.96,33197
ENB,11/30/2022,41.42,41.76,40.68,41.29,46873
ENB,11/29/2022,41.31,41.42,40.85,40.86,34070
ENB,11/28/2022,41.17,41.67,41.08,41.20,22939
ENB,11/25/2022,41.57,42.12,41.57,41.74,13417
ENB,11/23/2022,40.88,41.49,40.80,41.45,28555
ENB,11/22/2022,40.55,41.25,40.51,41.01,32586
ENB,11/21/2022,39.94,40.24,39.60,40.20,24377
ENB,11/18/2022,40.10,40.38,40.00,40.35,20636
ENB,11/17/2022,39.90,40.40,39.90,40.32,27901
ENB,11/16/2022,40.38,40.61,40.24,40.43,29483
ENB,11/15/2022,40.73,40.73,40.20,40.37,30078
ENB,11/14/2022,41.09,41.24,40.08,40.16,71134
ENB,11/11/2022,41.33,42.01,41.19,41.82,76403
ENB,11/10/2022,39.97,40.97,39.97,40.91,28333
ENB,11/09/2022,40.00,40.22,39.17,39.27,29655
ENB,11/08/2022,39.90,40.22,39.53,40.14,35090
ENB,11/07/2022,40.15,40.15,39.57,39.93,77224
ENB,11/04/2022,40.00,40.77,39.70,40.20,42311
ENB,11/03/2022,38.34,39.28,38.13,39.01,30099
ENB,11/02/2022,38.91,39.69,38.66,38.70,30634
ENB,11/01/2022,39.57,39.80,38.88,38.92,80243
ENB,10/31/2022,38.75,39.19,38.64,38.95,28259
ENB,10/28/2022,39.13,39.15,38.69,39.05,32507
ENB,10/27/2022,39.08,39.51,38.86,39.05,28091
ENB,10/26/2022,38.36,38.96,38.24,38.63,29997
ENB,10/25/2022,37.56,38.17,37.47,38.13,23951
ENB,10/24/2022,37.88,38.12,37.63,37.69,22817
ENB,10/21/2022,37.20,38.09,37.00,37.88,29816
ENB,10/20/2022,37.55,37.77,37.00,37.17,25469
ENB,10/19/2022,37.30,37.45,36.99,37.29,22590
ENB,10/18/2022,37.28,37.67,36.75,37.34,42096
ENB,10/17/2022,36.39,37.38,36.39,37.04,31393
ENB,10/14/2022,37.20,37.35,35.89,35.98,36880
ENB,10/13/2022,35.15,37.32,35.02,37.13,60500
ENB,10/12/2022,35.82,35.94,35.57,35.62,34361
ENB,10/11/2022,36.25,36.60,35.90,36.03,45202
ENB,10/10/2022,37.20,37.43,36.40,36.41,31088
ENB,10/07/2022,37.20,37.54,36.83,37.05,45618
ENB,10/06/2022,38.53,38.62,36.97,37.19,57379
ENB,10/05/2022,39.03,39.34,38.39,38.93,35020
ENB,10/04/2022,39.04,39.60,38.93,39.42,40640
ENB,10/03/2022,38.05,38.75,37.80,38.45,47926
ENB,09/30/2022,37.55,37.95,37.05,37.10,34916
ENB,09/29/2022,38.27,38.27,37.33,37.70,38382
ENB,09/28/2022,37.64,38.59,37.33,38.48,44260
ENB,09/27/2022,37.73,37.99,37.25,37.51,41692
ENB,09/26/2022,37.80,38.06,36.93,37.21,63948
ENB,09/23/2022,39.33,39.40,37.94,38.03,64101
ENB,09/22/2022,40.45,40.56,39.96,40.07,23640
ENB,09/21/2022,40.96,41.06,40.14,40.14,25873
ENB,09/20/2022,41.02,41.13,40.33,40.71,22910
ENB,09/19/2022,40.36,41.36,40.29,41.35,21735
ENB,09/16/2022,41.41,41.43,40.67,40.99,30000
ENB,09/15/2022,41.94,42.14,41.65,41.87,27779
ENB,09/14/2022,42.10,42.77,42.01,42.20,26762
ENB,09/13/2022,42.37,42.58,41.79,41.98,29153
ENB,09/12/2022,42.36,43.03,42.28,42.93,28995
ENB,09/09/2022,41.61,41.90,41.51,41.82,21148
ENB,09/08/2022,41.04,41.19,40.61,41.13,27231
ENB,09/07/2022,40.35,41.20,40.24,41.18,21002
ENB,09/06/2022,41.45,41.63,40.76,40.83,28890
ENB,09/02/2022,41.56,41.83,41.10,41.34,44005
ENB,09/01/2022,41.00,41.10,40.60,41.01,45154
ENB,08/31/2022,42.12,42.23,41.22,41.22,54032
ENB,08/30/2022,43.56,43.77,42.60,42.64,29143
ENB,08/29/2022,43.49,44.09,43.39,43.93,21266
ENB,08/26/2022,44.51,44.55,43.52,43.57,24743
ENB,08/25/2022,44.30,44.41,44.02,44.38,20091
ENB,08/24/2022,43.70,44.21,43.62,44.11,22324
ENB,08/23/2022,43.38,43.80,43.08,43.72,23329
ENB,08/22/2022,43.08,43.17,42.76,42.97,22152
ENB,08/19/2022,43.24,43.36,42.94,43.28,16801
ENB,08/18/2022,43.10,43.47,42.97,43.33,28878
ENB,08/17/2022,42.96,43.00,42.67,42.80,22444
ENB,08/16/2022,42.88,43.25,42.69,43.19,29712
ENB,08/15/2022,42.67,42.89,42.42,42.72,29268
ENB,08/12/2022,43.58,43.66,43.24,43.51,56483
ENB,08/11/2022,44.27,44.58,44.10,44.28,62687
ENB,08/10/2022,43.75,44.10,43.56,43.88,24893
ENB,08/09/2022,43.63,43.83,43.31,43.42,23737
ENB,08/08/2022,43.14,43.54,43.04,43.41,22637
ENB,08/05/2022,42.66,42.87,42.40,42.77,37267
ENB,08/04/2022,44.03,44.09,43.18,43.25,29768
ENB,08/03/2022,44.09,44.27,43.79,44.16,22650
ENB,08/02/2022,44.74,44.81,43.96,43.99,32822
ENB,08/01/2022,44.47,44.63,43.90,44.53,23020
ENB,07/29/2022,45.00,45.21,44.51,44.93,28023
ENB,07/28/2022,44.90,44.90,44.15,44.71,28104
ENB,07/27/2022,44.00,44.78,43.81,44.60,30364
ENB,07/26/2022,44.02,44.24,43.65,43.82,28940
ENB,07/25/2022,43.20,44.03,43.12,44.01,25737
ENB,07/22/2022,43.12,43.38,42.68,42.91,18137
ENB,07/21/2022,42.47,42.99,42.38,42.96,23142
ENB,07/20/2022,43.12,43.17,42.69,43.08,21986
ENB,07/19/2022,42.67,43.24,42.67,43.15,29703
ENB,07/18/2022,42.18,42.79,42.12,42.46,28388
ENB,07/15/2022,41.63,41.78,41.23,41.59,24548
ENB,07/14/2022,40.71,41.15,40.04,41.10,39578
ENB,07/13/2022,41.41,41.91,41.27,41.64,37568
ENB,07/12/2022,41.63,41.95,41.44,41.74,21912
ENB,07/11/2022,41.87,42.19,41.54,42.10,23383
ENB,07/08/2022,42.13,42.45,41.76,42.19,21402
ENB,07/07/2022,41.88,42.15,41.63,42.00,28778
ENB,07/06/2022,41.05,41.56,40.42,41.28,33943
ENB,07/05/2022,41.86,42.02,40.39,41.44,41516
ENB,07/01/2022,42.33,42.76,41.83,42.66,28266
ENB,06/30/2022,42.06,42.31,41.70,42.26,31734
ENB,06/29/2022,42.90,42.94,42.24,42.44,31497
ENB,06/28/2022,42.87,43.12,42.31,42.54,33657
ENB,06/27/2022,41.91,42.45,41.90,42.18,32458
ENB,06/24/2022,41.28,41.92,40.93,41.78,32062
ENB,06/23/2022,41.33,41.49,40.53,40.80,49944
ENB,06/22/2022,40.57,41.56,40.24,41.25,39343
ENB,06/21/2022,41.22,41.81,41.11,41.49,38074
ENB,06/17/2022,40.58,40.96,39.41,40.49,81893
ENB,06/16/2022,41.78,42.00,40.85,40.97,53561
ENB,06/15/2022,42.96,43.22,41.78,42.68,47749
ENB,06/14/2022,44.00,44.25,42.66,42.94,57771
ENB,06/13/2022,44.73,44.75,43.74,44.00,54643
ENB,06/10/2022,45.75,45.92,45.20,45.55,31257
ENB,06/09/2022,47.03,47.03,46.13,46.17,29812
ENB,06/08/2022,47.51,47.67,46.88,47.18,24756
ENB,06/07/2022,47.05,47.60,46.98,47.53,25037
ENB,06/06/2022,47.00,47.27,46.92,47.11,25433
ENB,06/03/2022,46.92,47.16,46.71,46.81,24928
ENB,06/02/2022,46.00,47.04,45.86,46.93,34695
ENB,06/01/2022,46.53,46.64,45.90,45.95,59597
ENB,05/31/2022,46.46,46.70,46.04,46.15,40219
ENB,05/27/2022,45.99,46.44,45.94,46.20,57080
ENB,05/26/2022,45.21,46.00,45.13,45.85,28260
ENB,05/25/2022,44.98,45.29,44.78,45.10,27499
ENB,05/24/2022,44.87,45.13,44.27,44.98,35522
ENB,05/23/2022,44.87,45.38,44.69,44.91,24348
ENB,05/20/2022,44.84,44.90,43.84,44.54,34784
ENB,05/19/2022,43.83,44.74,43.77,44.44,38896
ENB,05/18/2022,44.97,45.10,44.03,44.24,33445
ENB,05/17/2022,44.93,45.04,44.56,44.89,33554
ENB,05/16/2022,44.00,44.84,43.88,44.58,39132
ENB,05/13/2022,43.20,44.07,43.11,43.79,50617
ENB,05/12/2022,42.33,42.70,42.02,42.68,93899
ENB,05/11/2022,43.43,44.20,43.05,43.13,80592
ENB,05/10/2022,43.70,44.16,42.43,42.94,57750
ENB,05/09/2022,45.05,45.05,43.24,43.38,67342
ENB,05/06/2022,45.61,45.69,44.31,45.43,56477
ENB,05/05/2022,45.24,45.57,44.14,44.58,50704
ENB,05/04/2022,44.34,45.31,44.04,45.19,49709
ENB,05/03/2022,43.51,44.29,43.49,43.86,38334
ENB,05/02/2022,43.50,43.71,42.86,43.43,36808
ENB,04/29/2022,44.73,44.86,43.51,43.64,43829
ENB,04/28/2022,44.09,44.87,43.88,44.61,33724
ENB,04/27/2022,43.95,44.17,43.44,43.82,31955
ENB,04/26/2022,44.05,44.33,43.72,43.76,34670
ENB,04/25/2022,44.00,44.43,43.17,44.15,53500
ENB,04/22/2022,46.13,46.23,44.77,44.86,38560
ENB,04/21/2022,46.94,47.22,46.28,46.31,29744
ENB,04/20/2022,46.56,47.05,46.46,46.83,27204
ENB,04/19/2022,46.16,46.54,46.02,46.42,22227
ENB,04/18/2022,46.32,46.41,46.04,46.19,27085
ENB,04/14/2022,46.30,46.56,46.11,46.22,25008
ENB,04/13/2022,46.41,46.50,46.04,46.38,32224
ENB,04/12/2022,46.36,46.65,46.11,46.13,26132
ENB,04/11/2022,46.62,46.66,45.92,46.10,33450
ENB,04/08/2022,46.17,46.88,46.17,46.71,33652
ENB,04/07/2022,46.55,46.58,45.57,46.14,47395
ENB,04/06/2022,46.63,46.86,46.32,46.54,31570
ENB,04/05/2022,46.80,47.42,46.50,46.51,26759
ENB,04/04/2022,46.55,46.81,46.38,46.63,25528
ENB,04/01/2022,46.22,46.53,46.05,46.40,26273
ENB,03/31/2022,46.14,46.50,46.05,46.09,33915
ENB,03/30/2022,46.33,46.42,46.04,46.35,26434
ENB,03/29/2022,45.60,46.27,45.46,46.13,30014
ENB,03/28/2022,45.88,45.98,45.47,45.94,28431
ENB,03/25/2022,45.41,46.37,45.41,46.36,43377
ENB,03/24/2022,45.37,45.48,45.16,45.41,25078
ENB,03/23/2022,45.41,45.43,45.05,45.06,34786
ENB,03/22/2022,45.39,45.59,45.01,45.21,33842
ENB,03/21/2022,45.00,45.44,44.91,45.25,52698
ENB,03/18/2022,44.72,44.97,44.43,44.84,35762
ENB,03/17/2022,44.35,44.99,44.26,44.75,41630
ENB,03/16/2022,44.11,44.46,43.47,44.02,34494
ENB,03/15/2022,43.44,44.12,43.11,44.06,41826
ENB,03/14/2022,44.40,44.40,43.53,43.92,52964
ENB,03/11/2022,44.40,44.76,44.27,44.46,39407
ENB,03/10/2022,44.28,44.53,43.86,44.44,43774
ENB,03/09/2022,43.52,44.45,43.46,44.10,43473
ENB,03/08/2022,44.50,44.51,43.65,43.86,55586
ENB,03/07/2022,44.97,45.13,44.18,44.24,56852
ENB,03/04/2022,44.16,44.88,44.06,44.75,106779
ENB,03/03/2022,44.20,44.77,44.20,44.42,40632
ENB,03/02/2022,43.76,44.63,43.57,44.40,64526
ENB,03/01/2022,43.43,44.04,42.97,43.38,79813
ENB,02/28/2022,42.30,43.25,42.26,43.18,70048
ENB,02/25/2022,41.70,42.61,41.61,42.60,66899
ENB,02/24/2022,41.00,41.54,40.73,41.49,59024
ENB,02/23/2022,41.50,41.72,41.28,41.54,45404
ENB,02/22/2022,41.55,41.63,40.67,41.27,44354
ENB,02/18/2022,41.41,41.56,41.14,41.18,32678
ENB,02/17/2022,41.53,41.71,41.29,41.51,54808
ENB,02/16/2022,41.49,41.84,41.16,41.64,39902
ENB,02/15/2022,41.00,41.50,40.83,41.30,55152
ENB,02/14/2022,42.48,42.48,41.11,41.45,110801
