EXC,06/23/2023,40.65,40.79,40.34,40.63,5277
EXC,06/22/2023,40.97,41.10,40.38,40.54,29844
EXC,06/21/2023,40.59,40.92,40.01,40.91,35060
EXC,06/20/2023,41.21,41.22,40.69,40.74,54375
EXC,06/16/2023,40.86,41.43,40.79,41.21,86564
EXC,06/15/2023,40.37,40.90,40.25,40.82,55456
EXC,06/14/2023,40.00,40.33,39.85,40.12,49577
EXC,06/13/2023,39.91,40.08,39.63,39.80,45689
EXC,06/12/2023,40.09,40.18,39.73,39.91,37359
EXC,06/09/2023,40.20,40.35,39.89,40.08,52510
EXC,06/08/2023,39.85,40.34,39.74,40.13,79963
EXC,06/07/2023,39.85,40.50,39.52,40.34,62344
EXC,06/06/2023,40.09,40.21,39.72,39.75,63844
EXC,06/05/2023,39.71,40.32,39.70,39.98,39324
EXC,06/02/2023,39.27,40.02,39.00,39.69,51521
EXC,06/01/2023,39.87,39.87,39.20,39.48,67715
EXC,05/31/2023,39.34,39.75,38.95,39.65,68468
EXC,05/30/2023,39.39,39.74,39.25,39.34,72504
EXC,05/26/2023,39.39,39.47,38.79,39.39,50423
EXC,05/25/2023,39.76,39.92,39.16,39.51,60342
EXC,05/24/2023,40.54,40.66,40.08,40.15,44317
EXC,05/23/2023,40.11,40.76,39.85,40.44,134592
EXC,05/22/2023,40.20,40.47,39.76,40.12,57599
EXC,05/19/2023,39.44,40.00,39.41,39.87,113360
EXC,05/18/2023,39.10,39.45,38.88,39.39,68584
EXC,05/17/2023,39.35,39.80,39.05,39.26,67112
EXC,05/16/2023,40.76,40.81,39.33,39.37,82107
EXC,05/15/2023,42.00,42.00,40.43,40.76,64214
EXC,05/12/2023,42.43,42.68,41.43,41.75,88302
EXC,05/11/2023,42.84,43.02,42.23,42.48,56653
EXC,05/10/2023,42.76,43.05,42.42,42.92,40018
EXC,05/09/2023,42.57,42.81,42.19,42.62,47921
EXC,05/08/2023,42.87,43.33,42.62,42.77,36052
EXC,05/05/2023,42.48,43.04,42.48,42.85,38216
EXC,05/04/2023,42.42,43.07,41.53,42.56,62123
EXC,05/03/2023,42.87,43.23,42.20,42.33,54706
EXC,05/02/2023,43.19,43.35,42.38,42.57,58094
EXC,05/01/2023,42.45,43.40,42.39,43.18,74451
EXC,04/28/2023,42.78,43.03,42.37,42.44,78534
EXC,04/27/2023,42.95,43.27,42.63,42.78,67312
EXC,04/26/2023,43.32,43.54,42.61,42.79,50861
EXC,04/25/2023,43.34,43.71,43.30,43.61,30046
EXC,04/24/2023,43.19,43.62,42.82,43.45,44136
EXC,04/21/2023,43.22,43.32,42.83,43.22,41771
EXC,04/20/2023,43.06,43.14,42.66,43.00,36834
EXC,04/19/2023,43.02,43.11,42.75,43.04,31529
EXC,04/18/2023,42.80,43.04,42.58,42.85,41904
EXC,04/17/2023,42.32,42.72,42.20,42.67,55446
EXC,04/14/2023,42.43,42.60,41.91,42.13,63530
EXC,04/13/2023,42.90,43.03,41.95,42.89,114201
EXC,04/12/2023,43.30,43.50,42.96,43.08,75308
EXC,04/11/2023,43.35,43.43,43.07,43.26,42856
EXC,04/10/2023,43.01,43.27,42.43,43.26,43153
EXC,04/06/2023,43.23,43.33,42.77,43.06,82906
EXC,04/05/2023,42.01,43.08,42.01,42.93,72278
EXC,04/04/2023,41.76,42.07,41.61,41.86,39887
EXC,04/03/2023,41.86,42.16,41.44,41.81,42463
EXC,03/31/2023,41.55,41.93,41.35,41.89,47581
EXC,03/30/2023,41.49,41.91,41.22,41.45,48705
EXC,03/29/2023,40.92,41.35,40.92,41.15,59204
EXC,03/28/2023,40.54,41.22,40.45,40.82,63200
EXC,03/27/2023,40.47,40.91,40.40,40.52,51325
EXC,03/24/2023,39.20,40.25,39.06,40.24,68043
EXC,03/23/2023,39.64,40.30,38.98,39.20,83317
EXC,03/22/2023,40.34,40.79,39.66,39.68,94016
EXC,03/21/2023,41.95,42.03,40.24,40.68,100697
EXC,03/20/2023,42.14,42.38,41.78,41.82,119279
EXC,03/17/2023,42.15,42.26,41.34,42.14,280852
EXC,03/16/2023,41.58,42.19,41.19,42.15,81721
EXC,03/15/2023,41.08,42.13,40.65,41.84,102554
EXC,03/14/2023,41.52,41.75,40.89,41.34,71412
EXC,03/13/2023,40.11,41.52,40.00,41.39,106835
EXC,03/10/2023,40.83,40.90,39.83,40.18,59179
EXC,03/09/2023,41.32,41.61,40.50,40.59,48860
EXC,03/08/2023,41.04,41.36,40.75,41.25,44668
EXC,03/07/2023,41.64,41.83,40.61,41.00,77420
EXC,03/06/2023,41.45,41.63,41.03,41.49,61907
EXC,03/03/2023,40.49,41.42,40.32,41.38,57474
EXC,03/02/2023,39.63,40.41,39.53,40.38,82903
EXC,03/01/2023,40.07,40.19,39.49,39.75,72453
EXC,02/28/2023,41.27,41.38,40.34,40.39,139897
EXC,02/27/2023,41.55,42.22,41.33,41.43,52194
EXC,02/24/2023,41.10,41.41,40.91,41.32,75694
EXC,02/23/2023,41.88,41.96,41.46,41.84,57599
EXC,02/22/2023,42.13,42.52,41.69,41.84,64882
EXC,02/21/2023,42.68,42.88,42.08,42.23,59255
EXC,02/17/2023,42.84,43.34,42.51,43.05,83821
EXC,02/16/2023,42.27,42.78,41.89,42.49,60432
EXC,02/15/2023,41.78,42.82,41.71,42.67,77589
EXC,02/14/2023,41.82,42.79,41.52,42.03,79229
EXC,02/13/2023,40.72,41.19,40.65,41.19,50079
EXC,02/10/2023,40.17,40.76,39.88,40.71,86506
EXC,02/09/2023,40.27,40.55,39.69,39.99,64911
EXC,02/08/2023,40.48,40.50,39.90,40.24,62693
EXC,02/07/2023,40.89,41.01,40.30,40.82,47198
EXC,02/06/2023,40.88,41.03,40.29,40.96,66957
EXC,02/03/2023,41.52,41.60,40.09,40.90,67413
EXC,02/02/2023,42.24,42.95,41.79,41.89,87865
EXC,02/01/2023,41.91,42.60,41.63,42.30,61819
EXC,01/31/2023,41.85,42.25,41.61,42.19,48009
EXC,01/30/2023,41.58,42.27,41.49,41.75,35268
EXC,01/27/2023,41.51,41.81,41.28,41.69,46192
EXC,01/26/2023,41.36,41.69,41.18,41.60,34630
EXC,01/25/2023,41.22,41.56,40.95,41.42,52630
EXC,01/24/2023,41.86,41.96,41.24,41.51,35521
EXC,01/23/2023,42.09,42.39,41.74,41.82,44882
EXC,01/20/2023,42.00,42.39,41.46,42.34,49994
EXC,01/19/2023,42.18,42.24,41.68,42.04,54338
EXC,01/18/2023,43.16,43.25,42.12,42.23,43953
EXC,01/17/2023,43.24,43.48,42.98,43.16,41920
EXC,01/13/2023,43.30,43.53,42.89,43.38,50845
EXC,01/12/2023,44.01,44.10,43.29,43.38,63781
EXC,01/11/2023,43.68,44.24,43.57,44.14,47203
EXC,01/10/2023,43.86,44.06,43.17,43.69,43998
EXC,01/09/2023,43.50,44.36,43.33,44.15,95392
EXC,01/06/2023,43.24,43.92,43.14,43.67,66569
EXC,01/05/2023,43.41,43.48,42.29,42.78,71600
EXC,01/04/2023,43.39,43.96,43.22,43.73,41712
EXC,01/03/2023,43.25,43.35,42.42,43.16,48769
EXC,12/30/2022,43.14,43.31,42.85,43.23,60024
EXC,12/29/2022,43.17,43.46,43.04,43.13,30644
EXC,12/28/2022,43.28,43.49,42.85,42.94,37185
EXC,12/27/2022,43.17,43.27,42.86,43.15,53730
EXC,12/23/2022,42.48,43.08,42.38,43.04,32105
EXC,12/22/2022,42.40,42.55,41.85,42.52,59413
EXC,12/21/2022,42.44,42.72,42.20,42.63,45935
EXC,12/20/2022,41.78,42.33,41.43,42.06,71340
EXC,12/19/2022,41.82,42.32,41.58,41.77,60440
EXC,12/16/2022,41.85,42.02,40.84,41.93,171967
EXC,12/15/2022,42.70,42.79,41.99,42.38,57884
EXC,12/14/2022,42.56,43.65,42.47,42.82,68340
EXC,12/13/2022,43.29,43.51,42.19,42.54,77087
EXC,12/12/2022,41.60,42.53,41.18,42.50,51098
EXC,12/09/2022,41.83,42.08,41.40,41.42,52165
EXC,12/08/2022,42.22,42.38,41.57,41.77,87392
EXC,12/07/2022,42.87,42.94,42.12,42.31,109644
EXC,12/06/2022,41.76,42.99,41.76,42.87,187509
EXC,12/05/2022,41.18,41.79,41.07,41.75,61922
EXC,12/02/2022,41.18,41.47,40.79,41.45,55453
EXC,12/01/2022,41.83,42.04,41.17,41.53,67935
EXC,11/30/2022,39.95,41.39,39.89,41.37,105185
EXC,11/29/2022,40.01,40.11,39.61,40.00,76962
EXC,11/28/2022,40.05,40.41,39.83,40.23,90618
EXC,11/25/2022,39.98,40.27,39.94,40.07,32452
EXC,11/23/2022,39.30,39.88,39.21,39.87,54445
EXC,11/22/2022,39.05,39.52,38.92,39.45,68348
EXC,11/21/2022,38.51,38.83,38.35,38.70,56443
EXC,11/18/2022,37.84,38.72,37.59,38.58,73994
EXC,11/17/2022,37.66,37.88,37.24,37.48,50927
EXC,11/16/2022,38.31,38.72,38.02,38.06,57369
EXC,11/15/2022,38.61,38.83,37.78,38.24,67104
EXC,11/14/2022,39.00,39.07,38.03,38.06,63912
EXC,11/11/2022,39.16,39.36,38.46,39.11,71702
EXC,11/10/2022,38.99,39.11,38.19,39.00,82216
EXC,11/09/2022,37.61,38.27,37.54,37.69,103556
EXC,11/08/2022,36.67,37.82,36.62,37.71,110288
EXC,11/07/2022,37.50,37.63,36.02,36.68,108807
EXC,11/04/2022,37.18,37.53,36.38,37.18,122860
EXC,11/03/2022,36.12,37.80,36.10,36.96,147966
EXC,11/02/2022,38.49,39.27,37.98,38.04,83850
EXC,11/01/2022,38.90,39.01,38.54,38.76,52060
EXC,10/31/2022,38.64,38.86,38.39,38.59,59637
EXC,10/28/2022,37.75,38.81,37.75,38.76,72502
EXC,10/27/2022,38.06,38.55,37.61,37.70,95259
EXC,10/26/2022,37.81,38.29,37.36,37.61,121565
EXC,10/25/2022,36.87,37.87,36.85,37.76,72701
EXC,10/24/2022,36.89,37.26,36.67,36.87,50721
EXC,10/21/2022,35.74,36.99,35.45,36.72,115580
EXC,10/20/2022,36.64,36.67,35.18,35.54,95751
EXC,10/19/2022,36.93,37.46,36.78,36.85,58614
EXC,10/18/2022,37.56,38.05,37.27,37.56,73484
EXC,10/17/2022,37.25,37.85,37.01,37.10,74972
EXC,10/14/2022,37.52,37.85,36.49,36.59,60434
EXC,10/13/2022,35.41,37.42,35.32,37.23,92393
EXC,10/12/2022,37.54,37.54,35.94,35.96,73386
EXC,10/11/2022,37.78,38.24,37.40,37.47,79320
EXC,10/10/2022,37.20,37.92,37.17,37.81,113193
EXC,10/07/2022,37.67,37.84,36.76,36.96,67200
EXC,10/06/2022,38.56,38.67,37.68,37.76,75888
EXC,10/05/2022,39.30,39.36,38.17,38.70,94792
EXC,10/04/2022,38.75,40.04,38.67,40.01,118001
EXC,10/03/2022,38.25,38.84,37.78,38.48,97389
EXC,09/30/2022,38.00,38.23,37.36,37.46,91645
EXC,09/29/2022,39.42,39.47,37.38,37.75,138233
EXC,09/28/2022,40.49,40.57,39.63,39.68,96902
EXC,09/27/2022,40.73,41.00,39.73,40.15,81515
EXC,09/26/2022,41.67,41.70,40.18,40.58,61728
EXC,09/23/2022,41.17,41.89,40.81,41.67,85920
EXC,09/22/2022,42.06,42.11,41.47,41.68,63218
EXC,09/21/2022,43.02,43.36,42.07,42.10,61194
EXC,09/20/2022,42.99,43.16,42.64,42.78,57599
EXC,09/19/2022,43.04,43.40,42.77,43.39,57638
EXC,09/16/2022,43.23,43.40,42.81,43.21,116530
EXC,09/15/2022,44.02,44.10,43.10,43.24,47922
EXC,09/14/2022,44.04,44.71,44.01,44.35,66708
EXC,09/13/2022,45.63,45.73,43.82,44.02,73557
EXC,09/12/2022,45.94,46.19,45.60,46.11,62638
EXC,09/09/2022,45.77,46.13,45.43,45.84,62425
EXC,09/08/2022,44.86,45.67,44.81,45.37,70703
EXC,09/07/2022,44.11,45.49,44.11,45.11,99627
EXC,09/06/2022,44.30,44.91,43.79,43.89,54366
EXC,09/02/2022,44.72,45.26,43.99,44.08,67339
EXC,09/01/2022,43.85,44.58,43.72,44.45,51098
EXC,08/31/2022,44.04,44.69,43.90,43.91,83377
EXC,08/30/2022,44.97,45.11,43.88,44.06,45274
EXC,08/29/2022,44.38,45.37,44.24,45.00,42735
EXC,08/26/2022,46.07,46.14,44.67,44.71,73070
EXC,08/25/2022,45.67,45.94,45.28,45.82,74643
EXC,08/24/2022,44.96,45.54,44.92,45.49,81665
EXC,08/23/2022,45.27,45.36,44.71,45.07,69604
EXC,08/22/2022,45.94,46.03,45.22,45.35,34191
EXC,08/19/2022,46.26,46.49,46.04,46.14,70030
EXC,08/18/2022,46.32,46.71,46.13,46.31,67249
EXC,08/17/2022,46.42,46.54,45.99,46.25,54410
EXC,08/16/2022,46.60,47.23,46.57,46.69,50167
EXC,08/15/2022,46.14,46.75,46.02,46.70,44449
EXC,08/12/2022,45.50,46.26,45.49,46.17,47676
EXC,08/11/2022,45.59,46.30,45.43,45.70,41489
EXC,08/10/2022,45.55,45.68,44.85,45.53,47820
EXC,08/09/2022,45.13,45.57,44.97,45.40,47811
EXC,08/08/2022,45.37,45.53,44.70,44.98,39187
EXC,08/05/2022,44.99,45.59,44.13,44.77,115652
EXC,08/04/2022,44.50,45.36,44.43,45.06,66838
EXC,08/03/2022,44.27,44.99,43.96,44.31,104758
EXC,08/02/2022,46.28,46.52,45.75,45.83,51948
EXC,08/01/2022,46.41,46.60,45.52,46.11,55154
EXC,07/29/2022,46.02,46.74,46.02,46.49,43099
EXC,07/28/2022,45.03,46.30,44.81,46.27,80019
EXC,07/27/2022,44.54,44.67,44.01,44.46,65283
EXC,07/26/2022,44.63,44.97,44.35,44.70,44952
EXC,07/25/2022,44.10,44.56,43.88,44.42,35007
EXC,07/22/2022,43.48,44.09,43.47,44.02,39986
EXC,07/21/2022,43.17,43.28,42.73,43.26,60860
EXC,07/20/2022,43.94,44.12,43.09,43.10,85327
EXC,07/19/2022,44.22,44.35,43.62,43.70,69848
EXC,07/18/2022,44.26,44.52,43.74,43.76,35450
EXC,07/15/2022,44.31,44.60,43.63,44.23,47792
EXC,07/14/2022,42.83,44.22,42.74,44.15,44316
EXC,07/13/2022,43.67,44.26,43.47,43.60,46112
EXC,07/12/2022,44.38,44.97,44.00,44.23,38415
EXC,07/11/2022,44.23,44.54,43.74,44.43,37544
EXC,07/08/2022,44.56,44.70,44.00,44.29,33851
EXC,07/07/2022,44.81,45.13,44.35,44.39,44956
EXC,07/06/2022,44.08,44.71,43.54,44.26,44093
EXC,07/05/2022,45.84,45.90,42.74,43.62,77967
EXC,07/01/2022,45.29,46.13,45.14,46.07,69589
EXC,06/30/2022,44.15,45.65,43.88,45.32,104339
EXC,06/29/2022,43.94,44.47,43.93,44.34,47373
EXC,06/28/2022,44.01,44.40,43.60,43.88,55636
EXC,06/27/2022,43.21,44.15,43.09,43.89,42250
EXC,06/24/2022,42.31,43.36,42.10,43.29,69103
EXC,06/23/2022,41.95,42.41,41.81,42.23,45317
EXC,06/22/2022,41.27,42.16,41.11,41.69,54771
EXC,06/21/2022,41.19,41.89,41.01,41.60,62404
EXC,06/17/2022,41.39,41.61,40.17,40.91,130279
EXC,06/16/2022,41.73,41.73,40.76,41.22,71510
EXC,06/15/2022,42.66,43.04,41.65,42.26,73025
EXC,06/14/2022,43.81,43.91,41.72,42.31,89107
EXC,06/13/2022,45.36,45.44,43.52,43.68,77209
EXC,06/10/2022,46.14,46.42,45.70,46.01,65413
EXC,06/09/2022,48.00,48.15,46.53,46.66,50765
EXC,06/08/2022,48.93,49.23,48.06,48.17,53297
EXC,06/07/2022,48.36,49.13,48.30,49.05,39530
EXC,06/06/2022,49.10,49.14,48.43,48.55,43846
EXC,06/03/2022,48.67,49.19,48.67,48.73,37450
EXC,06/02/2022,49.48,49.49,48.08,48.99,51057
EXC,06/01/2022,49.41,49.50,48.69,49.19,44656
EXC,05/31/2022,49.38,49.68,48.86,49.15,84747
EXC,05/27/2022,49.04,49.86,48.94,49.85,51171
EXC,05/26/2022,49.05,49.49,49.01,49.16,49097
EXC,05/25/2022,48.83,49.19,48.66,49.02,50939
EXC,05/24/2022,47.90,49.02,47.48,48.83,64042
EXC,05/23/2022,47.80,48.15,47.41,47.89,41016
EXC,05/20/2022,47.36,47.62,46.34,47.15,58940
EXC,05/19/2022,47.06,47.52,46.41,47.35,56621
EXC,05/18/2022,47.63,47.89,46.95,47.13,69447
EXC,05/17/2022,47.00,47.56,46.37,47.54,50316
EXC,05/16/2022,46.86,47.25,46.41,46.87,46191
EXC,05/13/2022,46.16,46.77,45.85,46.73,54499
EXC,05/12/2022,47.34,47.69,45.40,45.85,118347
EXC,05/11/2022,46.71,48.36,46.60,47.62,93578
EXC,05/10/2022,47.22,48.01,46.22,46.76,85716
EXC,05/09/2022,47.06,47.19,46.28,46.73,64584
EXC,05/06/2022,46.86,47.32,46.49,47.06,108741
EXC,05/05/2022,47.64,47.68,46.44,46.90,69793
EXC,05/04/2022,46.86,47.95,46.80,47.92,81005
EXC,05/03/2022,46.85,47.62,46.53,46.69,44467
EXC,05/02/2022,46.87,47.30,46.07,46.65,61296
EXC,04/29/2022,48.16,48.30,46.71,46.78,60013
EXC,04/28/2022,47.85,48.50,47.56,48.34,64272
EXC,04/27/2022,48.50,48.85,47.74,47.79,67069
EXC,04/26/2022,48.64,49.34,48.27,48.42,46402
EXC,04/25/2022,48.73,48.95,47.49,48.77,62195
EXC,04/22/2022,49.68,49.86,48.56,48.65,74217
EXC,04/21/2022,50.10,50.71,49.70,49.74,51950
EXC,04/20/2022,50.27,50.66,50.01,50.25,59156
EXC,04/19/2022,49.28,49.60,49.10,49.50,42175
EXC,04/18/2022,49.03,49.38,48.81,49.23,50896
EXC,04/14/2022,48.88,49.35,48.64,49.03,63755
EXC,04/13/2022,48.06,48.72,47.97,48.64,68500
EXC,04/12/2022,48.25,48.66,47.75,48.05,72831
EXC,04/11/2022,49.93,50.14,48.17,48.24,73387
EXC,04/08/2022,50.11,50.29,49.25,50.13,58649
EXC,04/07/2022,49.52,50.13,49.27,50.02,127811
EXC,04/06/2022,48.06,49.84,47.91,49.71,122706
EXC,04/05/2022,47.33,48.18,47.33,47.80,82373
EXC,04/04/2022,47.66,47.79,46.83,47.34,58727
EXC,04/01/2022,47.72,47.82,47.28,47.66,78255
EXC,03/31/2022,47.48,48.03,47.31,47.63,81493
EXC,03/30/2022,46.85,47.25,46.79,47.23,59864
EXC,03/29/2022,46.08,47.02,46.00,46.99,83738
EXC,03/28/2022,45.58,46.03,45.32,46.02,91329
EXC,03/25/2022,44.47,45.54,44.42,45.51,55566
EXC,03/24/2022,43.84,44.57,43.78,44.47,48556
EXC,03/23/2022,43.62,44.01,43.05,43.70,70246
EXC,03/22/2022,43.81,43.99,43.35,43.63,56109
EXC,03/21/2022,43.25,43.71,43.21,43.66,85217
EXC,03/18/2022,43.45,43.53,42.86,43.25,123201
EXC,03/17/2022,43.47,43.74,43.31,43.45,72133
EXC,03/16/2022,43.64,44.09,42.71,43.44,85710
EXC,03/15/2022,43.83,44.01,43.27,43.76,62906
EXC,03/14/2022,43.70,44.12,43.51,43.58,66528
EXC,03/11/2022,44.24,44.40,43.59,43.63,62810
EXC,03/10/2022,43.34,43.81,43.14,43.60,95442
EXC,03/09/2022,43.74,43.92,43.25,43.55,83727
EXC,03/08/2022,44.12,44.29,43.09,43.49,82864
EXC,03/07/2022,44.11,44.73,43.77,43.83,97992
EXC,03/04/2022,42.88,44.28,42.54,44.28,86466
EXC,03/03/2022,42.80,43.31,42.76,43.13,70565
EXC,03/02/2022,42.34,43.02,42.14,42.76,69591
EXC,03/01/2022,42.00,42.65,41.87,42.23,80016
EXC,02/28/2022,42.07,42.85,41.90,42.56,129606
EXC,02/25/2022,41.34,42.68,41.29,42.60,77286
EXC,02/24/2022,40.84,41.40,40.11,41.30,118386
EXC,02/23/2022,41.72,41.89,40.81,40.97,79906
EXC,02/22/2022,41.76,41.96,41.36,41.65,107714
EXC,02/18/2022,41.99,41.99,41.44,41.63,86285
EXC,02/17/2022,41.85,42.00,41.43,41.75,75183
EXC,02/16/2022,41.89,42.28,41.56,42.00,92454
EXC,02/15/2022,42.33,42.51,41.43,41.74,80356
EXC,02/14/2022,42.27,42.35,41.28,42.20,124062
