EXPE,06/23/2023,105.11,105.46,103.80,104.65,4870
EXPE,06/22/2023,105.75,108.20,105.50,107.33,26193
EXPE,06/21/2023,106.28,107.28,104.70,105.01,25145
EXPE,06/20/2023,104.97,107.58,104.90,106.92,27880
EXPE,06/16/2023,107.50,107.73,105.46,105.87,34176
EXPE,06/15/2023,107.82,107.83,106.02,107.11,32228
EXPE,06/14/2023,111.50,111.69,107.87,108.93,20154
EXPE,06/13/2023,111.28,111.82,110.05,110.96,18758
EXPE,06/12/2023,111.00,111.41,109.17,110.81,22481
EXPE,06/09/2023,108.99,111.08,108.58,110.48,33900
EXPE,06/08/2023,107.78,108.97,106.36,107.67,28456
EXPE,06/07/2023,113.10,114.37,109.02,109.09,37003
EXPE,06/06/2023,107.47,112.83,107.43,111.99,54890
EXPE,06/05/2023,103.20,107.23,102.11,106.90,40071
EXPE,06/02/2023,100.00,103.67,99.87,103.27,23622
EXPE,06/01/2023,95.63,99.64,95.07,98.66,21854
EXPE,05/31/2023,96.11,96.49,92.86,95.71,26034
EXPE,05/30/2023,97.00,97.32,95.17,97.00,18824
EXPE,05/26/2023,95.97,98.13,95.72,96.35,17826
EXPE,05/25/2023,94.22,96.00,92.31,95.79,27370
EXPE,05/24/2023,93.20,94.00,92.00,93.32,14782
EXPE,05/23/2023,96.70,97.32,94.06,94.16,16561
EXPE,05/22/2023,96.79,97.14,95.38,96.82,17277
EXPE,05/19/2023,98.42,98.61,95.21,96.63,23498
EXPE,05/18/2023,94.90,98.50,94.46,98.27,24665
EXPE,05/17/2023,93.31,95.93,91.92,95.22,23988
EXPE,05/16/2023,93.23,95.34,92.39,92.71,30966
EXPE,05/15/2023,89.30,92.40,89.09,92.23,23655
EXPE,05/12/2023,91.33,91.45,88.81,89.45,18698
EXPE,05/11/2023,90.91,91.93,90.67,91.22,15519
EXPE,05/10/2023,93.20,93.95,90.70,91.03,32339
EXPE,05/09/2023,92.23,95.00,91.31,93.26,23733
EXPE,05/08/2023,94.20,96.29,91.91,92.48,27381
EXPE,05/05/2023,95.60,97.80,91.93,93.54,69065
EXPE,05/04/2023,89.71,90.32,87.94,89.17,33313
EXPE,05/03/2023,93.00,93.41,90.20,90.57,29062
EXPE,05/02/2023,94.26,94.67,92.17,93.24,22868
EXPE,05/01/2023,94.22,95.58,93.64,94.42,20547
EXPE,04/28/2023,92.32,94.54,92.20,93.96,15699
EXPE,04/27/2023,91.00,92.55,90.12,92.41,24856
EXPE,04/26/2023,92.22,93.19,89.68,89.87,20711
EXPE,04/25/2023,93.49,93.84,92.07,92.11,27546
EXPE,04/24/2023,94.42,94.48,93.24,94.19,20447
EXPE,04/21/2023,93.62,93.87,91.55,93.80,14921
EXPE,04/20/2023,94.38,94.90,93.47,94.02,14110
EXPE,04/19/2023,94.90,96.13,94.45,95.33,25609
EXPE,04/18/2023,95.29,96.55,94.86,95.54,25342
EXPE,04/17/2023,92.51,94.03,92.22,93.38,20547
EXPE,04/14/2023,90.66,92.08,90.19,92.03,17059
EXPE,04/13/2023,90.26,91.93,90.10,90.96,15935
EXPE,04/12/2023,92.32,92.48,89.06,89.34,20099
EXPE,04/11/2023,90.55,91.96,89.94,91.79,24000
EXPE,04/10/2023,90.81,92.39,89.72,89.81,26392
EXPE,04/06/2023,91.88,92.38,90.05,91.70,15939
EXPE,04/05/2023,93.00,93.13,90.15,91.49,19529
EXPE,04/04/2023,95.30,95.83,92.96,93.77,13917
EXPE,04/03/2023,96.54,96.88,94.27,95.07,17072
EXPE,03/31/2023,97.00,97.45,96.33,97.03,19440
EXPE,03/30/2023,96.10,97.05,95.67,96.13,20486
EXPE,03/29/2023,94.71,95.65,94.00,95.03,26931
EXPE,03/28/2023,91.17,93.19,91.10,93.04,37835
EXPE,03/27/2023,92.24,92.63,90.45,90.73,25481
EXPE,03/24/2023,91.26,92.04,89.01,90.54,26329
EXPE,03/23/2023,94.86,96.00,91.62,92.65,21869
EXPE,03/22/2023,96.55,97.09,93.56,93.64,21367
EXPE,03/21/2023,96.54,97.64,96.28,96.75,22584
EXPE,03/20/2023,93.66,94.85,93.33,94.56,18227
EXPE,03/17/2023,94.41,95.00,91.85,93.42,33012
EXPE,03/16/2023,90.83,95.82,90.34,95.12,31284
EXPE,03/15/2023,91.33,92.47,90.25,91.73,39077
EXPE,03/14/2023,97.36,99.18,93.34,94.10,36388
EXPE,03/13/2023,96.45,96.57,93.86,95.00,37662
EXPE,03/10/2023,100.00,101.92,97.47,98.29,26022
EXPE,03/09/2023,106.95,107.27,100.67,100.80,25160
EXPE,03/08/2023,107.35,108.63,106.03,107.23,13234
EXPE,03/07/2023,108.75,110.64,107.15,107.51,20220
EXPE,03/06/2023,107.57,110.09,107.56,108.55,18455
EXPE,03/03/2023,107.09,108.30,105.78,107.61,26247
EXPE,03/02/2023,104.79,106.96,104.34,105.78,21607
EXPE,03/01/2023,109.83,110.31,105.78,106.16,24188
EXPE,02/28/2023,106.74,109.51,106.62,108.97,29654
EXPE,02/27/2023,105.66,107.98,105.47,106.84,18163
EXPE,02/24/2023,104.34,106.48,103.52,104.31,19451
EXPE,02/23/2023,108.38,108.96,105.79,106.91,23049
EXPE,02/22/2023,107.84,109.56,107.60,107.97,15362
EXPE,02/21/2023,106.99,109.44,106.95,108.03,21070
EXPE,02/17/2023,110.27,110.54,106.86,108.96,35146
EXPE,02/16/2023,114.00,114.88,111.24,111.53,32090
EXPE,02/15/2023,116.71,118.34,115.23,115.96,30777
EXPE,02/14/2023,110.75,115.46,109.98,114.95,28658
EXPE,02/13/2023,108.88,111.96,108.01,111.35,33125
EXPE,02/10/2023,111.41,112.83,105.71,107.64,93592
EXPE,02/09/2023,120.81,121.98,117.00,117.71,41351
EXPE,02/08/2023,119.68,120.91,117.12,119.15,20484
EXPE,02/07/2023,119.18,120.81,117.44,120.20,16540
EXPE,02/06/2023,117.46,120.09,116.68,119.07,20047
EXPE,02/03/2023,118.71,120.99,117.56,118.70,19354
EXPE,02/02/2023,119.95,124.95,119.09,121.45,33457
EXPE,02/01/2023,113.95,118.23,113.23,117.90,17977
EXPE,01/31/2023,115.08,115.36,113.47,114.30,16693
EXPE,01/30/2023,114.72,116.58,113.77,115.56,21361
EXPE,01/27/2023,116.27,117.99,115.65,116.18,16865
EXPE,01/26/2023,117.72,118.63,115.42,116.73,17333
EXPE,01/25/2023,113.76,116.50,112.31,116.44,24254
EXPE,01/24/2023,115.32,116.93,114.92,115.17,19249
EXPE,01/23/2023,111.28,115.99,111.10,115.73,24706
EXPE,01/20/2023,107.75,111.44,106.77,111.30,28477
EXPE,01/19/2023,102.90,108.05,102.47,107.07,26880
EXPE,01/18/2023,108.29,109.43,103.78,103.87,27484
EXPE,01/17/2023,106.23,107.79,104.80,106.55,22912
EXPE,01/13/2023,102.86,107.04,102.19,106.09,26323
EXPE,01/12/2023,100.79,103.75,99.13,103.06,26667
EXPE,01/11/2023,97.82,100.25,96.86,99.24,28951
EXPE,01/10/2023,93.73,94.64,92.47,94.64,18640
EXPE,01/09/2023,94.32,95.44,93.46,93.77,18933
EXPE,01/06/2023,94.39,94.64,93.15,94.11,26405
EXPE,01/05/2023,90.14,93.74,90.00,93.00,26488
EXPE,01/04/2023,88.60,91.52,88.60,90.99,18227
EXPE,01/03/2023,88.63,89.39,86.31,87.68,14049
EXPE,12/30/2022,85.78,87.74,85.78,87.60,20452
EXPE,12/29/2022,84.37,87.31,84.20,87.13,23693
EXPE,12/28/2022,86.60,87.35,83.29,83.69,27429
EXPE,12/27/2022,86.82,87.00,84.88,86.56,24563
EXPE,12/23/2022,84.10,86.48,83.84,86.43,20828
EXPE,12/22/2022,85.34,85.76,82.39,84.52,21643
EXPE,12/21/2022,86.72,88.46,85.97,86.49,22912
EXPE,12/20/2022,84.47,86.50,84.00,85.61,27502
EXPE,12/19/2022,87.96,88.32,84.72,85.26,25286
EXPE,12/16/2022,89.11,89.83,86.88,88.17,30789
EXPE,12/15/2022,91.00,91.71,89.21,90.20,21718
EXPE,12/14/2022,94.24,95.87,91.50,92.79,24898
EXPE,12/13/2022,99.98,100.13,93.26,94.39,23954
EXPE,12/12/2022,93.85,95.79,93.22,95.60,19787
EXPE,12/09/2022,92.82,95.46,92.05,94.10,22001
EXPE,12/08/2022,92.18,94.08,91.35,93.58,22115
EXPE,12/07/2022,93.16,93.78,89.80,90.79,39071
EXPE,12/06/2022,100.42,100.98,95.15,96.91,21199
EXPE,12/05/2022,102.33,103.56,100.36,100.66,17124
EXPE,12/02/2022,103.55,104.63,101.92,103.69,17467
EXPE,12/01/2022,107.02,109.50,105.62,105.93,18674
EXPE,11/30/2022,103.10,106.93,101.56,106.84,22863
EXPE,11/29/2022,99.77,103.07,99.70,102.45,20203
EXPE,11/28/2022,100.49,101.79,99.37,99.65,18363
EXPE,11/25/2022,100.34,103.56,100.10,101.50,9570
EXPE,11/23/2022,100.79,101.86,99.48,100.88,15031
EXPE,11/22/2022,98.09,100.34,96.59,100.28,16139
EXPE,11/21/2022,97.07,99.17,96.55,97.07,21695
EXPE,11/18/2022,99.00,99.50,97.02,98.31,21831
EXPE,11/17/2022,94.53,97.30,93.84,97.26,17917
EXPE,11/16/2022,98.37,99.58,96.71,97.45,18015
EXPE,11/15/2022,101.78,102.98,98.17,99.94,27907
EXPE,11/14/2022,101.19,102.71,98.10,98.61,22163
EXPE,11/11/2022,99.28,104.47,99.18,102.79,30294
EXPE,11/10/2022,93.94,99.08,93.35,99.04,32983
EXPE,11/09/2022,87.96,90.39,87.60,89.06,20839
EXPE,11/08/2022,89.06,92.45,88.11,89.70,27595
EXPE,11/07/2022,92.91,93.17,85.02,89.59,41739
EXPE,11/04/2022,93.20,98.52,91.28,92.63,65088
EXPE,11/03/2022,90.50,90.61,86.36,87.63,47304
EXPE,11/02/2022,94.95,95.56,89.84,90.34,29564
EXPE,11/01/2022,96.50,97.69,94.64,95.66,24175
EXPE,10/31/2022,96.66,96.98,93.35,93.47,25407
EXPE,10/28/2022,96.00,97.87,94.33,96.75,24782
EXPE,10/27/2022,98.31,99.69,96.23,96.57,17707
EXPE,10/26/2022,98.60,100.43,96.10,96.77,16962
EXPE,10/25/2022,95.09,99.15,95.09,98.71,18861
EXPE,10/24/2022,96.78,97.54,93.26,95.86,16807
EXPE,10/21/2022,92.27,97.76,91.36,97.27,26358
EXPE,10/20/2022,95.99,97.63,92.92,93.15,31598
EXPE,10/19/2022,96.71,98.67,95.17,96.12,15612
EXPE,10/18/2022,98.30,99.86,96.40,98.11,17953
EXPE,10/17/2022,93.04,96.19,92.64,95.28,22539
EXPE,10/14/2022,93.83,94.00,90.12,90.27,18924
EXPE,10/13/2022,90.99,94.18,89.51,91.47,22507
EXPE,10/12/2022,91.95,93.90,90.56,93.14,14871
EXPE,10/11/2022,93.01,93.62,88.81,91.82,20507
EXPE,10/10/2022,94.46,94.85,91.73,92.69,18926
EXPE,10/07/2022,94.01,94.71,92.45,93.92,19217
EXPE,10/06/2022,98.41,99.22,95.10,95.61,26402
EXPE,10/05/2022,99.40,100.96,98.12,98.99,16736
EXPE,10/04/2022,97.50,102.15,97.05,102.10,22808
EXPE,10/03/2022,95.33,95.45,92.15,94.40,25524
EXPE,09/30/2022,93.36,96.67,92.72,93.69,24011
EXPE,09/29/2022,93.95,95.46,92.73,94.21,22185
EXPE,09/28/2022,92.69,96.74,92.00,95.91,22603
EXPE,09/27/2022,92.27,94.91,90.67,91.82,24942
EXPE,09/26/2022,91.59,93.42,89.57,89.69,21858
EXPE,09/23/2022,90.67,91.91,89.27,91.26,29449
EXPE,09/22/2022,99.01,99.01,91.40,92.00,38222
EXPE,09/21/2022,104.18,104.65,98.86,99.01,32394
EXPE,09/20/2022,101.84,105.39,100.95,104.63,31454
EXPE,09/19/2022,100.69,103.30,100.40,102.49,21030
EXPE,09/16/2022,105.89,106.30,100.73,101.89,39639
EXPE,09/15/2022,109.48,113.59,107.49,107.79,33175
EXPE,09/14/2022,108.81,110.70,106.33,110.19,22351
EXPE,09/13/2022,106.11,109.82,105.23,108.19,24999
EXPE,09/12/2022,110.86,113.51,110.50,111.74,28931
EXPE,09/09/2022,105.37,109.33,105.25,109.17,21615
EXPE,09/08/2022,102.30,105.25,102.06,104.98,16463
EXPE,09/07/2022,101.42,104.42,100.16,104.18,19300
EXPE,09/06/2022,102.84,103.10,98.91,100.85,19845
EXPE,09/02/2022,102.73,104.28,101.16,102.10,15299
EXPE,09/01/2022,100.96,101.82,97.72,101.73,20734
EXPE,08/31/2022,104.02,105.19,102.38,102.65,16455
EXPE,08/30/2022,104.70,106.05,101.83,102.64,16934
EXPE,08/29/2022,101.46,104.54,101.23,103.34,17452
EXPE,08/26/2022,108.81,109.49,103.25,103.41,14409
EXPE,08/25/2022,108.40,109.86,107.52,108.42,16160
EXPE,08/24/2022,105.15,107.67,103.99,106.80,18982
EXPE,08/23/2022,106.39,107.65,105.45,105.97,16859
EXPE,08/22/2022,105.58,106.72,104.31,105.88,18483
EXPE,08/19/2022,111.28,112.00,108.13,108.79,24866
EXPE,08/18/2022,113.57,113.85,111.78,113.66,16204
EXPE,08/17/2022,114.13,115.84,112.73,114.01,24613
EXPE,08/16/2022,113.19,117.31,112.06,117.16,32359
EXPE,08/15/2022,111.88,115.17,111.00,113.17,29399
EXPE,08/12/2022,110.92,113.77,110.48,113.51,24668
EXPE,08/11/2022,110.48,113.98,109.51,110.13,27553
EXPE,08/10/2022,107.25,109.59,106.77,109.23,31043
EXPE,08/09/2022,103.98,104.63,101.65,103.65,21402
EXPE,08/08/2022,103.59,109.49,102.89,105.38,37754
EXPE,08/05/2022,106.96,107.56,100.27,102.52,71665
EXPE,08/04/2022,103.67,103.79,101.28,102.20,56103
EXPE,08/03/2022,102.94,106.03,101.50,105.65,35356
EXPE,08/02/2022,102.23,106.17,101.76,103.89,24700
EXPE,08/01/2022,103.71,104.16,100.53,102.79,32207
EXPE,07/29/2022,105.08,106.54,103.82,106.05,18110
EXPE,07/28/2022,103.26,105.79,101.59,105.31,17114
EXPE,07/27/2022,100.73,104.14,100.09,103.76,17756
EXPE,07/26/2022,99.30,99.61,97.54,97.73,13153
EXPE,07/25/2022,100.03,100.86,98.00,100.75,13821
EXPE,07/22/2022,102.90,103.16,98.64,99.38,18761
EXPE,07/21/2022,101.24,102.44,98.86,102.37,19128
EXPE,07/20/2022,99.41,105.22,99.00,103.18,36596
EXPE,07/19/2022,96.63,100.82,96.12,100.32,29386
EXPE,07/18/2022,94.29,97.24,93.75,94.29,18227
EXPE,07/15/2022,90.90,93.60,90.19,92.35,21316
EXPE,07/14/2022,90.87,92.47,89.24,89.43,18894
EXPE,07/13/2022,90.22,93.94,88.70,92.98,18373
EXPE,07/12/2022,91.64,93.55,91.32,92.03,16705
EXPE,07/11/2022,93.22,94.07,90.57,91.16,22155
EXPE,07/08/2022,94.92,96.55,92.45,94.87,20094
EXPE,07/07/2022,95.66,97.09,94.44,96.70,20984
EXPE,07/06/2022,97.12,97.82,93.22,93.87,19913
EXPE,07/05/2022,93.59,97.77,91.82,97.17,28399
EXPE,07/01/2022,94.74,96.84,93.88,96.40,25072
EXPE,06/30/2022,94.65,95.10,90.37,94.83,36817
EXPE,06/29/2022,96.73,97.98,94.09,95.98,28319
EXPE,06/28/2022,103.60,106.58,97.83,97.87,29017
EXPE,06/27/2022,102.94,104.01,100.25,101.20,23889
EXPE,06/24/2022,95.01,102.40,94.25,102.34,41327
EXPE,06/23/2022,96.80,97.38,92.22,94.02,42425
EXPE,06/22/2022,97.72,99.24,96.72,97.14,26518
EXPE,06/21/2022,101.26,103.08,98.52,98.78,20820
EXPE,06/17/2022,97.91,101.60,96.90,100.37,42888
EXPE,06/16/2022,99.80,100.00,95.65,96.33,40089
EXPE,06/15/2022,102.83,105.68,101.42,104.41,41212
EXPE,06/14/2022,107.38,107.52,100.01,101.93,46409
EXPE,06/13/2022,110.09,111.70,105.66,106.26,33230
EXPE,06/10/2022,119.43,120.14,114.04,115.16,38848
EXPE,06/09/2022,129.30,129.70,121.99,121.99,31404
EXPE,06/08/2022,131.28,131.80,128.79,129.47,18907
EXPE,06/07/2022,131.46,133.50,129.88,131.15,24208
EXPE,06/06/2022,134.09,134.91,131.86,133.35,17969
EXPE,06/03/2022,131.46,135.42,130.80,131.66,25060
EXPE,06/02/2022,127.05,135.09,126.76,134.19,31566
EXPE,06/01/2022,129.77,130.53,124.70,126.23,33368
EXPE,05/31/2022,129.37,130.26,126.85,129.33,29696
EXPE,05/27/2022,130.90,132.84,129.51,130.97,26523
EXPE,05/26/2022,124.08,132.42,123.92,130.29,33551
EXPE,05/25/2022,116.61,124.49,115.76,123.73,34693
EXPE,05/24/2022,121.81,121.94,115.92,116.76,26994
EXPE,05/23/2022,126.37,126.37,120.51,121.63,30602
EXPE,05/20/2022,127.17,128.39,121.33,124.59,35868
EXPE,05/19/2022,121.04,128.53,119.05,126.57,54036
EXPE,05/18/2022,122.92,124.82,119.66,120.15,44062
EXPE,05/17/2022,126.95,128.17,121.50,122.83,76257
EXPE,05/16/2022,129.94,130.20,122.86,123.85,45911
EXPE,05/13/2022,131.59,133.23,129.91,131.78,28765
EXPE,05/12/2022,132.68,135.16,126.04,128.34,38593
EXPE,05/11/2022,132.22,137.36,129.68,133.22,42523
EXPE,05/10/2022,131.14,135.33,127.18,132.34,51475
EXPE,05/09/2022,129.17,133.09,126.85,127.79,55560
EXPE,05/06/2022,139.88,139.88,131.43,132.33,51525
EXPE,05/05/2022,146.69,147.53,135.00,139.50,75242
EXPE,05/04/2022,148.78,150.67,142.81,149.56,77920
EXPE,05/03/2022,168.40,169.17,145.80,150.31,157350
EXPE,05/02/2022,174.88,178.02,169.26,174.81,42598
EXPE,04/29/2022,181.77,183.30,173.61,174.75,25209
EXPE,04/28/2022,182.64,186.57,180.22,183.40,21286
EXPE,04/27/2022,180.69,186.62,180.00,182.52,24009
EXPE,04/26/2022,184.18,186.25,178.57,178.58,19620
EXPE,04/25/2022,180.72,187.83,179.57,186.77,19759
EXPE,04/22/2022,182.77,185.25,180.56,181.65,17538
EXPE,04/21/2022,193.30,196.78,182.52,183.39,26486
EXPE,04/20/2022,186.34,190.17,184.07,185.87,14591
EXPE,04/19/2022,186.25,188.69,184.00,186.34,14493
EXPE,04/18/2022,189.89,191.68,184.62,185.84,17283
EXPE,04/14/2022,187.55,193.56,187.55,191.55,30631
EXPE,04/13/2022,181.00,187.75,180.87,187.33,24423
EXPE,04/12/2022,181.13,181.76,177.03,178.61,21363
EXPE,04/11/2022,177.44,182.00,176.10,177.30,16253
EXPE,04/08/2022,180.85,184.11,178.66,179.79,25232
EXPE,04/07/2022,180.33,182.20,176.35,181.98,30612
EXPE,04/06/2022,187.36,187.36,180.01,181.46,23843
EXPE,04/05/2022,197.72,199.19,190.01,190.43,18568
EXPE,04/04/2022,196.28,198.29,194.70,197.29,14640
EXPE,04/01/2022,196.94,200.45,195.86,198.20,18123
EXPE,03/31/2022,193.35,198.98,192.49,195.67,25771
EXPE,03/30/2022,193.50,196.06,190.82,192.17,20193
EXPE,03/29/2022,197.57,203.98,194.89,195.41,29093
EXPE,03/28/2022,192.41,195.97,189.17,193.19,20222
EXPE,03/25/2022,194.99,197.87,189.76,192.16,20035
EXPE,03/24/2022,188.71,195.63,187.18,195.02,25139
EXPE,03/23/2022,189.83,191.64,186.64,186.94,32649
EXPE,03/22/2022,191.83,194.21,188.94,191.70,25460
EXPE,03/21/2022,191.21,191.47,186.63,190.18,19220
EXPE,03/18/2022,191.51,195.55,188.53,193.18,31210
EXPE,03/17/2022,190.64,192.89,187.10,192.00,18552
EXPE,03/16/2022,191.02,196.25,185.84,192.89,39150
EXPE,03/15/2022,182.00,189.88,181.71,188.50,37701
EXPE,03/14/2022,180.50,184.53,178.27,179.11,34683
EXPE,03/11/2022,181.01,183.19,178.23,179.31,26805
EXPE,03/10/2022,170.00,179.75,168.53,178.91,31303
EXPE,03/09/2022,172.68,180.83,172.35,174.68,41258
EXPE,03/08/2022,158.34,172.08,151.93,165.69,75382
EXPE,03/07/2022,176.51,177.30,156.14,157.01,67752
EXPE,03/04/2022,182.25,182.96,172.91,176.23,41704
EXPE,03/03/2022,193.30,194.79,183.59,185.25,30750
EXPE,03/02/2022,190.77,195.32,190.24,192.23,28336
EXPE,03/01/2022,195.01,196.61,185.82,187.85,31810
EXPE,02/28/2022,194.60,198.15,188.80,196.11,34951
EXPE,02/25/2022,195.23,200.23,192.06,199.93,30099
EXPE,02/24/2022,185.03,194.58,181.91,193.74,78753
EXPE,02/23/2022,206.85,207.49,198.13,198.63,27732
EXPE,02/22/2022,207.72,209.92,202.21,204.68,26545
EXPE,02/18/2022,208.88,211.25,204.72,209.17,21900
EXPE,02/17/2022,210.50,213.07,206.49,209.31,29242
EXPE,02/16/2022,208.00,217.72,208.00,213.80,37896
EXPE,02/15/2022,200.00,212.00,200.00,211.93,50897
EXPE,02/14/2022,193.27,203.34,193.25,197.17,49444
