FANG,06/23/2023,124.45,125.00,123.41,124.66,1976
FANG,06/22/2023,126.28,126.58,124.51,125.85,12730
FANG,06/21/2023,127.05,129.08,126.57,127.67,16220
FANG,06/20/2023,127.64,127.90,125.26,126.97,19343
FANG,06/16/2023,127.01,129.09,126.01,128.74,36734
FANG,06/15/2023,127.54,129.58,126.27,126.66,28957
FANG,06/14/2023,131.93,132.16,125.48,126.78,21990
FANG,06/13/2023,131.47,133.79,129.80,130.06,16117
FANG,06/12/2023,129.42,132.00,128.55,129.74,16504
FANG,06/09/2023,132.85,134.12,131.56,132.28,10492
FANG,06/08/2023,134.18,134.64,131.34,133.34,12886
FANG,06/07/2023,131.83,135.36,131.77,134.18,19097
FANG,06/06/2023,128.02,131.59,128.00,130.96,10576
FANG,06/05/2023,134.50,134.75,130.27,130.32,15584
FANG,06/02/2023,130.46,132.16,129.15,131.35,20425
FANG,06/01/2023,127.50,130.45,126.19,128.10,13231
FANG,05/31/2023,127.05,128.32,126.01,127.15,20221
FANG,05/30/2023,129.15,129.70,127.78,129.49,14479
FANG,05/26/2023,131.93,132.11,129.80,130.99,13545
FANG,05/25/2023,130.40,131.62,129.45,131.00,14020
FANG,05/24/2023,134.30,135.11,132.09,134.38,15260
FANG,05/23/2023,133.88,134.59,132.19,132.93,11582
FANG,05/22/2023,130.46,133.65,130.22,132.45,16162
FANG,05/19/2023,130.51,131.80,129.56,130.22,12649
FANG,05/18/2023,126.72,128.82,125.68,128.74,11813
FANG,05/17/2023,126.21,128.57,124.89,127.58,14020
FANG,05/16/2023,128.32,128.76,124.83,124.86,15505
FANG,05/15/2023,128.71,129.55,127.56,128.96,16277
FANG,05/12/2023,128.91,129.48,127.17,128.00,16902
FANG,05/11/2023,127.65,129.43,126.62,127.66,22289
FANG,05/10/2023,133.42,133.73,130.05,130.49,15127
FANG,05/09/2023,131.06,134.68,130.56,132.91,13834
FANG,05/08/2023,135.93,136.62,132.23,132.59,14748
FANG,05/05/2023,130.32,133.73,129.10,132.80,22649
FANG,05/04/2023,129.36,131.14,125.93,125.99,34940
FANG,05/03/2023,131.63,132.96,128.27,128.78,31869
FANG,05/02/2023,139.38,139.38,131.56,135.05,50460
FANG,05/01/2023,139.95,142.34,139.41,141.93,22304
FANG,04/28/2023,137.93,142.94,137.25,142.20,16071
FANG,04/27/2023,136.90,138.49,135.48,138.06,14945
FANG,04/26/2023,138.01,139.40,135.80,136.93,15655
FANG,04/25/2023,141.79,142.21,138.79,139.33,14437
FANG,04/24/2023,140.63,144.01,140.26,143.49,18922
FANG,04/21/2023,141.90,142.22,139.91,141.09,13243
FANG,04/20/2023,142.00,142.65,139.70,141.94,15041
FANG,04/19/2023,142.72,143.71,141.82,143.67,12354
FANG,04/18/2023,143.98,145.33,142.77,144.68,13327
FANG,04/17/2023,146.74,147.35,144.42,144.60,12291
FANG,04/14/2023,146.22,148.49,145.06,146.74,15102
FANG,04/13/2023,144.71,146.90,144.50,145.74,15461
FANG,04/12/2023,147.00,147.08,144.31,145.01,14519
FANG,04/11/2023,143.68,146.38,143.68,145.17,21770
FANG,04/10/2023,142.25,146.12,142.25,143.19,24996
FANG,04/06/2023,142.44,142.44,140.30,140.55,16224
FANG,04/05/2023,142.33,143.77,140.61,142.98,19114
FANG,04/04/2023,145.39,145.86,139.23,141.65,21201
FANG,04/03/2023,143.06,145.80,141.48,144.43,38684
FANG,03/31/2023,133.54,135.60,133.45,135.17,18840
FANG,03/30/2023,134.37,134.38,132.40,133.30,16746
FANG,03/29/2023,132.64,133.11,131.32,132.79,12740
FANG,03/28/2023,128.02,131.27,127.47,130.71,10692
FANG,03/27/2023,126.69,129.34,125.41,128.56,17274
FANG,03/24/2023,123.67,126.50,121.84,125.42,23103
FANG,03/23/2023,128.58,130.69,125.34,126.63,18367
FANG,03/22/2023,130.97,131.83,127.80,127.96,16810
FANG,03/21/2023,128.50,131.10,128.36,130.62,29708
FANG,03/20/2023,123.06,126.88,123.06,125.61,25275
FANG,03/17/2023,125.11,126.00,121.72,123.12,50055
FANG,03/16/2023,119.94,125.76,119.01,125.53,38360
FANG,03/15/2023,127.25,127.25,121.10,122.74,56182
FANG,03/14/2023,131.31,136.54,130.38,132.64,25801
FANG,03/13/2023,131.53,134.68,127.55,131.54,29573
FANG,03/10/2023,139.60,141.68,135.29,135.91,20663
FANG,03/09/2023,143.06,145.46,139.59,139.94,16624
FANG,03/08/2023,141.77,145.54,140.39,142.49,24854
FANG,03/07/2023,142.47,143.48,139.43,142.74,26891
FANG,03/06/2023,145.00,145.43,143.20,143.55,22199
FANG,03/03/2023,142.00,146.88,141.26,146.76,33202
FANG,03/02/2023,141.00,144.59,139.60,144.16,23732
FANG,03/01/2023,140.29,145.15,139.23,144.62,29470
FANG,02/28/2023,146.41,146.59,140.52,140.58,24159
FANG,02/27/2023,143.16,145.27,141.83,144.36,22353
FANG,02/24/2023,140.18,143.78,139.24,142.38,21626
FANG,02/23/2023,138.80,142.46,137.69,141.60,28947
FANG,02/22/2023,136.80,142.44,135.05,137.29,35624
FANG,02/21/2023,135.31,135.90,133.38,134.21,25420
FANG,02/17/2023,139.28,139.28,133.30,134.68,38888
FANG,02/16/2023,144.81,145.92,141.70,141.76,24904
FANG,02/15/2023,147.55,147.69,143.86,145.64,39340
FANG,02/14/2023,146.22,150.73,146.00,149.87,15830
FANG,02/13/2023,147.92,150.39,147.21,148.23,27384
FANG,02/10/2023,144.03,149.37,143.58,149.29,26656
FANG,02/09/2023,144.24,144.65,141.23,141.47,19653
FANG,02/08/2023,144.88,145.26,142.53,144.29,19958
FANG,02/07/2023,138.22,143.70,136.50,143.56,23629
FANG,02/06/2023,138.09,140.00,135.05,137.12,16861
FANG,02/03/2023,138.40,141.34,137.66,138.40,15096
FANG,02/02/2023,142.54,142.97,137.03,137.57,26806
FANG,02/01/2023,145.00,145.63,140.92,143.35,24963
FANG,01/31/2023,144.98,147.61,143.87,146.12,15619
FANG,01/30/2023,148.70,149.00,145.21,145.34,22036
FANG,01/27/2023,150.00,152.79,149.56,150.96,15232
FANG,01/26/2023,149.30,149.99,146.56,149.89,21509
FANG,01/25/2023,147.45,147.46,143.30,147.08,16203
FANG,01/24/2023,149.95,150.50,146.51,147.24,11874
FANG,01/23/2023,149.00,150.21,148.31,149.35,14401
FANG,01/20/2023,146.65,147.89,145.19,147.55,13846
FANG,01/19/2023,143.23,146.90,141.77,146.43,17669
FANG,01/18/2023,146.44,149.64,143.91,144.10,21565
FANG,01/17/2023,146.17,147.28,145.37,145.73,16052
FANG,01/13/2023,145.54,146.00,143.87,145.24,14993
FANG,01/12/2023,142.55,146.73,142.55,145.33,19001
FANG,01/11/2023,144.20,144.57,140.24,142.24,21495
FANG,01/10/2023,142.52,143.12,139.77,141.95,17114
FANG,01/09/2023,141.27,143.36,140.27,141.49,23261
FANG,01/06/2023,136.50,139.38,135.70,138.14,24235
FANG,01/05/2023,131.08,135.24,130.26,134.04,23658
FANG,01/04/2023,129.00,133.19,128.08,130.62,16614
FANG,01/03/2023,134.97,136.32,129.61,131.38,23623
FANG,12/30/2022,135.55,137.26,135.00,136.78,14495
FANG,12/29/2022,132.97,137.18,132.51,136.28,13780
FANG,12/28/2022,137.33,137.47,133.91,134.47,16834
FANG,12/27/2022,137.65,138.19,136.42,137.58,14720
FANG,12/23/2022,135.10,137.10,134.01,137.03,17329
FANG,12/22/2022,137.07,137.52,129.67,132.88,22450
FANG,12/21/2022,137.85,138.12,135.50,137.00,23298
FANG,12/20/2022,133.20,136.19,132.75,134.94,15967
FANG,12/19/2022,134.67,136.33,132.60,133.58,18182
FANG,12/16/2022,134.36,136.74,132.81,134.32,92566
FANG,12/15/2022,135.00,138.08,134.31,137.38,28033
FANG,12/14/2022,137.50,139.94,135.88,136.84,40633
FANG,12/13/2022,136.19,138.61,134.90,136.32,46851
FANG,12/12/2022,130.70,134.49,129.70,134.21,37743
FANG,12/09/2022,132.60,135.17,129.49,129.60,27765
FANG,12/08/2022,140.33,141.26,132.47,132.88,34825
FANG,12/07/2022,138.79,140.71,136.47,136.56,17213
FANG,12/06/2022,140.36,143.60,137.52,138.21,19189
FANG,12/05/2022,148.16,149.90,140.57,142.00,24272
FANG,12/02/2022,144.42,146.41,142.70,145.46,21370
FANG,12/01/2022,149.20,149.81,144.30,144.70,19373
FANG,11/30/2022,148.94,149.46,144.54,148.02,25164
FANG,11/29/2022,146.78,148.26,145.18,146.74,19744
FANG,11/28/2022,143.62,146.15,142.75,143.73,31336
FANG,11/25/2022,151.30,151.89,149.08,149.32,7869
FANG,11/23/2022,148.75,150.58,146.90,149.99,22804
FANG,11/22/2022,152.40,153.79,149.80,151.44,28430
FANG,11/21/2022,151.91,152.18,142.14,149.99,43445
FANG,11/18/2022,156.48,156.86,152.15,156.22,37333
FANG,11/17/2022,156.44,161.91,155.51,161.78,20188
FANG,11/16/2022,163.29,164.14,158.63,158.98,30667
FANG,11/15/2022,164.19,168.95,162.57,167.03,32748
FANG,11/14/2022,163.28,166.59,163.01,163.57,18438
FANG,11/11/2022,164.00,166.48,163.14,164.35,26505
FANG,11/10/2022,159.57,160.47,156.87,160.28,20613
FANG,11/09/2022,161.50,162.54,156.70,157.55,27835
FANG,11/08/2022,162.86,166.38,161.00,163.55,25971
FANG,11/07/2022,162.70,165.67,161.59,163.49,31702
FANG,11/04/2022,162.49,162.79,157.64,161.37,28567
FANG,11/03/2022,154.19,160.75,153.60,158.53,21900
FANG,11/02/2022,157.70,158.57,153.62,154.83,19545
FANG,11/01/2022,160.00,160.86,157.52,158.63,17405
FANG,10/31/2022,151.82,158.88,151.62,157.11,20023
FANG,10/28/2022,155.80,156.63,149.79,153.82,19832
FANG,10/27/2022,158.58,158.63,153.01,153.35,23540
FANG,10/26/2022,154.21,157.50,153.51,155.38,16387
FANG,10/25/2022,153.02,154.81,151.74,153.36,16935
FANG,10/24/2022,151.30,155.81,150.77,153.26,19976
FANG,10/21/2022,147.12,152.42,146.55,152.32,24009
FANG,10/20/2022,147.91,148.96,145.57,146.59,17229
FANG,10/19/2022,141.41,147.12,141.41,146.03,20455
FANG,10/18/2022,141.44,142.77,138.58,141.85,16107
FANG,10/17/2022,142.29,144.55,139.03,139.46,18840
FANG,10/14/2022,143.41,146.66,139.09,139.36,31658
FANG,10/13/2022,138.97,147.50,138.56,145.28,26346
FANG,10/12/2022,139.11,142.64,137.04,141.17,29558
FANG,10/11/2022,136.41,141.92,136.03,139.37,26032
FANG,10/10/2022,141.05,144.21,138.03,140.31,17005
FANG,10/07/2022,142.50,144.08,140.28,142.43,19891
FANG,10/06/2022,138.15,143.16,138.01,142.33,23891
FANG,10/05/2022,135.73,140.46,134.71,139.37,29496
FANG,10/04/2022,132.81,136.83,131.21,136.30,23485
FANG,10/03/2022,126.40,131.00,125.62,129.52,24669
FANG,09/30/2022,119.26,121.68,117.99,120.46,18953
FANG,09/29/2022,118.48,121.24,115.95,120.91,16850
FANG,09/28/2022,114.24,120.29,113.79,119.40,24379
FANG,09/27/2022,113.72,115.55,111.73,113.49,32138
FANG,09/26/2022,114.16,115.80,110.97,111.21,25433
FANG,09/23/2022,120.75,121.13,113.66,115.20,34624
FANG,09/22/2022,131.78,132.50,126.49,126.54,15326
FANG,09/21/2022,133.68,134.35,128.74,128.80,19162
FANG,09/20/2022,129.89,131.78,127.45,130.79,19364
FANG,09/19/2022,126.72,132.55,126.51,130.93,19090
FANG,09/16/2022,132.89,133.19,128.75,132.62,50238
FANG,09/15/2022,136.38,138.16,134.30,134.63,18929
FANG,09/14/2022,136.96,141.13,136.66,140.17,21056
FANG,09/13/2022,135.84,140.29,134.16,134.71,19096
FANG,09/12/2022,137.82,139.69,136.31,137.37,15691
FANG,09/09/2022,135.00,136.47,134.00,135.02,16267
FANG,09/08/2022,131.68,132.59,129.97,132.19,13753
FANG,09/07/2022,130.23,132.65,129.06,131.57,21956
FANG,09/06/2022,136.19,136.98,132.61,134.01,27539
FANG,09/02/2022,134.74,135.98,132.24,133.87,17250
FANG,09/01/2022,130.50,131.27,127.80,130.30,22899
FANG,08/31/2022,130.65,135.87,129.31,133.28,26655
FANG,08/30/2022,135.78,136.14,131.45,134.07,24822
FANG,08/29/2022,133.56,141.77,132.77,139.26,34251
FANG,08/26/2022,135.52,137.61,133.43,133.93,25146
FANG,08/25/2022,137.96,138.14,134.18,136.28,27162
FANG,08/24/2022,134.80,138.02,134.41,136.65,32773
FANG,08/23/2022,134.47,139.10,134.10,135.12,32439
FANG,08/22/2022,129.00,131.59,125.26,131.18,18676
FANG,08/19/2022,128.65,131.59,128.24,130.39,17680
FANG,08/18/2022,127.23,131.07,127.00,130.07,23104
FANG,08/17/2022,125.69,128.35,124.60,125.77,18469
FANG,08/16/2022,128.83,129.77,123.85,125.59,21296
FANG,08/15/2022,125.03,128.59,122.23,127.93,29448
FANG,08/12/2022,131.62,133.45,130.13,133.13,24631
FANG,08/11/2022,128.82,134.42,128.68,132.78,26528
FANG,08/10/2022,124.36,127.24,121.44,126.04,24981
FANG,08/09/2022,125.64,127.63,123.53,124.54,26988
FANG,08/08/2022,121.40,124.65,120.80,123.14,24032
FANG,08/05/2022,114.89,123.01,114.36,121.37,24490
FANG,08/04/2022,119.82,121.06,116.00,116.45,31409
FANG,08/03/2022,129.38,129.60,120.70,121.38,25516
FANG,08/02/2022,124.65,128.97,123.39,127.54,34856
FANG,08/01/2022,125.82,127.30,122.50,125.92,27116
FANG,07/29/2022,126.48,128.67,124.62,128.02,24278
FANG,07/28/2022,124.68,125.58,121.97,123.61,18468
FANG,07/27/2022,118.82,123.91,118.56,123.29,20020
FANG,07/26/2022,122.20,122.99,116.20,118.28,18891
FANG,07/25/2022,116.35,121.11,114.34,119.99,28634
FANG,07/22/2022,116.00,117.50,112.65,113.43,16743
FANG,07/21/2022,115.08,116.60,112.63,115.97,13754
FANG,07/20/2022,115.06,119.43,113.86,118.77,15874
FANG,07/19/2022,112.04,117.06,111.86,116.54,16237
FANG,07/18/2022,112.78,114.43,111.82,112.52,19780
FANG,07/15/2022,109.10,109.79,107.10,109.14,18886
FANG,07/14/2022,106.00,107.90,103.71,106.71,29666
FANG,07/13/2022,108.83,113.64,108.83,110.59,18350
FANG,07/12/2022,109.70,112.30,107.90,110.41,25605
FANG,07/11/2022,114.47,116.00,111.69,114.39,16843
FANG,07/08/2022,118.28,118.60,113.64,116.33,22267
FANG,07/07/2022,114.23,117.90,114.13,116.30,33940
FANG,07/06/2022,112.33,114.91,106.25,110.28,46309
FANG,07/05/2022,117.35,118.15,111.03,114.14,44721
FANG,07/01/2022,121.84,123.05,116.14,121.21,23289
FANG,06/30/2022,119.23,123.98,118.57,121.15,27347
FANG,06/29/2022,131.18,132.62,122.08,122.31,33073
FANG,06/28/2022,128.73,131.43,125.80,129.80,33311
FANG,06/27/2022,121.58,125.91,119.83,124.39,30352
FANG,06/24/2022,121.55,125.81,118.05,119.70,75514
FANG,06/23/2022,127.00,128.34,117.37,119.24,43253
FANG,06/22/2022,123.66,129.01,122.31,126.10,47624
FANG,06/21/2022,127.25,133.40,127.00,132.28,47811
FANG,06/17/2022,132.21,133.25,119.56,122.29,91713
FANG,06/16/2022,142.00,143.67,132.60,133.68,48007
FANG,06/15/2022,148.91,151.00,144.12,146.76,31666
FANG,06/14/2022,151.78,154.28,147.23,149.63,28654
FANG,06/13/2022,149.49,150.46,142.15,147.80,34684
FANG,06/10/2022,155.01,158.04,152.89,155.49,20342
FANG,06/09/2022,159.67,161.24,157.67,157.83,19540
FANG,06/08/2022,161.54,162.24,158.82,160.31,20542
FANG,06/07/2022,154.73,161.06,154.44,160.40,24515
FANG,06/06/2022,156.00,156.86,153.25,155.81,15198
FANG,06/03/2022,153.66,155.72,153.05,154.66,17565
FANG,06/02/2022,150.97,155.70,149.25,153.90,20315
FANG,06/01/2022,154.00,156.39,150.89,152.89,30765
FANG,05/31/2022,157.01,159.69,150.61,152.02,46652
FANG,05/27/2022,146.02,153.07,145.46,152.66,29572
FANG,05/26/2022,143.78,147.93,143.30,146.43,30631
FANG,05/25/2022,137.86,142.64,137.21,141.75,31900
FANG,05/24/2022,134.35,136.62,131.78,135.78,25401
FANG,05/23/2022,131.50,136.22,129.82,136.11,32222
FANG,05/20/2022,130.75,133.93,127.20,130.28,28134
FANG,05/19/2022,125.00,132.13,124.69,129.82,28992
FANG,05/18/2022,132.10,132.25,126.40,128.36,32823
FANG,05/17/2022,133.86,133.86,129.47,131.45,29479
FANG,05/16/2022,133.02,135.13,131.12,131.30,39336
FANG,05/13/2022,129.76,135.78,129.76,133.43,27379
FANG,05/12/2022,123.50,127.68,121.83,127.04,32973
FANG,05/11/2022,129.08,133.13,125.00,125.27,26543
FANG,05/10/2022,132.09,135.74,125.00,129.84,30541
FANG,05/09/2022,138.60,139.48,127.91,129.49,32928
FANG,05/06/2022,141.48,143.60,137.60,142.93,26821
FANG,05/05/2022,143.60,144.94,135.48,138.59,28132
FANG,05/04/2022,140.25,142.86,136.55,142.49,24492
FANG,05/03/2022,133.80,136.79,128.35,136.11,33889
FANG,05/02/2022,124.00,127.64,122.55,127.50,22208
FANG,04/29/2022,130.00,132.05,125.31,126.23,17027
FANG,04/28/2022,127.92,131.54,123.24,129.47,18712
FANG,04/27/2022,126.49,128.07,121.60,126.64,15365
FANG,04/26/2022,125.39,129.55,124.74,125.39,15667
FANG,04/25/2022,125.25,126.88,119.76,125.82,28529
FANG,04/22/2022,136.77,137.47,129.57,130.10,21511
FANG,04/21/2022,143.07,145.97,136.69,137.35,22150
FANG,04/20/2022,139.04,142.16,137.45,141.90,18343
FANG,04/19/2022,138.95,140.58,137.02,137.92,19019
FANG,04/18/2022,139.58,141.05,137.42,140.00,16856
FANG,04/14/2022,139.61,140.92,137.65,138.44,15002
FANG,04/13/2022,141.30,142.78,138.68,140.34,15839
FANG,04/12/2022,137.50,142.09,137.27,139.18,16020
FANG,04/11/2022,138.94,139.17,133.54,135.11,23454
FANG,04/08/2022,136.38,142.39,136.38,141.99,21877
FANG,04/07/2022,137.31,138.17,132.93,136.95,18701
FANG,04/06/2022,137.55,138.38,133.48,135.06,16094
FANG,04/05/2022,139.52,142.99,135.17,135.48,16402
FANG,04/04/2022,140.02,140.93,137.50,139.59,13851
FANG,04/01/2022,137.18,140.51,136.42,138.44,18026
FANG,03/31/2022,137.64,141.21,137.08,137.08,17555
FANG,03/30/2022,141.42,142.45,138.20,139.15,15323
FANG,03/29/2022,136.00,139.14,133.30,138.73,22496
FANG,03/28/2022,142.40,142.52,139.21,140.70,18922
FANG,03/25/2022,141.92,147.99,141.92,146.51,19605
FANG,03/24/2022,142.50,144.80,141.39,143.19,19806
FANG,03/23/2022,140.22,142.85,138.25,142.64,27112
FANG,03/22/2022,139.33,139.67,135.82,137.35,28239
FANG,03/21/2022,135.00,140.49,134.27,139.88,42004
FANG,03/18/2022,133.67,135.46,131.05,131.45,47694
FANG,03/17/2022,129.12,134.83,128.72,133.88,33892
FANG,03/16/2022,124.89,126.74,123.33,125.63,31764
FANG,03/15/2022,120.80,126.10,119.43,124.56,32409
FANG,03/14/2022,127.87,128.67,122.65,126.19,28744
FANG,03/11/2022,132.08,134.06,129.24,129.67,22642
FANG,03/10/2022,130.67,134.60,129.35,134.07,28027
FANG,03/09/2022,132.85,132.85,125.89,130.05,43168
FANG,03/08/2022,136.01,140.72,129.36,134.44,41157
FANG,03/07/2022,139.11,140.23,130.37,134.44,42215
FANG,03/04/2022,134.50,139.58,134.30,137.80,29952
FANG,03/03/2022,134.31,135.94,132.97,134.12,22968
FANG,03/02/2022,140.19,140.23,135.44,136.67,29331
FANG,03/01/2022,139.67,142.09,133.96,136.83,37784
FANG,02/28/2022,132.25,138.47,131.26,138.10,36129
FANG,02/25/2022,127.78,133.98,127.57,133.27,31032
FANG,02/24/2022,133.17,133.17,123.16,127.89,45896
FANG,02/23/2022,129.56,134.60,127.72,129.56,39102
FANG,02/22/2022,135.00,136.32,126.25,128.03,41761
FANG,02/18/2022,128.00,132.48,127.38,131.47,28098
FANG,02/17/2022,129.62,132.95,129.13,129.69,18866
FANG,02/16/2022,129.08,133.61,128.19,129.82,22452
FANG,02/15/2022,126.04,128.40,123.12,127.88,22919
FANG,02/14/2022,135.31,135.50,128.92,130.47,29197
