FAST,06/23/2023,56.54,56.90,56.46,56.81,2332
FAST,06/22/2023,57.80,57.82,56.80,56.96,27201
FAST,06/21/2023,56.70,57.77,56.37,57.64,37358
FAST,06/20/2023,56.47,56.88,56.29,56.75,23540
FAST,06/16/2023,56.30,57.14,56.09,56.58,59200
FAST,06/15/2023,55.47,56.52,55.18,56.24,31625
FAST,06/14/2023,56.11,56.14,55.07,55.44,25418
FAST,06/13/2023,55.55,56.27,55.34,56.13,30410
FAST,06/12/2023,54.88,55.28,54.48,55.16,27809
FAST,06/09/2023,54.57,54.95,54.12,54.77,34117
FAST,06/08/2023,53.94,54.54,53.65,54.47,34060
FAST,06/07/2023,53.80,54.21,52.86,53.94,51026
FAST,06/06/2023,53.87,54.47,53.15,53.96,50902
FAST,06/05/2023,55.62,55.81,55.06,55.29,31023
FAST,06/02/2023,54.24,55.53,54.05,55.37,36039
FAST,06/01/2023,54.24,54.36,53.05,53.90,30450
FAST,05/31/2023,54.90,54.90,53.49,53.85,41695
FAST,05/30/2023,55.39,55.41,54.77,54.90,18092
FAST,05/26/2023,54.54,55.29,54.41,55.16,20186
FAST,05/25/2023,53.84,54.45,53.56,54.33,19647
FAST,05/24/2023,54.39,54.47,53.63,53.85,16200
FAST,05/23/2023,55.24,55.24,54.26,54.32,19176
FAST,05/22/2023,55.12,55.58,54.67,55.39,22994
FAST,05/19/2023,55.44,55.62,54.68,55.00,17458
FAST,05/18/2023,54.30,55.28,54.12,55.24,25809
FAST,05/17/2023,53.78,54.35,53.65,54.22,21232
FAST,05/16/2023,53.95,54.09,53.52,53.64,18207
FAST,05/15/2023,54.66,54.66,53.83,54.22,23738
FAST,05/12/2023,55.00,55.32,54.26,54.74,15218
FAST,05/11/2023,54.35,54.92,54.07,54.87,19786
FAST,05/10/2023,54.89,55.08,53.93,54.59,20860
FAST,05/09/2023,54.31,54.68,53.97,54.46,16436
FAST,05/08/2023,54.50,54.59,53.85,54.34,19229
FAST,05/05/2023,54.32,54.72,54.12,54.66,21522
FAST,05/04/2023,53.97,54.18,52.85,54.02,28818
FAST,05/03/2023,54.67,55.23,54.00,54.08,28605
FAST,05/02/2023,54.50,54.59,53.72,54.35,37850
FAST,05/01/2023,54.09,54.81,54.09,54.58,25890
FAST,04/28/2023,54.05,54.32,53.47,53.84,38144
FAST,04/27/2023,52.66,54.01,52.66,53.94,33645
FAST,04/26/2023,52.82,53.19,52.28,52.45,30619
FAST,04/25/2023,54.60,54.75,53.41,53.51,34416
FAST,04/24/2023,54.95,55.13,54.44,54.92,32827
FAST,04/21/2023,54.60,54.92,54.42,54.81,29946
FAST,04/20/2023,53.76,54.69,53.72,54.60,32619
FAST,04/19/2023,53.90,54.02,53.37,54.01,24641
FAST,04/18/2023,53.91,54.02,53.16,53.85,32339
FAST,04/17/2023,53.67,54.10,52.93,53.54,27134
FAST,04/14/2023,52.54,53.90,52.38,53.27,53186
FAST,04/13/2023,50.87,52.45,50.30,52.34,73051
FAST,04/12/2023,53.34,53.55,52.47,52.56,45979
FAST,04/11/2023,52.47,53.03,52.35,52.66,28525
FAST,04/10/2023,51.20,52.35,51.15,52.17,27436
FAST,04/06/2023,51.22,51.85,50.70,51.48,28127
FAST,04/05/2023,52.67,52.85,51.22,51.51,41362
FAST,04/04/2023,54.42,54.51,52.72,53.01,31612
FAST,04/03/2023,53.74,54.28,53.47,53.83,21304
FAST,03/31/2023,53.07,53.98,52.90,53.94,24530
FAST,03/30/2023,53.40,53.58,52.67,52.82,19124
FAST,03/29/2023,53.01,53.17,52.67,52.97,18471
FAST,03/28/2023,52.17,52.84,52.17,52.63,15969
FAST,03/27/2023,52.55,52.79,51.98,52.35,22547
FAST,03/24/2023,51.66,52.43,51.15,52.30,25511
FAST,03/23/2023,51.87,52.45,51.26,51.74,27259
FAST,03/22/2023,52.87,53.19,51.81,51.83,28481
FAST,03/21/2023,53.66,53.75,52.57,53.14,30732
FAST,03/20/2023,52.25,53.21,52.18,53.15,34327
FAST,03/17/2023,52.38,52.42,51.56,52.14,72022
FAST,03/16/2023,51.30,52.66,51.05,52.38,31210
FAST,03/15/2023,51.79,51.91,50.79,51.56,35673
FAST,03/14/2023,52.35,52.98,51.81,52.35,30163
FAST,03/13/2023,51.17,52.42,51.06,51.70,32522
FAST,03/10/2023,52.12,53.13,51.30,51.52,40137
FAST,03/09/2023,53.24,53.29,51.92,52.10,19686
FAST,03/08/2023,52.70,53.00,52.42,52.95,17723
FAST,03/07/2023,53.34,53.48,52.41,52.61,26754
FAST,03/06/2023,53.88,54.27,53.29,53.36,29879
FAST,03/03/2023,53.19,53.80,52.93,53.68,32695
FAST,03/02/2023,51.44,52.93,51.22,52.90,31144
FAST,03/01/2023,51.39,51.75,51.13,51.55,27646
FAST,02/28/2023,51.54,52.12,51.42,51.56,35686
FAST,02/27/2023,51.67,51.98,51.40,51.57,18165
FAST,02/24/2023,50.67,51.34,50.37,51.24,22025
FAST,02/23/2023,51.76,51.98,50.70,51.40,22346
FAST,02/22/2023,51.64,51.81,51.17,51.60,26616
FAST,02/21/2023,52.90,53.00,51.33,51.46,25523
FAST,02/17/2023,52.79,53.66,52.64,53.44,29084
FAST,02/16/2023,52.25,53.44,52.19,53.02,24913
FAST,02/15/2023,52.49,53.11,52.17,53.08,22392
FAST,02/14/2023,52.77,53.21,52.09,52.74,28599
FAST,02/13/2023,52.34,53.22,52.15,53.03,20022
FAST,02/10/2023,51.80,52.28,51.46,52.11,17003
FAST,02/09/2023,53.04,53.27,51.95,52.16,22620
FAST,02/08/2023,53.44,53.58,52.48,52.67,24775
FAST,02/07/2023,52.90,53.61,52.28,53.48,31353
FAST,02/06/2023,53.87,54.04,52.92,53.22,28827
FAST,02/03/2023,54.56,54.84,53.78,54.20,38715
FAST,02/02/2023,52.33,55.34,52.19,55.29,70373
FAST,02/01/2023,50.06,52.26,50.04,51.90,34758
FAST,01/31/2023,49.45,50.59,49.41,50.55,43406
FAST,01/30/2023,49.85,50.36,49.33,49.43,26225
FAST,01/27/2023,49.53,50.53,49.46,50.25,24194
FAST,01/26/2023,49.81,50.06,49.16,49.61,26503
FAST,01/25/2023,49.45,49.51,48.53,49.47,23735
FAST,01/24/2023,48.98,49.65,48.37,49.58,35585
FAST,01/23/2023,49.10,49.44,48.71,48.99,32652
FAST,01/20/2023,47.07,49.14,46.59,49.00,60052
FAST,01/19/2023,47.45,48.58,45.70,46.80,83205
FAST,01/18/2023,48.22,48.81,47.50,47.54,51830
FAST,01/17/2023,48.87,49.08,48.07,48.22,38830
FAST,01/13/2023,48.64,48.88,48.14,48.82,21540
FAST,01/12/2023,49.12,49.42,48.25,49.02,34572
FAST,01/11/2023,48.81,49.30,48.58,49.10,33703
FAST,01/10/2023,47.77,48.53,47.66,48.50,18589
FAST,01/09/2023,47.70,48.92,47.55,47.95,32507
FAST,01/06/2023,46.77,47.76,46.55,47.61,35212
FAST,01/05/2023,47.70,47.75,45.76,46.30,40668
FAST,01/04/2023,47.99,48.41,47.51,47.97,23938
FAST,01/03/2023,47.62,47.69,46.86,47.40,30891
FAST,12/30/2022,47.30,47.47,46.85,47.32,20301
FAST,12/29/2022,47.25,47.81,47.08,47.56,23789
FAST,12/28/2022,47.70,47.83,46.82,46.84,23076
FAST,12/27/2022,47.79,47.93,47.35,47.49,19066
FAST,12/23/2022,47.65,48.04,47.43,47.76,14637
FAST,12/22/2022,47.60,47.72,46.68,47.69,27478
FAST,12/21/2022,47.89,48.04,47.48,47.94,20195
FAST,12/20/2022,47.65,47.94,47.40,47.65,25830
FAST,12/19/2022,48.05,48.48,47.32,47.75,29861
FAST,12/16/2022,47.41,48.01,47.22,47.87,60048
FAST,12/15/2022,49.23,49.35,47.47,47.97,47809
FAST,12/14/2022,50.32,50.53,49.16,49.58,44425
FAST,12/13/2022,53.30,53.49,49.55,50.14,64798
FAST,12/12/2022,51.26,51.67,51.01,51.67,22064
FAST,12/09/2022,51.13,51.50,50.84,50.96,22838
FAST,12/08/2022,50.47,51.30,50.34,51.17,26125
FAST,12/07/2022,49.98,50.87,49.87,50.25,22977
FAST,12/06/2022,50.98,51.22,49.70,50.14,37688
FAST,12/05/2022,51.05,51.09,50.13,50.89,31342
FAST,12/02/2022,50.92,51.62,50.38,51.43,38459
FAST,12/01/2022,51.68,51.95,51.04,51.56,36022
FAST,11/30/2022,50.15,51.54,49.42,51.51,49563
FAST,11/29/2022,50.94,51.09,49.82,50.27,26612
FAST,11/28/2022,52.26,52.36,50.99,51.19,21294
FAST,11/25/2022,52.23,52.51,52.21,52.33,8260
FAST,11/23/2022,52.37,52.87,52.20,52.41,14007
FAST,11/22/2022,52.40,52.93,51.88,52.39,21420
FAST,11/21/2022,51.68,52.22,51.40,52.05,21180
FAST,11/18/2022,52.13,52.32,51.04,51.66,33096
FAST,11/17/2022,51.10,51.63,50.12,51.59,25205
FAST,11/16/2022,51.63,52.29,51.52,51.76,26138
FAST,11/15/2022,52.41,52.48,51.15,51.63,29621
FAST,11/14/2022,51.81,52.61,51.59,51.68,31758
FAST,11/11/2022,51.82,51.98,51.16,51.80,27662
FAST,11/10/2022,50.89,51.98,50.46,51.87,40571
FAST,11/09/2022,49.40,49.98,48.80,48.88,25185
FAST,11/08/2022,49.80,50.40,49.13,49.78,22617
FAST,11/07/2022,49.79,49.90,48.76,49.57,21254
FAST,11/04/2022,48.80,49.64,48.46,49.49,32921
FAST,11/03/2022,47.48,49.04,47.21,48.22,43473
FAST,11/02/2022,48.84,50.11,47.98,48.01,44617
FAST,11/01/2022,48.68,49.15,48.45,48.83,41241
FAST,10/31/2022,48.32,48.91,48.15,48.33,27237
FAST,10/28/2022,47.13,48.83,47.13,48.69,31988
FAST,10/27/2022,46.84,47.64,46.59,47.05,32415
FAST,10/26/2022,47.11,47.33,46.36,46.67,31407
FAST,10/25/2022,46.76,47.22,46.51,47.20,39217
FAST,10/24/2022,46.52,47.04,46.24,46.79,35160
FAST,10/21/2022,45.32,46.17,45.10,46.09,48899
FAST,10/20/2022,46.23,46.26,44.90,45.35,30810
FAST,10/19/2022,47.21,47.32,45.51,46.08,26844
FAST,10/18/2022,47.02,47.79,46.83,47.48,47279
FAST,10/17/2022,44.73,46.20,44.67,46.10,51818
FAST,10/14/2022,46.79,46.95,43.74,43.87,55975
FAST,10/13/2022,44.06,47.66,43.73,46.79,74464
FAST,10/12/2022,46.53,46.97,45.62,45.67,42840
FAST,10/11/2022,46.03,46.92,45.89,46.38,36596
FAST,10/10/2022,46.29,46.75,45.95,46.17,40098
FAST,10/07/2022,46.77,46.77,45.60,45.85,37614
FAST,10/06/2022,48.09,48.30,47.24,47.38,29454
FAST,10/05/2022,48.03,48.60,47.75,48.13,32793
FAST,10/04/2022,47.96,48.51,47.85,48.39,35295
FAST,10/03/2022,46.65,47.74,46.61,47.39,32216
FAST,09/30/2022,46.42,46.69,45.82,46.04,36007
FAST,09/29/2022,47.29,47.35,46.20,46.57,34016
FAST,09/28/2022,47.36,48.02,46.85,47.59,38346
FAST,09/27/2022,47.51,47.71,46.44,46.92,33422
FAST,09/26/2022,47.57,47.93,47.11,47.30,41105
FAST,09/23/2022,47.35,48.32,47.16,47.72,43209
FAST,09/22/2022,47.28,47.90,47.03,47.59,44836
FAST,09/21/2022,48.31,49.33,47.39,47.39,34066
FAST,09/20/2022,48.04,48.12,46.78,47.77,37530
FAST,09/19/2022,47.28,48.57,47.11,48.43,34782
FAST,09/16/2022,46.86,47.47,46.44,47.36,58601
FAST,09/15/2022,47.92,48.15,47.01,47.23,28360
FAST,09/14/2022,48.05,48.26,47.45,47.92,35747
FAST,09/13/2022,49.86,50.00,47.86,48.02,40898
FAST,09/12/2022,51.35,51.48,50.44,50.77,31759
FAST,09/09/2022,50.89,51.35,50.84,51.20,21695
FAST,09/08/2022,50.61,51.08,49.99,50.68,28802
FAST,09/07/2022,50.51,51.29,50.22,51.10,27194
FAST,09/06/2022,50.47,50.74,49.88,50.30,30841
FAST,09/02/2022,51.33,51.79,50.04,50.47,21174
FAST,09/01/2022,50.18,51.05,50.01,50.95,34550
FAST,08/31/2022,50.84,51.20,50.18,50.33,30655
FAST,08/30/2022,51.12,51.18,50.04,50.52,25017
FAST,08/29/2022,50.63,51.43,50.45,51.01,18046
FAST,08/26/2022,53.31,53.49,50.86,50.96,28963
FAST,08/25/2022,53.29,53.40,52.77,53.32,21441
FAST,08/24/2022,53.05,53.28,52.60,53.01,17699
FAST,08/23/2022,53.53,53.81,52.74,52.79,21815
FAST,08/22/2022,55.04,55.07,53.55,53.66,21584
FAST,08/19/2022,55.46,55.51,54.81,55.21,50561
FAST,08/18/2022,55.90,56.05,55.53,55.80,19115
FAST,08/17/2022,55.73,55.96,55.36,55.70,18286
FAST,08/16/2022,55.78,56.65,55.70,56.05,24651
FAST,08/15/2022,55.78,56.24,55.50,56.11,22596
FAST,08/12/2022,54.63,55.81,54.59,55.78,19366
FAST,08/11/2022,54.48,55.12,54.30,54.56,27791
FAST,08/10/2022,54.31,55.01,54.07,54.43,25003
FAST,08/09/2022,53.59,53.90,53.11,53.30,20949
FAST,08/08/2022,53.38,53.91,53.17,53.67,19430
FAST,08/05/2022,51.79,53.00,51.74,52.95,19194
FAST,08/04/2022,52.26,52.59,52.07,52.29,24288
FAST,08/03/2022,51.06,51.94,50.68,51.82,28716
FAST,08/02/2022,51.29,51.96,50.82,51.08,31311
FAST,08/01/2022,50.87,51.65,50.62,51.54,28671
FAST,07/29/2022,50.09,51.63,49.93,51.36,40217
FAST,07/28/2022,48.48,50.13,48.45,49.90,33761
FAST,07/27/2022,47.63,48.45,47.04,48.28,32408
FAST,07/26/2022,47.83,47.96,47.43,47.71,31775
FAST,07/25/2022,48.61,48.61,47.83,48.30,31167
FAST,07/22/2022,48.94,49.29,48.16,48.46,24281
FAST,07/21/2022,48.58,48.78,48.13,48.76,30688
FAST,07/20/2022,48.58,48.61,48.12,48.49,26662
FAST,07/19/2022,48.43,48.54,48.00,48.50,35807
FAST,07/18/2022,48.07,48.73,47.71,47.89,40823
FAST,07/15/2022,47.77,48.31,47.49,48.04,43779
FAST,07/14/2022,45.74,47.68,45.68,47.34,55500
FAST,07/13/2022,47.92,48.24,46.29,46.77,85002
FAST,07/12/2022,50.58,51.17,49.88,49.99,44205
FAST,07/11/2022,50.33,51.03,50.33,50.50,27532
FAST,07/08/2022,50.73,50.83,49.92,50.64,19691
FAST,07/07/2022,50.45,50.95,50.34,50.79,25265
FAST,07/06/2022,49.87,50.95,49.84,50.42,25392
FAST,07/05/2022,49.31,49.67,48.46,49.67,25156
FAST,07/01/2022,49.75,50.24,48.99,49.74,26777
FAST,06/30/2022,49.37,50.48,48.94,49.92,27223
FAST,06/29/2022,49.44,49.88,48.89,49.71,22083
FAST,06/28/2022,51.41,51.65,49.06,49.17,36874
FAST,06/27/2022,51.79,51.97,51.17,51.37,25767
FAST,06/24/2022,50.90,51.91,50.59,51.90,31889
FAST,06/23/2022,50.20,50.61,49.77,50.44,27914
FAST,06/22/2022,49.15,50.34,49.15,49.84,30304
FAST,06/21/2022,49.03,49.96,48.81,49.74,28123
FAST,06/17/2022,48.54,49.19,48.10,48.48,52055
FAST,06/16/2022,48.81,49.33,48.34,48.73,42805
FAST,06/15/2022,49.51,50.16,48.52,49.61,35815
FAST,06/14/2022,50.24,50.43,48.58,49.13,25229
FAST,06/13/2022,51.02,51.11,49.91,50.08,30216
FAST,06/10/2022,52.23,52.52,51.44,51.98,23053
FAST,06/09/2022,53.53,54.19,52.81,52.84,19083
FAST,06/08/2022,54.74,54.81,53.76,53.81,16595
FAST,06/07/2022,54.43,55.15,53.70,54.96,19374
FAST,06/06/2022,54.60,55.08,54.31,54.73,24397
FAST,06/03/2022,54.76,54.84,54.17,54.44,24114
FAST,06/02/2022,54.33,55.19,53.66,55.14,21598
FAST,06/01/2022,53.94,54.31,53.12,53.91,26996
FAST,05/31/2022,53.62,53.84,52.80,53.56,36954
FAST,05/27/2022,53.04,54.13,52.93,54.12,23659
FAST,05/26/2022,51.85,52.88,51.85,52.52,19980
FAST,05/25/2022,51.82,52.05,50.92,51.68,23322
FAST,05/24/2022,51.53,52.12,51.05,51.99,19626
FAST,05/23/2022,52.03,52.30,51.42,51.93,23848
FAST,05/20/2022,51.71,51.88,50.53,51.45,27778
FAST,05/19/2022,51.15,52.06,50.39,51.34,30576
FAST,05/18/2022,52.69,52.78,51.01,51.30,33166
FAST,05/17/2022,53.41,53.54,52.74,53.25,22687
FAST,05/16/2022,52.54,52.95,51.82,52.71,34375
FAST,05/13/2022,52.44,53.10,52.23,52.69,25410
FAST,05/12/2022,50.45,52.23,50.35,52.23,35876
FAST,05/11/2022,51.68,52.10,50.45,50.58,40388
FAST,05/10/2022,53.92,54.28,51.65,51.90,36021
FAST,05/09/2022,52.67,53.87,52.33,53.10,43288
FAST,05/06/2022,53.91,53.99,52.59,53.16,33086
FAST,05/05/2022,56.70,56.86,53.69,54.18,40257
FAST,05/04/2022,54.76,57.34,54.48,57.25,41111
FAST,05/03/2022,55.21,55.72,54.49,54.81,33570
FAST,05/02/2022,55.57,55.96,53.97,55.00,32432
FAST,04/29/2022,56.98,57.51,55.15,55.31,36212
FAST,04/28/2022,56.08,57.69,55.59,57.44,30783
FAST,04/27/2022,56.05,56.78,55.69,55.74,24779
FAST,04/26/2022,56.30,56.72,55.92,55.95,27877
FAST,04/25/2022,56.96,57.35,55.75,56.95,26474
FAST,04/22/2022,57.49,57.94,56.72,56.95,30299
FAST,04/21/2022,57.42,58.07,57.29,57.71,29218
FAST,04/20/2022,57.04,57.79,56.69,57.02,25755
FAST,04/19/2022,54.96,56.82,54.94,56.70,37014
FAST,04/18/2022,55.89,56.10,54.65,54.95,36492
FAST,04/14/2022,59.00,59.06,55.81,56.01,59562
FAST,04/13/2022,56.71,59.75,56.27,58.98,48858
FAST,04/12/2022,58.09,58.99,57.58,57.69,35148
FAST,04/11/2022,57.64,58.47,57.61,57.97,33210
FAST,04/08/2022,58.69,58.79,57.16,57.69,44820
FAST,04/07/2022,59.55,59.72,58.37,58.71,30448
FAST,04/06/2022,59.04,59.83,58.85,59.73,31065
FAST,04/05/2022,60.15,60.72,58.92,59.32,26802
FAST,04/04/2022,59.67,60.35,59.67,60.15,23579
FAST,04/01/2022,59.52,59.71,58.74,59.67,23302
FAST,03/31/2022,59.80,60.73,59.40,59.40,38733
FAST,03/30/2022,59.00,59.79,58.94,59.71,26911
FAST,03/29/2022,58.51,59.09,58.26,58.98,25099
FAST,03/28/2022,57.43,58.47,57.32,58.46,16827
FAST,03/25/2022,57.62,57.73,57.05,57.58,17010
FAST,03/24/2022,57.21,57.63,57.04,57.35,20349
FAST,03/23/2022,57.62,57.72,56.79,57.07,29283
FAST,03/22/2022,57.95,58.00,57.22,57.75,26474
FAST,03/21/2022,57.87,58.29,57.15,57.76,26455
FAST,03/18/2022,57.06,58.04,56.36,57.87,57631
FAST,03/17/2022,55.83,57.15,55.72,57.14,26979
FAST,03/16/2022,56.00,56.67,54.75,55.97,38204
FAST,03/15/2022,54.74,55.91,54.67,55.79,30191
FAST,03/14/2022,54.27,55.08,54.10,54.49,28374
FAST,03/11/2022,54.85,55.30,53.91,53.97,21167
FAST,03/10/2022,53.99,54.54,53.60,54.47,23508
FAST,03/09/2022,55.05,55.07,53.75,54.76,35036
FAST,03/08/2022,54.23,55.52,54.12,54.16,39300
FAST,03/07/2022,54.16,55.83,53.67,54.10,52600
FAST,03/04/2022,52.99,54.21,52.75,53.97,39658
FAST,03/03/2022,53.04,53.38,52.81,53.15,32574
FAST,03/02/2022,51.89,52.91,51.73,52.57,34600
FAST,03/01/2022,51.47,52.04,51.11,51.56,48273
FAST,02/28/2022,51.00,51.60,50.76,51.46,34171
FAST,02/25/2022,50.43,51.33,50.20,51.28,30226
FAST,02/24/2022,49.06,50.53,48.84,50.46,39051
FAST,02/23/2022,51.15,51.26,49.55,49.62,31058
FAST,02/22/2022,51.36,51.59,50.40,51.05,31465
FAST,02/18/2022,51.24,51.64,50.95,51.20,32659
FAST,02/17/2022,52.19,52.27,51.22,51.28,25418
FAST,02/16/2022,52.11,52.55,51.47,52.34,24939
FAST,02/15/2022,52.25,52.76,51.94,52.17,25115
FAST,02/14/2022,52.18,52.18,51.44,51.92,30230
