FHN,06/23/2023,11.09,11.21,11.05,11.09,6181
FHN,06/22/2023,11.51,11.52,11.12,11.19,66054
FHN,06/21/2023,11.75,11.79,11.59,11.60,50491
FHN,06/20/2023,11.77,11.85,11.58,11.78,96401
FHN,06/16/2023,11.91,11.98,11.66,11.75,153555
FHN,06/15/2023,11.15,11.84,11.07,11.79,109867
FHN,06/14/2023,12.18,12.26,11.43,11.45,129784
FHN,06/13/2023,11.58,12.22,11.58,12.15,156696
FHN,06/12/2023,11.71,12.00,11.56,11.81,109336
FHN,06/09/2023,11.86,11.89,11.61,11.71,83126
FHN,06/08/2023,11.54,11.80,11.40,11.71,104786
FHN,06/07/2023,11.50,11.87,11.38,11.65,177333
FHN,06/06/2023,10.81,11.45,10.55,11.44,325050
FHN,06/05/2023,11.27,11.27,10.58,10.83,144853
FHN,06/02/2023,10.70,11.10,10.52,11.04,104246
FHN,06/01/2023,10.41,10.59,10.25,10.45,119813
FHN,05/31/2023,10.72,10.75,10.16,10.31,162407
FHN,05/30/2023,10.91,10.97,10.48,10.81,130473
FHN,05/26/2023,10.99,10.99,10.69,10.88,87831
FHN,05/25/2023,10.95,11.09,10.72,10.90,84154
FHN,05/24/2023,11.34,11.40,10.93,11.09,96570
FHN,05/23/2023,11.24,11.74,11.10,11.24,146119
FHN,05/22/2023,10.98,11.20,10.84,11.04,126392
FHN,05/19/2023,11.05,11.10,10.66,10.88,96567
FHN,05/18/2023,10.86,11.09,10.66,10.99,110745
FHN,05/17/2023,10.40,10.98,10.30,10.84,208700
FHN,05/16/2023,10.34,10.35,9.80,10.25,207026
FHN,05/15/2023,9.75,10.21,9.71,10.06,178945
FHN,05/12/2023,9.87,9.87,9.48,9.67,223202
FHN,05/11/2023,9.84,10.10,9.74,9.77,194793
FHN,05/10/2023,10.69,10.79,9.96,10.12,225378
FHN,05/09/2023,10.58,10.69,10.02,10.56,185214
FHN,05/08/2023,11.20,11.23,10.62,10.70,202623
FHN,05/05/2023,10.79,11.08,10.28,10.94,452939
FHN,05/04/2023,9.52,10.25,8.99,10.06,1123379
FHN,05/03/2023,16.25,16.65,14.75,15.05,200173
FHN,05/02/2023,17.45,17.48,15.96,16.19,113970
FHN,05/01/2023,17.64,17.82,17.39,17.52,38409
FHN,04/28/2023,17.54,17.73,17.41,17.55,42551
FHN,04/27/2023,17.55,17.77,17.40,17.59,31017
FHN,04/26/2023,17.34,17.90,17.33,17.47,36841
FHN,04/25/2023,18.12,18.29,17.58,17.59,46838
FHN,04/24/2023,18.25,18.52,18.17,18.32,23667
FHN,04/21/2023,18.41,18.52,18.21,18.25,35181
FHN,04/20/2023,18.25,18.99,18.25,18.45,56603
FHN,04/19/2023,18.51,18.61,18.16,18.59,50900
FHN,04/18/2023,18.55,18.55,18.22,18.35,51127
FHN,04/17/2023,18.20,18.73,17.80,18.54,45987
FHN,04/14/2023,18.60,18.76,18.26,18.35,63978
FHN,04/13/2023,18.00,18.45,17.95,18.42,55816
FHN,04/12/2023,17.70,18.49,17.56,17.86,57516
FHN,04/11/2023,17.80,17.89,17.63,17.67,44447
FHN,04/10/2023,17.63,17.99,17.58,17.80,51841
FHN,04/06/2023,17.63,17.82,17.41,17.71,48965
FHN,04/05/2023,17.02,17.66,16.96,17.63,53229
FHN,04/04/2023,17.99,18.02,17.15,17.33,50670
FHN,04/03/2023,17.85,18.02,17.54,17.88,48883
FHN,03/31/2023,17.60,17.96,17.56,17.78,69360
FHN,03/30/2023,17.67,17.74,17.36,17.41,45824
FHN,03/29/2023,17.33,17.66,16.74,17.55,86443
FHN,03/28/2023,17.13,17.46,17.06,17.23,56399
FHN,03/27/2023,17.39,17.75,17.16,17.26,87195
FHN,03/24/2023,15.70,16.80,15.68,16.76,97333
FHN,03/23/2023,15.69,16.06,15.41,15.78,93989
FHN,03/22/2023,15.93,16.15,15.55,15.58,67211
FHN,03/21/2023,15.68,16.19,15.52,16.13,79255
FHN,03/20/2023,15.81,15.81,14.84,15.23,104541
FHN,03/17/2023,15.31,15.31,14.68,14.93,387789
FHN,03/16/2023,15.43,16.04,14.53,15.56,213777
FHN,03/15/2023,15.57,16.13,15.36,15.68,154372
FHN,03/14/2023,17.30,17.62,16.12,16.30,156036
FHN,03/13/2023,18.67,19.00,13.40,16.04,392268
FHN,03/10/2023,20.33,20.36,19.53,20.10,191596
FHN,03/09/2023,21.25,21.57,20.84,20.93,73978
FHN,03/08/2023,21.20,21.42,21.18,21.35,56817
FHN,03/07/2023,21.20,21.62,21.05,21.29,66172
FHN,03/06/2023,21.36,21.38,21.15,21.23,73175
FHN,03/03/2023,21.92,22.00,21.27,21.46,140090
FHN,03/02/2023,22.39,22.88,21.29,21.84,159051
FHN,03/01/2023,20.80,22.50,20.70,22.14,567823
FHN,02/28/2023,24.77,24.83,24.70,24.77,55129
FHN,02/27/2023,24.86,24.86,24.74,24.75,40153
FHN,02/24/2023,24.80,24.87,24.80,24.85,33683
FHN,02/23/2023,24.89,24.90,24.83,24.85,29054
FHN,02/22/2023,24.83,24.90,24.83,24.86,22146
FHN,02/21/2023,24.84,24.87,24.81,24.85,35114
FHN,02/17/2023,24.81,24.88,24.80,24.84,35413
FHN,02/16/2023,24.84,24.86,24.80,24.82,27852
FHN,02/15/2023,24.71,24.88,24.71,24.88,49162
FHN,02/14/2023,24.75,24.75,24.70,24.70,12448
FHN,02/13/2023,24.70,24.79,24.69,24.73,21675
FHN,02/10/2023,24.67,24.73,24.67,24.73,16652
FHN,02/09/2023,24.72,24.72,24.67,24.67,22236
FHN,02/08/2023,24.71,24.75,24.68,24.68,24552
FHN,02/07/2023,24.67,24.75,24.66,24.74,45506
FHN,02/06/2023,24.69,24.73,24.64,24.69,36566
FHN,02/03/2023,24.72,24.73,24.63,24.69,30797
FHN,02/02/2023,24.70,24.75,24.65,24.72,33391
FHN,02/01/2023,24.72,24.75,24.67,24.75,27377
FHN,01/31/2023,24.66,24.74,24.64,24.73,38333
FHN,01/30/2023,24.70,24.77,24.62,24.64,60082
FHN,01/27/2023,24.62,24.70,24.60,24.67,36840
FHN,01/26/2023,24.59,24.67,24.59,24.62,62375
FHN,01/25/2023,24.60,24.62,24.55,24.55,58755
FHN,01/24/2023,24.60,24.65,24.59,24.59,20313
FHN,01/23/2023,24.60,24.66,24.60,24.63,34172
FHN,01/20/2023,24.57,24.69,24.56,24.66,33360
FHN,01/19/2023,24.57,24.65,24.57,24.60,44874
FHN,01/18/2023,24.55,24.65,24.55,24.57,41911
FHN,01/17/2023,24.62,24.66,24.43,24.51,52735
FHN,01/13/2023,24.61,24.67,24.58,24.65,24078
FHN,01/12/2023,24.60,24.79,24.60,24.65,25236
FHN,01/11/2023,24.54,24.70,24.51,24.68,59712
FHN,01/10/2023,24.50,24.65,24.48,24.55,48431
FHN,01/09/2023,24.50,24.55,24.47,24.48,46112
FHN,01/06/2023,24.49,24.59,24.46,24.55,33088
FHN,01/05/2023,24.50,24.54,24.40,24.48,37790
FHN,01/04/2023,24.48,24.52,24.41,24.50,39721
FHN,01/03/2023,24.48,24.51,24.36,24.46,46855
FHN,12/30/2022,24.46,24.50,24.45,24.50,17992
FHN,12/29/2022,24.47,24.51,24.47,24.49,16003
FHN,12/28/2022,24.45,24.51,24.44,24.47,20596
FHN,12/27/2022,24.48,24.52,24.46,24.48,18463
FHN,12/23/2022,24.49,24.51,24.45,24.48,16450
FHN,12/22/2022,24.54,24.54,24.41,24.47,31742
FHN,12/21/2022,24.51,24.55,24.46,24.55,31400
FHN,12/20/2022,24.46,24.55,24.45,24.49,28252
FHN,12/19/2022,24.38,24.53,24.35,24.42,31051
FHN,12/16/2022,24.44,24.50,24.34,24.41,95563
FHN,12/15/2022,24.31,24.42,24.27,24.42,78362
FHN,12/14/2022,24.41,24.48,24.40,24.42,68066
FHN,12/13/2022,24.52,24.54,24.39,24.41,88837
FHN,12/12/2022,24.51,24.52,24.45,24.50,54982
FHN,12/09/2022,24.58,24.63,24.45,24.48,38032
FHN,12/08/2022,24.60,24.64,24.52,24.55,33220
FHN,12/07/2022,24.49,24.65,24.46,24.60,40946
FHN,12/06/2022,24.52,24.54,24.44,24.50,59726
FHN,12/05/2022,24.66,24.68,24.47,24.49,66763
FHN,12/02/2022,24.68,24.71,24.65,24.68,56500
FHN,12/01/2022,24.75,24.76,24.68,24.70,76202
FHN,11/30/2022,24.62,24.92,24.62,24.85,585358
FHN,11/29/2022,24.68,24.75,24.55,24.66,52410
FHN,11/28/2022,24.65,24.73,24.51,24.62,50417
FHN,11/25/2022,24.63,24.78,24.63,24.77,29727
FHN,11/23/2022,24.61,24.68,24.59,24.67,46009
FHN,11/22/2022,24.56,24.64,24.50,24.62,45876
FHN,11/21/2022,24.48,24.59,24.44,24.57,48699
FHN,11/18/2022,24.38,24.50,24.37,24.46,34222
FHN,11/17/2022,24.31,24.37,24.30,24.37,33056
FHN,11/16/2022,24.38,24.42,24.30,24.30,29341
FHN,11/15/2022,24.38,24.38,24.30,24.32,37763
FHN,11/14/2022,24.37,24.37,24.29,24.29,33575
FHN,11/11/2022,24.46,24.52,24.27,24.27,70923
FHN,11/10/2022,24.38,24.47,24.34,24.46,41830
FHN,11/09/2022,24.36,24.40,24.30,24.30,33375
FHN,11/08/2022,24.39,24.42,24.30,24.41,46330
FHN,11/07/2022,24.40,24.40,24.30,24.35,21808
FHN,11/04/2022,24.36,24.41,24.28,24.34,42085
FHN,11/03/2022,24.35,24.45,24.25,24.30,49925
FHN,11/02/2022,24.44,24.46,24.31,24.35,50872
FHN,11/01/2022,24.49,24.55,24.40,24.41,57170
FHN,10/31/2022,24.35,24.53,24.35,24.51,96620
FHN,10/28/2022,24.32,24.44,24.28,24.38,58776
FHN,10/27/2022,24.34,24.39,24.27,24.30,51795
FHN,10/26/2022,24.34,24.34,24.25,24.29,39036
FHN,10/25/2022,24.20,24.37,24.20,24.28,46573
FHN,10/24/2022,24.18,24.28,24.15,24.20,32140
FHN,10/21/2022,24.04,24.20,24.03,24.19,42082
FHN,10/20/2022,24.09,24.21,23.99,24.04,56838
FHN,10/19/2022,24.00,24.20,23.91,24.07,70963
FHN,10/18/2022,24.00,24.08,23.91,24.00,76811
FHN,10/17/2022,23.90,24.23,23.87,23.95,74696
FHN,10/14/2022,23.48,23.80,23.38,23.77,55418
FHN,10/13/2022,23.16,23.50,23.05,23.42,39426
FHN,10/12/2022,23.24,23.35,23.19,23.23,20983
FHN,10/11/2022,23.04,23.25,23.02,23.20,35600
FHN,10/10/2022,23.01,23.28,23.01,23.08,25929
FHN,10/07/2022,23.02,23.16,22.92,23.02,30166
FHN,10/06/2022,23.05,23.15,22.98,23.04,38206
FHN,10/05/2022,23.22,23.38,23.01,23.04,77252
FHN,10/04/2022,23.28,23.51,23.26,23.28,51654
FHN,10/03/2022,23.10,23.24,22.90,23.21,33315
FHN,09/30/2022,23.12,23.22,22.89,22.90,43533
FHN,09/29/2022,23.20,23.28,23.10,23.12,38905
FHN,09/28/2022,23.11,23.48,23.10,23.25,35548
FHN,09/27/2022,23.25,23.38,23.01,23.11,31144
FHN,09/26/2022,23.30,23.38,23.16,23.25,30489
FHN,09/23/2022,23.40,23.55,23.34,23.37,44486
FHN,09/22/2022,23.60,23.63,23.49,23.54,33950
FHN,09/21/2022,23.45,23.62,23.41,23.50,45261
FHN,09/20/2022,23.47,23.54,23.38,23.43,35760
FHN,09/19/2022,23.28,23.65,23.28,23.54,53328
FHN,09/16/2022,23.33,23.50,23.25,23.33,108418
FHN,09/15/2022,23.26,23.58,23.26,23.46,34351
FHN,09/14/2022,23.08,23.44,23.08,23.29,53740
FHN,09/13/2022,23.12,23.21,23.01,23.06,22958
FHN,09/12/2022,23.17,23.26,23.14,23.19,23599
FHN,09/09/2022,23.24,23.35,23.15,23.24,18716
FHN,09/08/2022,22.84,23.27,22.80,23.22,33588
FHN,09/07/2022,22.57,23.08,22.52,23.02,38410
FHN,09/06/2022,22.75,22.75,22.39,22.56,30309
FHN,09/02/2022,22.71,22.76,22.49,22.60,24260
FHN,09/01/2022,22.75,22.87,22.56,22.60,23826
FHN,08/31/2022,22.94,23.01,22.60,22.62,20238
FHN,08/30/2022,22.95,22.97,22.76,22.87,20013
FHN,08/29/2022,22.87,23.06,22.75,22.85,24582
FHN,08/26/2022,23.24,23.29,22.88,22.91,12737
FHN,08/25/2022,22.86,23.25,22.84,23.25,17402
FHN,08/24/2022,22.78,22.95,22.73,22.87,10259
FHN,08/23/2022,22.78,22.88,22.73,22.81,15696
FHN,08/22/2022,22.84,22.89,22.68,22.78,44678
FHN,08/19/2022,23.08,23.12,22.93,22.94,27588
FHN,08/18/2022,23.05,23.16,22.88,23.11,22035
FHN,08/17/2022,23.08,23.15,22.93,23.03,21678
FHN,08/16/2022,23.17,23.36,23.09,23.10,19935
FHN,08/15/2022,23.04,23.26,23.00,23.20,16040
FHN,08/12/2022,23.16,23.20,23.04,23.19,15880
FHN,08/11/2022,23.01,23.14,22.95,23.14,25508
FHN,08/10/2022,22.98,23.06,22.85,22.97,23029
FHN,08/09/2022,22.95,23.05,22.81,22.94,17728
FHN,08/08/2022,22.86,23.01,22.85,22.88,14511
FHN,08/05/2022,22.90,23.00,22.81,23.00,19763
FHN,08/04/2022,22.70,22.97,22.67,22.87,27299
FHN,08/03/2022,22.81,23.01,22.67,22.83,40426
FHN,08/02/2022,22.36,22.93,22.29,22.81,38085
FHN,08/01/2022,22.31,22.49,22.02,22.41,22595
FHN,07/29/2022,22.51,22.65,22.32,22.36,33571
FHN,07/28/2022,22.45,22.58,22.34,22.50,26278
FHN,07/27/2022,22.21,22.50,22.15,22.48,18020
FHN,07/26/2022,22.10,22.28,22.00,22.27,24770
FHN,07/25/2022,22.07,22.17,21.98,22.15,26298
FHN,07/22/2022,22.18,22.25,21.80,21.96,17579
FHN,07/21/2022,22.10,22.34,21.97,22.17,16412
FHN,07/20/2022,21.92,22.33,21.80,22.26,21942
FHN,07/19/2022,22.00,22.07,21.81,21.95,35484
FHN,07/18/2022,21.95,22.14,21.85,21.91,25128
FHN,07/15/2022,21.54,21.95,21.45,21.91,29988
FHN,07/14/2022,21.50,21.66,21.27,21.31,33873
FHN,07/13/2022,21.60,21.74,21.47,21.56,24406
FHN,07/12/2022,21.74,21.88,21.60,21.64,29736
FHN,07/11/2022,21.80,21.99,21.74,21.83,20003
FHN,07/08/2022,22.20,22.23,21.76,21.95,26903
FHN,07/07/2022,22.16,22.28,21.74,22.09,34154
FHN,07/06/2022,22.08,22.35,21.82,22.12,24973
FHN,07/05/2022,21.49,22.25,21.36,22.22,35854
FHN,07/01/2022,21.83,21.97,21.50,21.80,28677
FHN,06/30/2022,21.62,22.02,21.58,21.86,22874
FHN,06/29/2022,22.27,22.32,21.84,21.88,26761
FHN,06/28/2022,22.38,22.51,22.08,22.28,18778
FHN,06/27/2022,22.35,22.54,22.19,22.33,40499
FHN,06/24/2022,21.87,22.39,21.76,22.34,57380
FHN,06/23/2022,21.38,21.83,21.30,21.78,33617
FHN,06/22/2022,21.28,21.62,21.28,21.45,36840
FHN,06/21/2022,21.48,21.75,21.23,21.50,40287
FHN,06/17/2022,20.83,21.35,20.72,21.22,74148
FHN,06/16/2022,20.90,21.24,20.48,20.74,76645
FHN,06/15/2022,21.79,21.90,20.54,21.14,87692
FHN,06/14/2022,21.65,21.90,21.50,21.66,46519
FHN,06/13/2022,21.77,21.94,21.52,21.63,52581
FHN,06/10/2022,22.07,22.32,22.03,22.14,37581
FHN,06/09/2022,22.63,22.74,22.32,22.33,30913
FHN,06/08/2022,22.83,22.85,22.64,22.79,26560
FHN,06/07/2022,22.63,22.98,22.63,22.92,27644
FHN,06/06/2022,22.99,23.02,22.70,22.73,16814
FHN,06/03/2022,22.97,22.97,22.76,22.81,26648
FHN,06/02/2022,22.65,22.99,22.58,22.97,39599
FHN,06/01/2022,22.85,22.89,22.34,22.59,46240
FHN,05/31/2022,22.98,23.04,22.78,22.83,50764
FHN,05/27/2022,22.60,23.10,22.60,23.10,26287
FHN,05/26/2022,23.00,23.11,22.95,23.09,35966
FHN,05/25/2022,22.68,23.03,22.63,23.00,34854
FHN,05/24/2022,22.39,22.69,22.11,22.69,27375
FHN,05/23/2022,22.52,22.62,22.29,22.50,30877
FHN,05/20/2022,22.00,22.26,21.77,22.19,29803
FHN,05/19/2022,21.89,22.17,21.82,22.00,28121
FHN,05/18/2022,22.09,22.28,21.91,21.97,30400
FHN,05/17/2022,21.79,22.17,21.73,22.17,30910
FHN,05/16/2022,21.76,21.79,21.43,21.56,40485
FHN,05/13/2022,21.64,21.84,21.51,21.72,36879
FHN,05/12/2022,21.49,21.80,21.33,21.64,56500
FHN,05/11/2022,21.82,22.08,21.50,21.56,80517
FHN,05/10/2022,22.05,22.36,21.62,21.84,67698
FHN,05/09/2022,22.35,22.45,21.99,22.00,76122
FHN,05/06/2022,22.35,22.62,22.22,22.50,52197
FHN,05/05/2022,22.39,22.42,21.92,22.34,67295
FHN,05/04/2022,22.19,22.56,21.75,22.55,98247
FHN,05/03/2022,22.51,22.51,22.10,22.19,90103
FHN,05/02/2022,22.53,22.62,22.30,22.51,56613
FHN,04/29/2022,22.72,22.76,22.38,22.38,49985
FHN,04/28/2022,22.85,22.86,22.67,22.74,46180
FHN,04/27/2022,22.82,22.91,22.69,22.73,57730
FHN,04/26/2022,22.87,22.95,22.77,22.81,48408
FHN,04/25/2022,22.86,23.01,22.83,22.92,59981
FHN,04/22/2022,23.05,23.08,22.84,22.89,57829
FHN,04/21/2022,23.22,23.23,23.00,23.03,33991
FHN,04/20/2022,23.25,23.28,23.10,23.12,40616
FHN,04/19/2022,23.10,23.28,23.08,23.28,34600
FHN,04/18/2022,23.01,23.14,23.01,23.10,27621
FHN,04/14/2022,22.97,23.06,22.95,23.04,41848
FHN,04/13/2022,23.00,23.06,22.87,22.89,71733
FHN,04/12/2022,23.48,23.51,22.92,23.04,165542
FHN,04/11/2022,23.39,23.53,23.39,23.42,36376
FHN,04/08/2022,23.50,23.53,23.36,23.40,51808
FHN,04/07/2022,23.54,23.55,23.35,23.43,53544
FHN,04/06/2022,23.41,23.53,23.41,23.50,61174
FHN,04/05/2022,23.60,23.66,23.43,23.45,86386
FHN,04/04/2022,23.52,23.65,23.52,23.62,90505
FHN,04/01/2022,23.59,23.59,23.50,23.55,80609
FHN,03/31/2022,23.50,23.59,23.49,23.49,73623
FHN,03/30/2022,23.58,23.58,23.47,23.53,100127
FHN,03/29/2022,23.44,23.58,23.37,23.57,69694
FHN,03/28/2022,23.26,23.43,23.14,23.42,72643
FHN,03/25/2022,23.20,23.40,23.20,23.40,56891
FHN,03/24/2022,23.10,23.38,23.08,23.13,98938
FHN,03/23/2022,23.05,23.13,23.03,23.04,61977
FHN,03/22/2022,23.09,23.12,23.02,23.05,61902
FHN,03/21/2022,23.13,23.13,22.93,23.01,70568
FHN,03/18/2022,23.03,23.06,22.95,23.01,232897
FHN,03/17/2022,23.00,23.14,22.97,23.10,84776
FHN,03/16/2022,23.20,23.25,22.85,23.05,107477
FHN,03/15/2022,23.36,23.38,23.01,23.16,126093
FHN,03/14/2022,23.20,23.32,23.10,23.30,128774
FHN,03/11/2022,23.25,23.31,23.05,23.08,120378
FHN,03/10/2022,23.36,23.43,23.10,23.21,130174
FHN,03/09/2022,23.59,23.61,23.42,23.47,133557
FHN,03/08/2022,23.53,23.61,23.40,23.40,182271
FHN,03/07/2022,23.70,23.84,23.45,23.45,166534
FHN,03/04/2022,23.75,23.83,23.67,23.70,151839
FHN,03/03/2022,23.76,23.97,23.70,23.87,173337
FHN,03/02/2022,23.50,23.91,23.50,23.83,262737
FHN,03/01/2022,23.35,23.65,23.34,23.44,339075
FHN,02/28/2022,24.01,24.24,23.33,23.48,997579
FHN,02/25/2022,17.65,18.26,17.64,18.25,57454
FHN,02/24/2022,16.98,17.51,16.78,17.44,81071
FHN,02/23/2022,18.28,18.28,17.58,17.68,51049
FHN,02/22/2022,18.12,18.24,17.79,17.85,53616
FHN,02/18/2022,17.72,18.20,17.70,18.10,87081
FHN,02/17/2022,18.41,18.42,17.77,17.81,47863
FHN,02/16/2022,18.32,18.67,18.29,18.55,37837
FHN,02/15/2022,18.02,18.56,18.00,18.53,49347
FHN,02/14/2022,18.05,18.20,17.68,17.83,37780
