FICO,06/23/2023,779.79,783.19,770.58,783.19,136
FICO,06/22/2023,786.84,795.24,778.65,786.85,1287
FICO,06/21/2023,794.15,796.76,782.44,790.50,1870
FICO,06/20/2023,797.27,806.67,788.93,795.54,1897
FICO,06/16/2023,809.69,815.64,795.50,799.96,2531
FICO,06/15/2023,791.68,807.41,791.68,802.11,1752
FICO,06/14/2023,804.07,807.08,785.54,795.25,1912
FICO,06/13/2023,804.53,806.45,797.60,801.58,1896
FICO,06/12/2023,782.45,800.46,779.37,800.18,1543
FICO,06/09/2023,769.67,779.74,765.40,774.71,2292
FICO,06/08/2023,756.11,771.01,756.11,766.69,2115
FICO,06/07/2023,789.54,797.18,745.45,757.18,3475
FICO,06/06/2023,789.21,795.35,786.03,789.99,1546
FICO,06/05/2023,787.21,796.67,783.88,791.60,1014
FICO,06/02/2023,793.33,800.09,783.06,790.84,1768
FICO,06/01/2023,786.30,799.95,786.30,793.24,1769
FICO,05/31/2023,789.89,794.98,775.11,787.67,3836
FICO,05/30/2023,795.00,796.50,783.96,790.41,1791
FICO,05/26/2023,774.79,792.22,774.27,791.62,2025
FICO,05/25/2023,773.50,777.78,766.53,772.13,1392
FICO,05/24/2023,758.58,770.00,747.71,765.21,1588
FICO,05/23/2023,769.57,777.02,759.05,760.21,2429
FICO,05/22/2023,766.70,794.02,760.37,776.73,2335
FICO,05/19/2023,768.06,768.80,754.23,755.79,1966
FICO,05/18/2023,749.00,766.15,748.13,765.94,1940
FICO,05/17/2023,759.74,759.74,748.80,749.21,1811
FICO,05/16/2023,753.31,756.64,746.00,754.13,1324
FICO,05/15/2023,742.58,757.57,739.61,756.14,2118
FICO,05/12/2023,751.41,758.59,741.28,743.83,2607
FICO,05/11/2023,759.00,762.73,743.02,749.29,1959
FICO,05/10/2023,744.33,758.46,741.43,757.90,1719
FICO,05/09/2023,735.42,741.83,733.75,737.24,1478
FICO,05/08/2023,729.54,736.78,729.54,736.41,1913
FICO,05/05/2023,739.92,743.37,730.33,731.98,1482
FICO,05/04/2023,748.67,760.15,736.00,736.65,2078
FICO,05/03/2023,740.47,756.02,732.10,752.39,2731
FICO,05/02/2023,749.44,749.44,725.29,739.71,2462
FICO,05/01/2023,726.72,751.58,714.63,745.99,2387
FICO,04/28/2023,722.03,758.00,718.22,727.95,4118
FICO,04/27/2023,724.16,736.37,719.17,734.68,2418
FICO,04/26/2023,710.96,723.89,708.00,714.36,3080
FICO,04/25/2023,711.35,715.37,708.25,709.52,2198
FICO,04/24/2023,722.51,726.56,712.65,713.56,2323
FICO,04/21/2023,707.62,728.85,707.06,719.23,3053
FICO,04/20/2023,693.65,704.15,692.87,703.44,2129
FICO,04/19/2023,692.16,695.32,686.08,695.31,1876
FICO,04/18/2023,700.00,702.29,693.19,697.37,1359
FICO,04/17/2023,700.68,703.46,686.91,696.47,1152
FICO,04/14/2023,695.22,702.26,695.22,698.06,1255
FICO,04/13/2023,687.05,699.22,687.05,698.78,1264
FICO,04/12/2023,682.33,690.89,682.33,684.43,1022
FICO,04/11/2023,678.54,688.39,675.37,678.96,1667
FICO,04/10/2023,668.12,680.19,664.41,679.57,1296
FICO,04/06/2023,671.30,677.00,668.98,672.42,1147
FICO,04/05/2023,687.53,693.41,676.60,676.62,1021
FICO,04/04/2023,689.08,691.50,682.59,689.29,2568
FICO,04/03/2023,700.00,702.46,686.83,689.84,2259
FICO,03/31/2023,696.40,703.02,694.71,702.69,3104
FICO,03/30/2023,700.90,705.00,692.24,696.40,1085
FICO,03/29/2023,685.87,698.96,685.55,698.13,1587
FICO,03/28/2023,686.25,690.96,674.80,679.52,1799
FICO,03/27/2023,691.95,699.30,687.24,688.63,2152
FICO,03/24/2023,677.55,691.15,672.00,690.94,1303
FICO,03/23/2023,682.85,688.29,673.12,680.85,2118
FICO,03/22/2023,694.06,696.07,677.71,678.70,2072
FICO,03/21/2023,686.14,700.37,676.08,696.88,2465
FICO,03/20/2023,654.50,684.49,650.00,682.55,2483
FICO,03/17/2023,677.21,693.61,651.08,654.94,41589
FICO,03/16/2023,669.40,697.67,666.50,679.97,3144
FICO,03/15/2023,684.12,691.50,659.33,668.30,3199
FICO,03/14/2023,691.04,708.86,689.10,696.89,3304
FICO,03/13/2023,689.12,693.09,662.19,682.89,4863
FICO,03/10/2023,694.05,707.31,683.33,695.76,2332
FICO,03/09/2023,700.94,711.85,696.38,696.43,2640
FICO,03/08/2023,701.37,705.00,689.48,700.54,1851
FICO,03/07/2023,696.57,705.75,693.44,701.73,1848
FICO,03/06/2023,706.99,711.41,696.58,696.58,2788
FICO,03/03/2023,690.84,708.54,688.50,705.23,1673
FICO,03/02/2023,681.17,687.77,679.49,687.52,977
FICO,03/01/2023,675.54,682.79,670.32,682.79,1815
FICO,02/28/2023,671.85,686.74,671.85,677.39,2920
FICO,02/27/2023,671.18,672.72,666.43,670.41,1194
FICO,02/24/2023,659.87,668.24,658.72,665.94,982
FICO,02/23/2023,666.72,674.54,662.56,671.67,942
FICO,02/22/2023,666.62,668.34,654.69,663.48,1695
FICO,02/21/2023,667.33,676.56,663.02,665.00,2134
FICO,02/17/2023,674.68,687.24,665.80,682.19,2071
FICO,02/16/2023,687.24,696.22,687.24,687.80,1563
FICO,02/15/2023,691.33,703.86,691.33,698.94,1809
FICO,02/14/2023,692.56,701.63,690.29,698.06,1916
FICO,02/13/2023,691.80,698.03,684.01,694.24,1738
FICO,02/10/2023,670.98,686.24,669.04,679.73,1760
FICO,02/09/2023,680.41,698.99,674.92,677.74,2443
FICO,02/08/2023,677.41,682.47,667.65,676.85,2101
FICO,02/07/2023,666.35,680.85,657.20,677.53,1624
FICO,02/06/2023,677.72,677.72,667.80,673.45,1697
FICO,02/03/2023,671.73,692.79,671.73,681.32,2097
FICO,02/02/2023,693.62,710.00,685.27,690.32,2116
FICO,02/01/2023,662.47,686.23,653.19,682.68,1963
FICO,01/31/2023,643.52,668.45,640.12,665.95,2745
FICO,01/30/2023,658.12,659.98,644.27,644.28,1859
FICO,01/27/2023,626.85,676.98,617.35,660.25,3143
FICO,01/26/2023,646.65,648.89,632.09,646.05,2204
FICO,01/25/2023,627.82,646.38,610.67,642.83,1885
FICO,01/24/2023,653.12,657.58,638.00,640.22,2302
FICO,01/23/2023,648.39,658.21,640.54,649.95,2177
FICO,01/20/2023,623.39,649.92,623.39,649.18,1919
FICO,01/19/2023,625.03,636.99,622.47,623.86,1785
FICO,01/18/2023,635.29,640.50,619.17,629.97,2096
FICO,01/17/2023,616.01,628.26,610.19,627.88,1583
FICO,01/13/2023,599.22,620.65,599.22,617.92,1289
FICO,01/12/2023,598.40,608.31,586.60,605.58,1638
FICO,01/11/2023,588.26,600.92,584.44,598.97,1599
FICO,01/10/2023,588.48,591.62,575.39,585.86,2529
FICO,01/09/2023,609.55,611.98,591.80,593.87,1715
FICO,01/06/2023,603.60,608.70,583.69,601.94,1156
FICO,01/05/2023,601.06,606.41,589.50,596.90,1463
FICO,01/04/2023,596.54,609.80,596.16,609.04,1163
FICO,01/03/2023,608.65,617.10,586.11,591.19,1618
FICO,12/30/2022,591.69,599.09,587.81,598.58,1516
FICO,12/29/2022,607.49,614.49,598.76,600.90,1205
FICO,12/28/2022,615.33,622.22,604.40,606.84,925
FICO,12/27/2022,613.88,617.37,608.17,614.30,922
FICO,12/23/2022,613.10,623.16,605.06,616.76,904
FICO,12/22/2022,602.71,617.48,599.28,614.52,1284
FICO,12/21/2022,592.59,614.21,592.59,614.20,1330
FICO,12/20/2022,582.74,595.52,580.49,591.15,1383
FICO,12/19/2022,586.61,593.70,579.61,585.65,1671
FICO,12/16/2022,595.19,595.19,583.18,590.63,3887
FICO,12/15/2022,594.02,598.22,583.64,598.21,2425
FICO,12/14/2022,616.86,628.65,602.50,606.68,1937
FICO,12/13/2022,628.00,638.87,615.34,620.56,2374
FICO,12/12/2022,618.13,623.20,609.29,616.31,1178
FICO,12/09/2022,620.76,626.45,614.90,615.45,1421
FICO,12/08/2022,620.69,632.03,610.60,624.99,1793
FICO,12/07/2022,609.00,616.12,598.48,613.50,1368
FICO,12/06/2022,609.65,612.68,595.05,609.61,1743
FICO,12/05/2022,612.34,615.53,599.07,612.10,1698
FICO,12/02/2022,619.00,626.96,602.30,621.32,1901
FICO,12/01/2022,617.52,637.69,612.17,621.14,3025
FICO,11/30/2022,587.37,621.20,582.49,619.72,3632
FICO,11/29/2022,583.78,597.13,579.48,590.74,2141
FICO,11/28/2022,579.43,589.05,571.81,587.68,1894
FICO,11/25/2022,576.59,589.97,570.81,589.07,842
FICO,11/23/2022,578.42,594.67,578.29,579.29,1771
FICO,11/22/2022,581.89,584.36,574.14,577.90,1749
FICO,11/21/2022,577.42,582.93,568.90,581.49,1632
FICO,11/18/2022,593.87,593.87,568.38,576.20,2898
FICO,11/17/2022,600.84,603.45,571.25,586.71,3459
FICO,11/16/2022,603.65,623.34,603.65,617.87,1944
FICO,11/15/2022,610.99,623.61,604.84,616.49,2735
FICO,11/14/2022,600.01,613.86,580.01,592.90,3681
FICO,11/11/2022,589.42,623.15,583.86,607.57,4701
FICO,11/10/2022,525.00,581.87,518.26,581.78,8442
FICO,11/09/2022,446.82,446.95,437.31,443.77,1992
FICO,11/08/2022,439.21,456.33,435.48,450.53,3112
FICO,11/07/2022,435.17,442.30,427.09,436.85,2271
FICO,11/04/2022,442.74,443.55,427.72,435.35,1689
FICO,11/03/2022,440.88,451.14,433.45,436.68,1963
FICO,11/02/2022,473.52,475.03,442.27,447.50,2456
FICO,11/01/2022,486.17,487.24,471.48,476.12,1665
FICO,10/31/2022,482.30,487.83,477.50,478.84,2708
FICO,10/28/2022,473.24,485.43,471.67,485.11,2033
FICO,10/27/2022,450.00,475.91,449.45,474.57,3493
FICO,10/26/2022,429.70,448.07,429.70,447.56,2570
FICO,10/25/2022,418.97,437.65,418.97,432.75,2785
FICO,10/24/2022,412.67,419.27,408.88,415.88,1862
FICO,10/21/2022,407.61,413.00,400.51,409.66,1421
FICO,10/20/2022,410.34,412.46,400.23,408.59,1899
FICO,10/19/2022,417.20,418.77,403.24,408.95,2013
FICO,10/18/2022,419.30,425.23,414.90,420.01,1594
FICO,10/17/2022,406.44,417.59,406.11,409.28,1634
FICO,10/14/2022,407.33,413.54,398.56,400.41,1543
FICO,10/13/2022,394.26,407.65,389.84,404.07,1918
FICO,10/12/2022,406.20,413.44,404.16,405.31,2177
FICO,10/11/2022,402.24,406.11,394.38,405.73,3466
FICO,10/10/2022,402.65,403.66,391.52,396.31,2248
FICO,10/07/2022,407.30,411.73,399.31,402.20,2750
FICO,10/06/2022,432.64,434.95,410.72,413.82,3006
FICO,10/05/2022,434.66,443.98,428.64,439.98,1297
FICO,10/04/2022,430.25,441.78,430.25,441.14,2497
FICO,10/03/2022,415.16,430.99,409.32,423.91,2212
FICO,09/30/2022,422.28,427.65,410.80,412.01,2299
FICO,09/29/2022,429.84,431.10,422.22,424.84,1553
FICO,09/28/2022,427.93,436.14,425.33,433.03,1373
FICO,09/27/2022,435.87,439.00,420.21,425.57,1793
FICO,09/26/2022,430.47,436.51,425.45,428.18,1610
FICO,09/23/2022,432.71,438.14,423.64,427.91,1915
FICO,09/22/2022,446.93,446.93,435.23,439.59,1790
FICO,09/21/2022,452.95,461.25,448.77,449.70,2086
FICO,09/20/2022,443.62,452.58,436.50,450.07,3161
FICO,09/19/2022,463.23,466.27,442.72,449.84,2347
FICO,09/16/2022,453.57,466.43,449.71,465.95,4949
FICO,09/15/2022,459.65,463.58,451.30,458.00,3049
FICO,09/14/2022,454.34,465.38,446.61,463.98,3124
FICO,09/13/2022,451.21,461.28,451.02,454.33,2318
FICO,09/12/2022,456.91,465.68,453.39,460.67,2058
FICO,09/09/2022,454.81,460.62,450.38,451.77,1193
FICO,09/08/2022,447.28,457.37,447.28,451.61,894
FICO,09/07/2022,440.12,452.20,439.03,449.54,1060
FICO,09/06/2022,438.27,451.18,437.14,441.63,1451
FICO,09/02/2022,444.84,452.40,435.67,439.78,1651
FICO,09/01/2022,445.00,446.76,435.81,442.82,1663
FICO,08/31/2022,456.19,463.30,445.02,449.40,1997
FICO,08/30/2022,466.39,468.24,452.53,455.83,1490
FICO,08/29/2022,471.85,476.44,461.81,462.54,1152
FICO,08/26/2022,483.39,485.87,472.91,476.85,1009
FICO,08/25/2022,478.16,487.08,478.02,485.58,726
FICO,08/24/2022,476.13,482.98,472.34,478.72,1019
FICO,08/23/2022,475.51,482.05,475.51,476.13,651
FICO,08/22/2022,479.48,482.74,475.08,477.92,1204
FICO,08/19/2022,495.48,497.19,486.89,489.79,1464
FICO,08/18/2022,501.61,502.96,494.68,497.38,1097
FICO,08/17/2022,493.28,502.38,493.28,499.18,1016
FICO,08/16/2022,489.79,501.75,489.16,501.49,1301
FICO,08/15/2022,491.13,495.90,489.30,489.79,1139
FICO,08/12/2022,490.07,491.43,484.30,490.75,826
FICO,08/11/2022,503.88,506.01,485.61,486.23,1352
FICO,08/10/2022,498.42,507.99,495.39,501.11,1541
FICO,08/09/2022,489.51,492.68,485.42,490.58,1640
FICO,08/08/2022,483.03,491.52,482.47,489.84,1891
FICO,08/05/2022,472.55,489.64,470.29,482.47,1396
FICO,08/04/2022,480.00,480.00,469.95,475.40,2340
FICO,08/03/2022,465.00,476.17,462.83,470.46,1401
FICO,08/02/2022,458.32,464.23,450.37,462.60,1020
FICO,08/01/2022,458.13,463.87,454.21,460.70,1159
FICO,07/29/2022,455.03,463.33,448.73,462.03,1388
FICO,07/28/2022,436.73,457.13,434.75,456.27,1149
FICO,07/27/2022,429.44,438.84,429.44,437.67,2312
FICO,07/26/2022,471.94,471.94,424.00,427.62,3405
FICO,07/25/2022,465.88,471.27,462.47,469.70,2848
FICO,07/22/2022,464.96,468.40,459.40,467.65,994
FICO,07/21/2022,446.13,467.49,445.07,466.22,2776
FICO,07/20/2022,444.32,451.02,441.48,450.00,1924
FICO,07/19/2022,431.30,441.17,429.42,440.43,1774
FICO,07/18/2022,431.56,436.12,424.56,425.40,997
FICO,07/15/2022,423.35,429.06,421.29,428.30,1103
FICO,07/14/2022,409.98,421.69,403.09,419.50,1230
FICO,07/13/2022,406.32,419.27,403.32,416.32,1757
FICO,07/12/2022,421.59,423.48,410.71,412.13,1211
FICO,07/11/2022,417.47,421.66,412.80,417.82,1164
FICO,07/08/2022,421.12,423.62,413.36,418.85,1253
FICO,07/07/2022,419.54,424.58,417.14,423.61,1274
FICO,07/06/2022,413.87,423.95,410.50,419.00,1577
FICO,07/05/2022,404.88,412.66,398.79,411.33,1256
FICO,07/01/2022,398.33,408.69,397.41,408.26,1159
FICO,06/30/2022,399.73,405.67,390.24,400.90,1797
FICO,06/29/2022,401.60,402.68,393.51,401.06,949
FICO,06/28/2022,416.84,418.41,401.12,401.36,1176
FICO,06/27/2022,417.73,419.93,411.10,415.03,1533
FICO,06/24/2022,406.67,417.55,404.79,416.15,2304
FICO,06/23/2022,388.41,402.95,385.01,402.24,1502
FICO,06/22/2022,381.91,390.84,377.23,386.63,1683
FICO,06/21/2022,384.44,387.91,373.53,385.01,1911
FICO,06/17/2022,375.27,379.79,373.15,379.03,3889
FICO,06/16/2022,384.50,389.99,371.52,374.79,2671
FICO,06/15/2022,383.72,399.87,383.42,395.80,2531
FICO,06/14/2022,382.81,386.73,377.13,379.41,2077
FICO,06/13/2022,389.34,392.62,378.45,381.14,1962
FICO,06/10/2022,398.27,406.33,395.63,401.81,2093
FICO,06/09/2022,404.19,415.01,404.00,404.83,1495
FICO,06/08/2022,420.59,422.76,407.41,408.48,1509
FICO,06/07/2022,411.78,422.79,409.60,421.88,1415
FICO,06/06/2022,424.40,425.07,412.75,416.59,2180
FICO,06/03/2022,415.08,421.47,411.58,420.45,1595
FICO,06/02/2022,403.57,420.69,401.85,419.56,2747
FICO,06/01/2022,412.20,416.63,401.86,406.25,2396
FICO,05/31/2022,406.96,411.47,398.26,409.55,5197
FICO,05/27/2022,406.41,410.93,397.96,410.92,2632
FICO,05/26/2022,399.00,404.17,398.13,401.62,2527
FICO,05/25/2022,389.16,399.11,386.48,398.10,2844
FICO,05/24/2022,394.59,397.38,389.14,390.84,2983
FICO,05/23/2022,399.26,403.13,391.35,398.72,3133
FICO,05/20/2022,376.72,395.43,376.70,395.42,3617
FICO,05/19/2022,375.73,385.56,372.26,378.72,3878
FICO,05/18/2022,371.53,378.48,371.29,375.63,3320
FICO,05/17/2022,369.17,380.62,369.07,379.60,2523
FICO,05/16/2022,359.43,370.07,357.60,364.40,2271
FICO,05/13/2022,356.64,365.70,352.81,361.53,1897
FICO,05/12/2022,347.24,357.77,346.66,352.73,2446
FICO,05/11/2022,353.45,364.31,349.17,351.09,2500
FICO,05/10/2022,347.73,362.04,345.44,358.41,3571
FICO,05/09/2022,345.65,350.62,340.48,341.44,3027
FICO,05/06/2022,354.51,357.25,345.30,349.89,4500
FICO,05/05/2022,374.76,376.13,360.63,362.67,1903
FICO,05/04/2022,370.22,380.63,361.77,378.42,3325
FICO,05/03/2022,374.41,376.95,369.10,370.52,3463
FICO,05/02/2022,373.11,377.22,367.33,374.09,6323
FICO,04/29/2022,381.53,381.53,372.98,373.51,3127
FICO,04/28/2022,395.97,400.00,372.89,385.38,6944
FICO,04/27/2022,372.05,376.91,368.85,375.28,4559
FICO,04/26/2022,384.00,384.00,367.45,369.34,4983
FICO,04/25/2022,380.00,390.24,378.07,386.50,3930
FICO,04/22/2022,386.91,389.05,381.74,382.60,1912
FICO,04/21/2022,412.42,412.42,384.44,386.67,3185
FICO,04/20/2022,413.45,416.37,405.20,408.09,2196
FICO,04/19/2022,402.87,414.53,402.78,409.55,3143
FICO,04/18/2022,413.33,414.77,403.45,404.74,1963
FICO,04/14/2022,417.80,417.92,411.62,413.72,1414
FICO,04/13/2022,405.00,416.37,402.56,414.98,1775
FICO,04/12/2022,416.84,417.45,405.49,407.40,2203
FICO,04/11/2022,414.23,416.80,409.54,411.01,2496
FICO,04/08/2022,419.59,429.14,418.16,418.75,2195
FICO,04/07/2022,417.63,426.18,414.48,421.18,2736
FICO,04/06/2022,437.09,437.27,414.55,419.10,4410
FICO,04/05/2022,450.46,453.49,437.38,439.91,3496
FICO,04/04/2022,450.88,459.45,450.88,452.43,1539
FICO,04/01/2022,466.05,468.67,447.60,449.29,3463
FICO,03/31/2022,473.35,475.86,466.30,466.46,2542
FICO,03/30/2022,476.03,479.91,472.03,476.96,1727
FICO,03/29/2022,469.32,480.99,468.91,479.36,2345
FICO,03/28/2022,457.44,464.44,454.07,462.39,2163
FICO,03/25/2022,468.49,469.12,455.60,457.50,2993
FICO,03/24/2022,464.55,465.63,459.50,465.17,1453
FICO,03/23/2022,478.70,478.70,464.11,464.42,1904
FICO,03/22/2022,484.69,489.12,483.11,484.79,2314
FICO,03/21/2022,487.89,491.33,473.74,483.73,2094
FICO,03/18/2022,474.95,492.53,470.60,491.65,5583
FICO,03/17/2022,482.87,487.17,477.64,480.20,2768
FICO,03/16/2022,483.70,488.36,467.65,483.72,2244
FICO,03/15/2022,468.52,479.72,465.91,478.68,2259
FICO,03/14/2022,462.15,479.15,460.11,466.03,2657
FICO,03/11/2022,484.59,484.59,462.33,463.18,1421
FICO,03/10/2022,478.06,486.98,476.82,481.61,1815
FICO,03/09/2022,476.54,492.02,473.72,485.92,2413
FICO,03/08/2022,475.14,487.41,468.56,468.91,2932
FICO,03/07/2022,489.31,497.77,476.39,477.02,2540
FICO,03/04/2022,483.52,502.72,480.60,497.23,3267
FICO,03/03/2022,495.29,495.29,481.56,481.97,1726
FICO,03/02/2022,477.23,492.49,474.06,490.00,1780
FICO,03/01/2022,471.18,483.39,465.06,475.46,3244
FICO,02/28/2022,467.30,479.82,464.27,471.19,3963
FICO,02/25/2022,468.61,473.86,461.49,473.39,1857
FICO,02/24/2022,435.90,473.40,435.42,472.45,2596
FICO,02/23/2022,488.69,488.69,453.73,454.80,3781
FICO,02/22/2022,493.28,495.29,483.43,485.16,2181
FICO,02/18/2022,507.79,513.41,495.51,498.20,2269
FICO,02/17/2022,505.50,512.79,498.19,508.93,1942
FICO,02/16/2022,512.64,514.74,503.31,511.56,1884
FICO,02/15/2022,513.53,522.68,510.06,517.93,1438
FICO,02/14/2022,515.04,526.85,508.53,512.40,2211
