FND,06/23/2023,96.67,99.98,95.27,98.97,3867
FND,06/22/2023,96.03,96.46,94.36,95.72,7934
FND,06/21/2023,96.14,96.93,94.21,96.18,10447
FND,06/20/2023,95.27,96.43,94.22,96.02,9086
FND,06/16/2023,97.36,97.84,95.68,96.26,8782
FND,06/15/2023,95.99,97.43,94.64,97.07,6628
FND,06/14/2023,98.03,99.22,95.73,96.14,8882
FND,06/13/2023,97.50,99.50,97.38,97.94,7271
FND,06/12/2023,94.34,97.41,94.01,96.95,13119
FND,06/09/2023,97.28,97.28,95.41,96.00,10387
FND,06/08/2023,98.17,98.88,96.23,96.55,8554
FND,06/07/2023,94.50,99.17,93.58,97.74,25537
FND,06/06/2023,90.59,93.78,90.26,92.98,13151
FND,06/05/2023,93.13,93.13,90.92,91.12,12814
FND,06/02/2023,93.10,95.00,92.28,94.17,10392
FND,06/01/2023,90.96,93.12,89.29,92.47,9538
FND,05/31/2023,92.96,93.35,89.77,91.31,10998
FND,05/30/2023,92.99,93.61,91.72,92.88,8430
FND,05/26/2023,88.50,92.03,88.03,91.79,9096
FND,05/25/2023,90.70,91.88,88.31,88.44,8519
FND,05/24/2023,90.84,91.09,87.93,90.13,8223
FND,05/23/2023,89.92,91.89,88.77,90.71,12089
FND,05/22/2023,88.06,90.95,87.96,90.57,10140
FND,05/19/2023,90.61,90.61,87.45,88.45,13060
FND,05/18/2023,91.41,91.67,90.11,91.08,9527
FND,05/17/2023,89.24,91.60,88.58,91.37,13174
FND,05/16/2023,89.87,90.65,87.86,89.07,21807
FND,05/15/2023,92.12,92.73,91.32,92.28,9424
FND,05/12/2023,93.28,93.97,91.89,92.57,11747
FND,05/11/2023,93.61,93.83,91.92,93.16,8306
FND,05/10/2023,92.36,93.20,90.73,92.65,12182
FND,05/09/2023,92.00,92.82,90.84,91.73,13414
FND,05/08/2023,92.30,93.00,90.60,92.05,12842
FND,05/05/2023,91.05,94.10,87.62,92.44,48342
FND,05/04/2023,97.50,100.13,96.57,97.32,16238
FND,05/03/2023,99.50,101.31,97.32,97.55,15765
FND,05/02/2023,99.60,100.30,97.65,99.47,8396
FND,05/01/2023,98.84,99.79,98.37,99.66,10042
FND,04/28/2023,97.00,99.70,96.68,99.34,8402
FND,04/27/2023,94.48,96.49,94.11,96.40,20013
FND,04/26/2023,98.09,98.52,93.35,93.85,20727
FND,04/25/2023,99.07,99.62,97.08,97.13,12335
FND,04/24/2023,98.85,99.44,97.92,98.90,8167
FND,04/21/2023,99.22,99.56,97.18,98.39,11207
FND,04/20/2023,98.30,100.15,98.21,98.91,9808
FND,04/19/2023,99.52,99.67,98.18,99.34,9705
FND,04/18/2023,99.24,101.39,98.66,100.48,28483
FND,04/17/2023,98.46,98.79,97.17,98.01,11859
FND,04/14/2023,98.26,99.77,97.93,98.41,8151
FND,04/13/2023,96.95,98.97,96.25,98.22,9785
FND,04/12/2023,99.55,100.00,96.11,96.41,9971
FND,04/11/2023,98.55,99.20,97.29,98.70,10235
FND,04/10/2023,91.78,98.37,91.63,97.74,15034
FND,04/06/2023,92.58,92.79,90.44,92.38,15682
FND,04/05/2023,97.16,97.57,92.70,93.32,16028
FND,04/04/2023,99.37,99.37,97.59,98.15,11387
FND,04/03/2023,97.62,98.73,96.35,98.63,11422
FND,03/31/2023,95.30,98.43,94.92,98.22,12284
FND,03/30/2023,95.44,96.06,94.24,94.70,14768
FND,03/29/2023,94.21,94.55,92.78,94.45,7906
FND,03/28/2023,91.95,93.72,91.56,93.41,10378
FND,03/27/2023,93.41,93.82,90.15,92.39,9705
FND,03/24/2023,91.00,93.37,90.55,93.09,8711
FND,03/23/2023,93.20,93.62,90.31,91.92,11684
FND,03/22/2023,93.98,95.24,92.21,92.30,9571
FND,03/21/2023,93.49,96.12,93.49,93.76,14152
FND,03/20/2023,91.82,94.09,91.41,92.43,13839
FND,03/17/2023,90.72,91.94,89.46,91.52,17832
FND,03/16/2023,88.23,91.13,88.16,90.58,13619
FND,03/15/2023,87.28,89.42,86.67,88.75,9607
FND,03/14/2023,90.48,91.14,87.62,88.98,17003
FND,03/13/2023,85.41,89.74,85.08,88.85,22461
FND,03/10/2023,85.85,88.25,83.99,86.75,22815
FND,03/09/2023,88.57,90.07,85.51,85.73,11941
FND,03/08/2023,88.11,89.07,87.26,88.78,17027
FND,03/07/2023,89.67,90.54,87.78,87.83,10413
FND,03/06/2023,91.54,92.51,89.09,89.68,8996
FND,03/03/2023,89.16,91.50,88.46,91.28,9113
FND,03/02/2023,86.72,89.01,86.13,88.39,8842
FND,03/01/2023,91.34,92.11,88.08,88.47,13764
FND,02/28/2023,90.43,92.56,89.19,91.81,15946
FND,02/27/2023,92.24,92.77,90.00,90.38,11718
FND,02/24/2023,94.00,94.99,88.78,91.00,30101
FND,02/23/2023,89.33,91.17,88.24,90.83,17363
FND,02/22/2023,88.84,90.83,88.62,89.11,10835
FND,02/21/2023,90.88,92.45,87.34,88.14,23446
FND,02/17/2023,96.18,96.71,92.87,94.50,18555
FND,02/16/2023,94.97,100.19,94.85,97.72,15903
FND,02/15/2023,98.90,101.17,98.19,100.61,11999
FND,02/14/2023,96.62,100.46,95.14,100.20,10369
FND,02/13/2023,94.43,99.38,93.56,98.13,12548
FND,02/10/2023,97.01,97.45,93.95,94.11,18563
FND,02/09/2023,100.55,101.50,98.75,98.96,14850
FND,02/08/2023,99.21,99.61,98.00,99.00,13157
FND,02/07/2023,98.52,101.10,97.12,100.85,20303
FND,02/06/2023,97.80,101.02,97.45,99.84,17007
FND,02/03/2023,96.52,100.91,96.52,99.79,21729
FND,02/02/2023,99.12,102.61,97.00,100.28,36120
FND,02/01/2023,90.80,95.71,89.53,95.37,16930
FND,01/31/2023,85.65,90.80,85.65,90.77,14020
FND,01/30/2023,85.66,87.04,84.99,85.27,12751
FND,01/27/2023,83.35,88.62,83.01,86.83,18110
FND,01/26/2023,89.38,90.96,84.52,84.72,18678
FND,01/25/2023,85.32,89.06,83.71,88.50,13763
FND,01/24/2023,87.00,87.79,85.87,87.22,6221
FND,01/23/2023,83.96,87.45,83.83,87.32,14489
FND,01/20/2023,79.79,83.85,78.18,83.69,17313
FND,01/19/2023,83.42,83.82,79.89,80.05,14913
FND,01/18/2023,85.50,88.50,85.11,85.22,17694
FND,01/17/2023,83.81,84.26,81.61,83.99,16313
FND,01/13/2023,85.14,88.72,84.78,84.80,14729
FND,01/12/2023,85.39,87.13,83.47,86.58,18779
FND,01/11/2023,81.74,84.37,80.84,84.30,15664
FND,01/10/2023,78.85,80.80,78.29,80.42,10438
FND,01/09/2023,78.10,80.38,77.87,79.00,18115
FND,01/06/2023,75.76,77.28,74.41,77.10,15717
FND,01/05/2023,73.92,75.40,72.83,75.00,13024
FND,01/04/2023,74.00,75.85,72.50,75.50,12880
FND,01/03/2023,71.36,72.56,69.12,72.35,19173
FND,12/30/2022,69.41,70.24,69.01,69.63,11970
FND,12/29/2022,69.00,71.78,68.83,70.99,10029
FND,12/28/2022,69.79,70.19,68.29,68.30,16553
FND,12/27/2022,70.98,71.20,69.29,69.79,21569
FND,12/23/2022,71.00,71.91,69.61,71.47,10318
FND,12/22/2022,71.00,71.44,69.75,71.13,15029
FND,12/21/2022,72.40,73.39,71.69,72.49,12542
FND,12/20/2022,69.58,72.18,69.51,71.17,16544
FND,12/19/2022,74.89,75.21,70.60,70.91,14065
FND,12/16/2022,76.19,76.85,74.03,75.13,15259
FND,12/15/2022,77.47,78.71,75.67,77.39,22075
FND,12/14/2022,78.25,81.98,77.71,79.48,24888
FND,12/13/2022,81.01,82.19,77.83,78.61,19239
FND,12/12/2022,76.55,76.55,74.28,75.83,12109
FND,12/09/2022,74.83,77.04,74.43,75.80,9926
FND,12/08/2022,74.18,76.06,73.96,75.86,11811
FND,12/07/2022,72.13,74.73,71.74,74.65,10652
FND,12/06/2022,75.98,76.47,69.81,72.04,14432
FND,12/05/2022,75.36,76.17,73.90,74.32,10997
FND,12/02/2022,75.55,77.40,75.02,77.12,6228
FND,12/01/2022,75.85,78.24,75.33,77.84,12681
FND,11/30/2022,71.45,74.74,69.35,74.63,17683
FND,11/29/2022,70.39,71.95,69.74,71.30,13376
FND,11/28/2022,73.23,74.56,70.86,70.91,9964
FND,11/25/2022,73.66,74.85,73.11,74.12,4600
FND,11/23/2022,75.59,75.81,73.76,74.03,8374
FND,11/22/2022,74.54,76.71,73.51,75.26,12377
FND,11/21/2022,72.50,73.85,71.56,73.39,10130
FND,11/18/2022,76.53,76.53,71.61,72.90,11696
FND,11/17/2022,75.67,76.47,73.19,74.63,11691
FND,11/16/2022,77.46,78.79,75.96,77.77,9173
FND,11/15/2022,78.70,80.78,76.28,79.50,21394
FND,11/14/2022,81.54,82.20,77.42,77.47,16629
FND,11/11/2022,79.28,84.26,78.94,82.23,24750
FND,11/10/2022,75.87,81.12,73.88,79.31,33985
FND,11/09/2022,69.96,70.36,68.57,69.20,17151
FND,11/08/2022,72.21,72.69,68.64,71.07,13352
FND,11/07/2022,69.85,71.58,67.00,70.69,16312
FND,11/04/2022,68.94,70.36,65.14,69.50,27466
FND,11/03/2022,64.11,68.08,63.51,67.65,32712
FND,11/02/2022,70.56,70.56,65.36,65.57,30911
FND,11/01/2022,75.47,75.47,71.26,71.28,14733
FND,10/31/2022,73.77,74.83,73.00,73.37,10726
FND,10/28/2022,70.82,75.07,70.29,74.77,15631
FND,10/27/2022,73.76,74.25,71.12,71.63,17714
FND,10/26/2022,74.00,77.30,73.04,73.27,14833
FND,10/25/2022,70.00,74.90,70.00,74.64,22356
FND,10/24/2022,67.44,69.45,66.05,69.41,11242
FND,10/21/2022,64.69,67.55,63.77,67.24,13800
FND,10/20/2022,66.17,68.45,64.20,64.72,10315
FND,10/19/2022,69.21,69.53,65.79,66.59,15440
FND,10/18/2022,73.54,74.96,70.39,70.96,12628
FND,10/17/2022,69.04,71.35,69.03,70.64,12574
FND,10/14/2022,71.32,73.68,67.02,67.29,22744
FND,10/13/2022,68.27,71.13,65.10,70.13,18018
FND,10/12/2022,70.06,71.06,67.60,70.79,21370
FND,10/11/2022,70.04,71.70,68.21,70.01,24910
FND,10/10/2022,70.21,71.38,68.41,70.15,12313
FND,10/07/2022,72.07,72.56,69.75,70.00,13039
FND,10/06/2022,74.04,75.84,73.51,73.95,10136
FND,10/05/2022,72.52,74.90,71.66,74.03,10910
FND,10/04/2022,75.00,76.49,73.94,74.54,18379
FND,10/03/2022,70.85,73.48,70.00,72.69,20641
FND,09/30/2022,70.66,72.40,68.72,70.26,16959
FND,09/29/2022,74.36,75.02,69.62,71.15,19342
FND,09/28/2022,72.35,76.86,72.35,76.56,23968
FND,09/27/2022,71.62,73.33,69.34,71.49,14983
FND,09/26/2022,70.10,72.48,68.24,69.25,12373
FND,09/23/2022,68.10,70.35,67.74,70.18,14122
FND,09/22/2022,72.66,72.85,68.53,69.64,17001
FND,09/21/2022,75.86,77.48,73.50,73.54,22164
FND,09/20/2022,77.94,78.51,74.99,75.35,16451
FND,09/19/2022,79.12,81.07,78.66,79.56,11598
FND,09/16/2022,78.75,80.21,77.07,79.87,11464
FND,09/15/2022,81.09,83.65,79.53,80.19,8997
FND,09/14/2022,81.35,82.21,78.67,80.87,12605
FND,09/13/2022,82.56,82.80,80.16,80.61,12396
FND,09/12/2022,85.31,87.67,85.05,87.04,13306
FND,09/09/2022,82.14,85.06,82.09,84.62,9497
FND,09/08/2022,80.37,82.25,79.59,82.18,8019
FND,09/07/2022,77.20,81.85,77.20,81.73,10256
FND,09/06/2022,80.33,80.47,76.19,76.77,12119
FND,09/02/2022,82.98,83.36,79.40,80.03,10804
FND,09/01/2022,80.65,82.57,78.35,81.69,18167
FND,08/31/2022,83.67,83.67,79.95,81.36,18244
FND,08/30/2022,84.82,85.94,81.71,82.91,8074
FND,08/29/2022,83.65,84.46,82.73,83.23,7783
FND,08/26/2022,89.67,89.90,83.90,84.73,13639
FND,08/25/2022,89.54,90.60,88.46,89.25,7119
FND,08/24/2022,88.73,90.27,87.63,88.86,7269
FND,08/23/2022,87.82,89.60,87.75,88.62,8094
FND,08/22/2022,89.96,90.23,87.45,87.58,10051
FND,08/19/2022,93.77,94.15,90.88,92.01,14384
FND,08/18/2022,95.46,97.27,94.33,95.80,9644
FND,08/17/2022,97.14,97.51,93.67,95.88,21333
FND,08/16/2022,94.57,102.15,94.57,99.46,21380
FND,08/15/2022,93.46,96.06,93.18,95.75,11302
FND,08/12/2022,89.89,94.16,88.38,94.03,11430
FND,08/11/2022,92.05,92.97,88.67,89.14,9558
FND,08/10/2022,89.42,93.21,89.27,90.76,14231
FND,08/09/2022,91.54,91.89,84.69,86.47,21298
FND,08/08/2022,92.57,96.94,91.96,92.25,21467
FND,08/05/2022,84.87,93.15,84.50,92.92,33686
FND,08/04/2022,83.69,84.74,81.24,81.86,21021
FND,08/03/2022,81.75,84.32,81.04,83.68,14263
FND,08/02/2022,79.75,82.37,79.75,80.67,9691
FND,08/01/2022,80.27,82.38,78.78,81.01,16148
FND,07/29/2022,77.18,80.78,75.59,80.57,15088
FND,07/28/2022,73.96,79.14,73.95,79.07,18251
FND,07/27/2022,71.62,74.10,70.11,73.99,14724
FND,07/26/2022,72.81,72.81,70.13,70.85,23126
FND,07/25/2022,76.93,76.98,74.26,74.96,10339
FND,07/22/2022,78.12,79.59,76.56,77.10,7538
FND,07/21/2022,76.91,78.09,75.74,77.50,8479
FND,07/20/2022,76.25,77.51,75.52,77.09,9927
FND,07/19/2022,75.09,77.05,74.12,76.39,15265
FND,07/18/2022,74.74,76.56,74.62,74.90,12878
FND,07/15/2022,74.12,74.58,72.81,74.36,12185
FND,07/14/2022,72.91,73.31,71.15,72.42,10927
FND,07/13/2022,71.50,74.75,70.30,74.05,13470
FND,07/12/2022,71.86,74.90,71.27,72.19,22194
FND,07/11/2022,71.18,72.40,70.33,71.47,11778
FND,07/08/2022,71.74,72.17,69.62,71.61,12491
FND,07/07/2022,69.75,72.56,69.64,72.50,12500
FND,07/06/2022,71.65,73.06,68.11,69.20,12439
FND,07/05/2022,63.84,71.66,63.09,71.55,18585
FND,07/01/2022,63.15,65.10,62.65,64.97,10640
FND,06/30/2022,64.46,65.10,60.97,62.96,22481
FND,06/29/2022,67.73,67.73,65.01,66.27,14630
FND,06/28/2022,73.43,73.98,67.33,67.53,24339
FND,06/27/2022,71.78,72.19,70.22,71.96,21564
FND,06/24/2022,69.85,73.00,69.79,72.95,16288
FND,06/23/2022,64.12,69.50,64.11,69.14,22708
FND,06/22/2022,63.60,65.08,63.58,64.23,23035
FND,06/21/2022,65.44,66.60,64.60,64.90,13952
FND,06/17/2022,61.51,64.22,61.20,63.54,17170
FND,06/16/2022,64.42,64.76,59.91,61.19,15923
FND,06/15/2022,67.00,68.85,65.23,67.06,10330
FND,06/14/2022,66.79,67.93,65.08,65.97,10657
FND,06/13/2022,68.56,68.99,65.65,66.10,16222
FND,06/10/2022,73.48,73.71,70.94,71.10,18919
FND,06/09/2022,74.57,76.48,73.81,75.23,7974
FND,06/08/2022,74.79,75.51,74.03,75.13,10466
FND,06/07/2022,74.59,77.09,74.32,76.36,8974
FND,06/06/2022,77.80,78.46,76.02,76.96,9683
FND,06/03/2022,76.65,77.83,75.87,77.08,7516
FND,06/02/2022,75.50,78.92,74.96,78.50,8596
FND,06/01/2022,75.61,76.57,74.61,75.39,11603
FND,05/31/2022,76.89,77.73,74.44,75.44,13465
FND,05/27/2022,75.77,78.14,75.77,77.92,14703
FND,05/26/2022,72.85,75.42,72.76,74.74,14814
FND,05/25/2022,66.15,71.95,66.00,71.29,14418
FND,05/24/2022,68.11,68.64,65.85,67.12,14984
FND,05/23/2022,68.83,69.69,66.73,69.67,15728
FND,05/20/2022,69.41,69.41,65.12,68.63,13970
FND,05/19/2022,68.01,71.25,67.76,68.33,12080
FND,05/18/2022,70.00,70.91,67.32,69.14,16474
FND,05/17/2022,72.73,74.50,69.65,72.10,12514
FND,05/16/2022,70.91,71.55,68.47,69.80,12671
FND,05/13/2022,71.74,73.53,70.72,71.47,10259
FND,05/12/2022,66.71,73.34,66.68,70.87,21567
FND,05/11/2022,72.44,74.39,67.89,68.05,12687
FND,05/10/2022,73.56,75.00,70.43,73.04,16063
FND,05/09/2022,72.90,77.53,71.88,72.54,17971
FND,05/06/2022,80.00,80.78,73.38,75.18,27312
FND,05/05/2022,84.93,85.86,78.09,79.46,21813
FND,05/04/2022,83.36,87.83,81.66,87.11,14511
FND,05/03/2022,83.57,84.99,82.58,83.57,10225
FND,05/02/2022,78.84,84.30,78.63,84.17,12362
FND,04/29/2022,83.83,85.21,79.52,79.72,11032
FND,04/28/2022,83.03,85.22,79.96,84.97,10609
FND,04/27/2022,81.51,83.94,80.10,80.97,13583
FND,04/26/2022,79.64,83.18,78.41,81.02,20664
FND,04/25/2022,79.42,81.37,77.85,81.10,11899
FND,04/22/2022,83.81,84.13,79.18,79.50,12270
FND,04/21/2022,88.60,89.23,83.58,84.41,12111
FND,04/20/2022,87.00,87.68,85.62,87.14,11343
FND,04/19/2022,80.58,86.75,80.58,86.16,13457
FND,04/18/2022,82.80,83.03,78.62,80.15,16466
FND,04/14/2022,84.72,85.74,83.12,83.15,9901
FND,04/13/2022,81.98,86.00,81.70,84.72,9913
FND,04/12/2022,84.56,87.05,81.72,82.18,17902
FND,04/11/2022,80.37,83.55,80.12,83.04,12678
FND,04/08/2022,81.17,83.70,80.15,81.73,11292
FND,04/07/2022,80.56,82.67,79.41,82.18,15629
FND,04/06/2022,81.45,83.00,79.91,82.80,16116
FND,04/05/2022,84.54,85.65,81.94,82.88,23466
FND,04/04/2022,79.80,84.12,79.38,84.06,16135
FND,04/01/2022,81.64,82.39,79.40,80.18,19033
FND,03/31/2022,86.95,87.19,80.53,81.00,25192
FND,03/30/2022,92.28,93.40,86.78,87.18,14099
FND,03/29/2022,91.82,95.19,91.29,94.06,9606
FND,03/28/2022,87.89,89.90,86.74,89.71,10078
FND,03/25/2022,92.08,92.08,87.15,88.02,11691
FND,03/24/2022,93.74,94.09,89.17,91.30,16743
FND,03/23/2022,97.23,97.45,92.97,93.59,10454
FND,03/22/2022,99.27,100.83,98.00,98.50,7782
FND,03/21/2022,103.89,104.83,98.52,99.43,7773
FND,03/18/2022,100.53,103.78,100.53,103.64,6887
FND,03/17/2022,98.24,102.06,98.24,101.44,8689
FND,03/16/2022,98.70,100.11,95.84,99.18,10766
FND,03/15/2022,92.13,96.60,91.96,95.99,10016
FND,03/14/2022,91.75,93.97,89.30,91.00,9769
FND,03/11/2022,92.38,93.58,91.05,91.36,8460
FND,03/10/2022,87.23,92.84,86.50,92.47,10742
FND,03/09/2022,88.52,90.42,88.25,88.26,8871
FND,03/08/2022,84.04,89.44,83.20,86.44,7987
FND,03/07/2022,93.02,93.22,83.93,84.04,15045
FND,03/04/2022,94.22,95.70,92.20,92.82,11757
FND,03/03/2022,99.05,99.50,94.06,95.23,10514
FND,03/02/2022,95.38,98.30,94.17,97.77,8436
FND,03/01/2022,95.32,97.68,94.10,94.96,13330
FND,02/28/2022,96.93,98.31,93.88,95.62,11133
FND,02/25/2022,98.89,99.45,94.57,98.84,20692
FND,02/24/2022,86.20,94.38,85.25,93.85,26223
FND,02/23/2022,95.13,95.64,90.18,90.23,19007
FND,02/22/2022,97.10,98.54,92.55,93.92,24397
FND,02/18/2022,100.49,102.22,97.97,98.82,10276
FND,02/17/2022,104.91,106.06,98.70,99.68,14652
FND,02/16/2022,107.88,107.95,104.94,106.33,11132
FND,02/15/2022,106.50,108.41,105.82,108.07,5201
FND,02/14/2022,106.38,108.29,103.45,104.85,11279
