FOXA,06/23/2023,32.73,32.76,32.56,32.69,4845
FOXA,06/22/2023,33.10,33.13,32.70,32.90,41664
FOXA,06/21/2023,33.25,33.44,33.01,33.19,36186
FOXA,06/20/2023,33.61,33.69,32.97,33.25,56298
FOXA,06/16/2023,33.73,34.04,33.47,33.64,90793
FOXA,06/15/2023,33.23,33.87,33.13,33.67,49473
FOXA,06/14/2023,33.45,33.91,33.15,33.29,40935
FOXA,06/13/2023,33.73,33.86,33.24,33.31,39397
FOXA,06/12/2023,33.51,33.79,33.28,33.49,29824
FOXA,06/09/2023,33.86,33.97,33.45,33.54,49064
FOXA,06/08/2023,33.41,33.87,33.26,33.84,38105
FOXA,06/07/2023,32.79,33.54,32.66,33.35,48087
FOXA,06/06/2023,32.07,32.74,31.94,32.54,31824
FOXA,06/05/2023,31.84,32.25,31.78,32.19,34322
FOXA,06/02/2023,31.56,32.01,31.51,31.87,34524
FOXA,06/01/2023,31.28,31.61,30.95,31.31,37074
FOXA,05/31/2023,31.36,31.48,30.95,31.20,78980
FOXA,05/30/2023,31.37,31.65,31.22,31.48,45182
FOXA,05/26/2023,31.21,31.61,31.13,31.40,30648
FOXA,05/25/2023,30.80,31.38,30.78,31.07,34777
FOXA,05/24/2023,31.33,31.48,30.97,31.03,27903
FOXA,05/23/2023,31.32,31.82,31.32,31.35,29274
FOXA,05/22/2023,31.55,31.69,31.16,31.31,27478
FOXA,05/19/2023,31.14,31.46,31.06,31.34,38498
FOXA,05/18/2023,31.39,31.61,30.74,31.09,41807
FOXA,05/17/2023,30.74,31.42,30.57,31.38,38964
FOXA,05/16/2023,30.96,31.08,30.51,30.53,32573
FOXA,05/15/2023,30.77,31.09,30.48,31.01,31549
FOXA,05/12/2023,30.38,30.86,30.22,30.72,45918
FOXA,05/11/2023,30.83,31.04,30.22,30.67,55608
FOXA,05/10/2023,31.92,32.08,30.68,31.19,53783
FOXA,05/09/2023,32.41,33.16,31.58,31.68,62819
FOXA,05/08/2023,32.00,32.33,31.84,32.17,44019
FOXA,05/05/2023,31.42,32.11,31.38,31.97,30173
FOXA,05/04/2023,32.00,32.01,31.10,31.16,61692
FOXA,05/03/2023,33.16,33.43,32.62,32.70,34333
FOXA,05/02/2023,33.15,33.18,32.51,33.06,26636
FOXA,05/01/2023,33.14,33.67,33.14,33.30,25056
FOXA,04/28/2023,32.70,33.49,32.69,33.26,36445
FOXA,04/27/2023,32.51,32.88,31.87,32.86,47997
FOXA,04/26/2023,32.34,32.88,32.33,32.47,32058
FOXA,04/25/2023,32.46,32.89,32.15,32.44,41278
FOXA,04/24/2023,33.52,33.83,31.80,32.64,110607
FOXA,04/21/2023,33.55,33.65,32.97,33.62,30203
FOXA,04/20/2023,33.70,34.00,33.51,33.70,27134
FOXA,04/19/2023,33.48,33.99,32.76,33.84,42316
FOXA,04/18/2023,34.13,34.23,33.70,34.00,32795
FOXA,04/17/2023,33.44,34.08,33.43,33.99,22485
FOXA,04/14/2023,33.72,33.99,33.13,33.41,22207
FOXA,04/13/2023,33.83,34.08,33.79,33.94,22280
FOXA,04/12/2023,34.38,34.59,33.67,33.73,21974
FOXA,04/11/2023,33.92,34.50,33.54,34.19,27296
FOXA,04/10/2023,33.31,34.00,33.31,33.93,21403
FOXA,04/06/2023,33.37,33.65,33.22,33.45,24980
FOXA,04/05/2023,33.57,33.92,33.43,33.74,23558
FOXA,04/04/2023,34.27,34.44,33.63,33.87,23963
FOXA,04/03/2023,34.12,34.37,33.92,34.18,26525
FOXA,03/31/2023,33.80,34.09,33.72,34.05,31931
FOXA,03/30/2023,33.38,33.90,33.38,33.67,20954
FOXA,03/29/2023,33.03,33.33,32.92,33.17,24866
FOXA,03/28/2023,32.82,33.35,32.71,32.76,37176
FOXA,03/27/2023,33.23,34.01,33.22,33.63,32017
FOXA,03/24/2023,33.33,33.48,32.14,33.06,46981
FOXA,03/23/2023,33.47,34.22,33.39,33.67,26765
FOXA,03/22/2023,33.70,34.05,33.30,33.32,27042
FOXA,03/21/2023,33.81,34.08,33.45,33.73,32456
FOXA,03/20/2023,32.72,33.90,32.67,33.43,30374
FOXA,03/17/2023,32.78,33.05,32.63,32.73,48598
FOXA,03/16/2023,32.33,33.05,32.25,32.94,36712
FOXA,03/15/2023,32.26,32.81,32.24,32.52,27242
FOXA,03/14/2023,32.77,33.19,32.50,32.90,29672
FOXA,03/13/2023,32.89,33.03,32.20,32.28,36573
FOXA,03/10/2023,33.13,33.41,32.80,33.14,31402
FOXA,03/09/2023,34.54,34.76,33.22,33.27,26876
FOXA,03/08/2023,34.69,35.01,34.33,34.50,21768
FOXA,03/07/2023,34.80,35.17,34.64,34.69,26265
FOXA,03/06/2023,35.10,35.56,34.74,34.80,27490
FOXA,03/03/2023,35.24,35.33,34.80,34.92,22935
FOXA,03/02/2023,34.75,35.17,34.66,35.11,23146
FOXA,03/01/2023,34.81,35.00,34.63,34.80,21598
FOXA,02/28/2023,35.15,35.64,34.87,35.02,33257
FOXA,02/27/2023,36.05,36.08,35.58,35.68,25220
FOXA,02/24/2023,35.87,36.17,35.70,35.89,20634
FOXA,02/23/2023,36.37,36.74,35.90,36.34,25847
FOXA,02/22/2023,36.15,36.65,36.09,36.51,28707
FOXA,02/21/2023,36.79,37.15,36.14,36.17,28158
FOXA,02/17/2023,36.72,37.26,36.50,37.03,42238
FOXA,02/16/2023,36.67,37.22,36.59,36.73,27716
FOXA,02/15/2023,35.71,37.15,35.61,37.12,28981
FOXA,02/14/2023,35.59,35.96,35.36,35.76,21588
FOXA,02/13/2023,35.85,36.12,35.47,35.69,27114
FOXA,02/10/2023,35.76,36.05,35.49,35.81,35437
FOXA,02/09/2023,36.42,36.42,35.47,35.74,46373
FOXA,02/08/2023,36.32,36.80,35.13,35.54,67920
FOXA,02/07/2023,33.64,34.11,33.22,34.05,24023
FOXA,02/06/2023,34.40,34.40,33.78,33.97,21498
FOXA,02/03/2023,34.80,35.02,34.08,34.60,20808
FOXA,02/02/2023,34.45,35.27,34.20,34.98,18423
FOXA,02/01/2023,33.73,34.52,33.50,34.31,23306
FOXA,01/31/2023,33.66,33.98,33.51,33.94,18801
FOXA,01/30/2023,33.58,33.87,33.49,33.66,18913
FOXA,01/27/2023,33.93,34.08,33.67,33.85,14767
FOXA,01/26/2023,33.54,34.05,33.42,33.96,21748
FOXA,01/25/2023,33.26,34.14,33.04,33.49,50084
FOXA,01/24/2023,32.49,32.85,32.36,32.67,16958
FOXA,01/23/2023,31.60,32.74,31.60,32.67,16055
FOXA,01/20/2023,31.47,31.64,31.23,31.56,18928
FOXA,01/19/2023,31.36,31.46,30.82,31.31,27338
FOXA,01/18/2023,31.77,32.08,31.43,31.48,22492
FOXA,01/17/2023,32.16,32.39,31.66,31.77,17110
FOXA,01/13/2023,31.98,32.35,31.83,32.33,16968
FOXA,01/12/2023,32.19,32.31,31.78,32.21,21169
FOXA,01/11/2023,32.00,32.13,31.48,32.07,23594
FOXA,01/10/2023,31.23,31.91,31.12,31.89,19995
FOXA,01/09/2023,31.77,31.98,31.22,31.27,38682
FOXA,01/06/2023,31.05,31.78,30.95,31.75,19730
FOXA,01/05/2023,31.21,31.21,30.64,30.85,24851
FOXA,01/04/2023,30.55,31.36,30.07,31.28,23989
FOXA,01/03/2023,30.32,30.63,30.01,30.27,26142
FOXA,12/30/2022,30.30,30.46,29.92,30.37,24472
FOXA,12/29/2022,30.34,30.85,30.20,30.56,12484
FOXA,12/28/2022,30.53,30.67,30.06,30.11,12116
FOXA,12/27/2022,30.76,30.80,30.29,30.62,11892
FOXA,12/23/2022,30.48,30.84,30.43,30.76,13845
FOXA,12/22/2022,30.10,30.55,30.01,30.50,16478
FOXA,12/21/2022,30.15,30.51,30.02,30.33,24309
FOXA,12/20/2022,29.49,30.00,29.36,29.95,23704
FOXA,12/19/2022,30.64,30.64,29.26,29.49,20621
FOXA,12/16/2022,30.52,30.88,30.36,30.74,47518
FOXA,12/15/2022,31.41,31.63,30.67,30.70,22412
FOXA,12/14/2022,31.80,32.36,31.59,31.80,19517
FOXA,12/13/2022,32.40,32.76,31.80,32.03,22409
FOXA,12/12/2022,31.28,31.54,30.99,31.53,20134
FOXA,12/09/2022,31.00,31.52,30.79,31.31,15226
FOXA,12/08/2022,30.82,31.60,30.64,31.00,19865
FOXA,12/07/2022,30.89,31.26,30.30,30.70,27111
FOXA,12/06/2022,32.14,32.61,30.78,31.00,33538
FOXA,12/05/2022,32.49,32.74,31.97,32.01,27542
FOXA,12/02/2022,31.74,32.59,31.42,32.55,27426
FOXA,12/01/2022,32.55,32.75,31.67,32.10,28394
FOXA,11/30/2022,31.63,32.47,31.25,32.45,36387
FOXA,11/29/2022,31.17,31.75,31.02,31.72,22646
FOXA,11/28/2022,31.08,31.44,30.85,31.00,19242
FOXA,11/25/2022,31.11,31.31,30.97,31.29,8809
FOXA,11/23/2022,30.80,31.15,30.56,31.08,23733
FOXA,11/22/2022,30.75,30.95,30.54,30.90,17446
FOXA,11/21/2022,31.05,31.16,30.23,30.51,22292
FOXA,11/18/2022,31.00,31.11,30.64,30.93,20804
FOXA,11/17/2022,30.10,30.74,30.09,30.63,19465
FOXA,11/16/2022,30.74,30.76,29.94,30.49,23233
FOXA,11/15/2022,30.76,31.32,30.47,30.75,24490
FOXA,11/14/2022,30.59,31.17,30.39,30.41,35211
FOXA,11/11/2022,29.71,30.70,29.46,30.52,28232
FOXA,11/10/2022,29.35,29.70,29.10,29.44,30640
FOXA,11/09/2022,28.79,28.89,28.07,28.44,33523
FOXA,11/08/2022,28.96,29.86,28.96,29.34,38315
FOXA,11/07/2022,30.17,30.29,28.88,29.14,32891
FOXA,11/04/2022,30.31,30.57,29.16,29.84,36258
FOXA,11/03/2022,29.85,30.19,29.51,29.95,25265
FOXA,11/02/2022,30.17,31.23,30.04,30.05,42244
FOXA,11/01/2022,30.10,31.26,29.46,30.53,41632
FOXA,10/31/2022,28.84,29.00,28.47,28.87,31008
FOXA,10/28/2022,28.30,28.92,28.12,28.84,27917
FOXA,10/27/2022,29.00,29.13,28.01,28.17,35811
FOXA,10/26/2022,29.87,30.14,28.94,28.97,23713
FOXA,10/25/2022,29.51,29.96,29.40,29.84,22993
FOXA,10/24/2022,29.64,29.84,29.09,29.62,37869
FOXA,10/21/2022,29.02,29.74,28.98,29.43,27597
FOXA,10/20/2022,29.26,29.55,28.97,29.01,21312
FOXA,10/19/2022,29.32,29.86,28.85,29.32,40252
FOXA,10/18/2022,29.30,29.91,28.70,29.20,68894
FOXA,10/17/2022,29.74,30.09,28.27,28.58,125432
FOXA,10/14/2022,31.86,32.19,31.39,31.55,21121
FOXA,10/13/2022,30.22,31.81,30.03,31.70,40674
FOXA,10/12/2022,30.69,30.88,30.29,30.49,24604
FOXA,10/11/2022,30.97,31.13,30.41,30.67,22352
FOXA,10/10/2022,31.55,31.80,31.07,31.14,17058
FOXA,10/07/2022,30.90,31.45,30.76,31.37,25273
FOXA,10/06/2022,31.96,32.07,31.03,31.17,36447
FOXA,10/05/2022,31.89,31.99,31.33,31.54,25871
FOXA,10/04/2022,31.41,32.39,31.38,32.23,23397
FOXA,10/03/2022,31.12,31.30,30.57,31.26,25580
FOXA,09/30/2022,30.72,31.36,30.55,30.68,29392
FOXA,09/29/2022,31.08,31.19,30.31,30.51,37847
FOXA,09/28/2022,31.07,31.60,30.80,31.44,17444
FOXA,09/27/2022,31.42,31.87,30.75,30.95,19107
FOXA,09/26/2022,31.50,32.07,31.03,31.12,21797
FOXA,09/23/2022,31.73,31.88,31.17,31.71,24445
FOXA,09/22/2022,32.64,32.73,32.10,32.11,31767
FOXA,09/21/2022,34.27,34.37,32.71,32.72,20667
FOXA,09/20/2022,34.03,34.38,33.74,34.24,22519
FOXA,09/19/2022,33.44,34.38,33.43,34.36,19602
FOXA,09/16/2022,34.54,34.58,33.14,33.67,59299
FOXA,09/15/2022,33.50,34.76,33.43,34.56,31453
FOXA,09/14/2022,33.58,33.63,32.65,33.52,20158
FOXA,09/13/2022,33.99,34.41,33.41,33.49,18844
FOXA,09/12/2022,34.64,34.98,34.52,34.80,29467
FOXA,09/09/2022,33.74,34.61,33.67,34.52,26156
FOXA,09/08/2022,33.30,33.54,32.55,33.52,21402
FOXA,09/07/2022,32.91,33.53,32.81,33.42,19009
FOXA,09/06/2022,33.81,33.88,32.66,32.97,24323
FOXA,09/02/2022,34.26,34.54,33.62,33.74,22924
FOXA,09/01/2022,34.00,34.12,33.72,34.04,22221
FOXA,08/31/2022,34.42,34.69,34.16,34.18,24799
FOXA,08/30/2022,34.22,34.35,33.81,34.20,25896
FOXA,08/29/2022,34.05,34.50,33.80,34.32,15312
FOXA,08/26/2022,35.02,35.39,34.19,34.24,21273
FOXA,08/25/2022,34.98,35.11,34.68,34.98,13659
FOXA,08/24/2022,34.53,35.13,34.29,34.78,20523
FOXA,08/23/2022,34.68,35.17,34.37,34.51,14996
FOXA,08/22/2022,35.30,35.51,34.47,34.70,17848
FOXA,08/19/2022,35.86,35.91,35.49,35.68,19194
FOXA,08/18/2022,36.30,36.50,35.87,36.02,13790
FOXA,08/17/2022,36.13,36.60,36.01,36.17,22565
FOXA,08/16/2022,36.31,36.70,36.15,36.50,25312
FOXA,08/15/2022,36.25,36.49,36.01,36.38,20272
FOXA,08/12/2022,36.66,36.76,36.14,36.50,23773
FOXA,08/11/2022,35.18,36.55,35.18,36.43,27032
FOXA,08/10/2022,34.79,35.50,34.03,34.88,35153
FOXA,08/09/2022,33.47,34.00,33.39,33.74,24855
FOXA,08/08/2022,33.49,33.76,33.28,33.47,24681
FOXA,08/05/2022,33.17,33.52,32.87,33.33,18913
FOXA,08/04/2022,33.47,34.00,33.36,33.53,14086
FOXA,08/03/2022,33.33,33.81,33.00,33.57,18538
FOXA,08/02/2022,33.40,33.75,33.12,33.20,11017
FOXA,08/01/2022,32.83,33.50,32.76,33.44,25432
FOXA,07/29/2022,34.91,34.91,32.88,33.11,48509
FOXA,07/28/2022,34.53,34.95,34.03,34.88,20097
FOXA,07/27/2022,34.26,34.70,34.03,34.67,22372
FOXA,07/26/2022,35.00,35.19,33.75,34.10,19109
FOXA,07/25/2022,35.16,35.55,35.02,35.28,18020
FOXA,07/22/2022,35.00,35.35,34.75,35.16,15419
FOXA,07/21/2022,34.67,34.97,34.42,34.95,16731
FOXA,07/20/2022,34.32,34.97,34.13,34.74,17552
FOXA,07/19/2022,33.54,34.32,33.54,34.25,17854
FOXA,07/18/2022,33.21,33.78,32.73,33.23,24050
FOXA,07/15/2022,32.81,33.70,32.76,33.68,18809
FOXA,07/14/2022,32.44,32.70,32.26,32.51,15662
FOXA,07/13/2022,32.86,33.11,31.99,32.84,18299
FOXA,07/12/2022,32.86,33.71,32.86,33.22,14908
FOXA,07/11/2022,32.95,33.15,32.67,32.90,13304
FOXA,07/08/2022,33.56,33.77,33.12,33.24,15700
FOXA,07/07/2022,33.18,33.80,33.18,33.50,18535
FOXA,07/06/2022,33.33,33.60,32.58,33.16,19917
FOXA,07/05/2022,32.64,33.18,32.13,33.17,14599
FOXA,07/01/2022,32.05,33.13,31.99,33.07,13827
FOXA,06/30/2022,32.26,32.75,31.97,32.16,23070
FOXA,06/29/2022,32.68,32.77,31.99,32.64,17247
FOXA,06/28/2022,33.16,33.47,32.62,32.71,17960
FOXA,06/27/2022,32.89,33.09,32.54,33.04,20167
FOXA,06/24/2022,32.28,33.15,32.23,32.80,23578
FOXA,06/23/2022,32.09,32.18,31.62,32.07,14275
FOXA,06/22/2022,32.21,32.53,31.86,32.06,20322
FOXA,06/21/2022,32.53,33.02,32.31,32.56,19734
FOXA,06/17/2022,32.28,32.79,31.87,32.07,53504
FOXA,06/16/2022,32.35,32.56,31.51,32.28,37146
FOXA,06/15/2022,32.27,33.37,32.18,32.83,30352
FOXA,06/14/2022,31.57,32.34,31.38,32.03,30247
FOXA,06/13/2022,31.79,32.00,31.32,31.52,33737
FOXA,06/10/2022,33.06,33.18,32.38,32.39,23519
FOXA,06/09/2022,33.93,34.29,33.45,33.48,15315
FOXA,06/08/2022,34.38,34.89,34.01,34.06,16050
FOXA,06/07/2022,33.76,34.65,33.66,34.60,16306
FOXA,06/06/2022,34.23,34.48,33.89,34.08,13423
FOXA,06/03/2022,34.13,34.45,33.94,34.13,18980
FOXA,06/02/2022,34.30,34.87,33.86,34.42,26576
FOXA,06/01/2022,35.70,35.78,34.27,34.86,23952
FOXA,05/31/2022,35.34,35.62,35.15,35.51,41263
FOXA,05/27/2022,34.51,35.53,34.37,35.46,25023
FOXA,05/26/2022,33.53,34.60,33.49,34.54,28924
FOXA,05/25/2022,32.47,33.52,32.45,33.30,23160
FOXA,05/24/2022,34.00,34.02,32.22,32.49,23696
FOXA,05/23/2022,34.01,34.40,33.30,34.19,23725
FOXA,05/20/2022,33.80,33.85,33.05,33.46,24075
FOXA,05/19/2022,33.21,33.71,32.98,33.33,33807
FOXA,05/18/2022,34.50,34.61,33.41,33.49,28476
FOXA,05/17/2022,34.01,34.95,33.96,34.74,22854
FOXA,05/16/2022,33.75,34.07,33.44,33.69,22380
FOXA,05/13/2022,33.76,34.28,33.50,33.80,26319
FOXA,05/12/2022,33.11,33.68,32.45,33.45,32121
FOXA,05/11/2022,32.53,33.86,32.43,33.21,37234
FOXA,05/10/2022,32.08,33.37,31.35,32.42,44892
FOXA,05/09/2022,34.22,34.52,33.13,33.21,40631
FOXA,05/06/2022,36.28,36.37,34.20,34.60,31107
FOXA,05/05/2022,36.74,37.08,36.22,36.54,18291
FOXA,05/04/2022,36.23,37.15,36.08,37.04,16677
FOXA,05/03/2022,36.67,36.77,36.01,36.24,29341
FOXA,05/02/2022,35.95,36.67,35.88,36.57,26651
FOXA,04/29/2022,36.42,36.72,35.76,35.84,23256
FOXA,04/28/2022,36.48,36.86,36.14,36.54,20245
FOXA,04/27/2022,36.51,36.82,35.76,36.26,22094
FOXA,04/26/2022,37.78,37.88,36.55,36.60,40403
FOXA,04/25/2022,37.94,38.26,37.31,37.99,29294
FOXA,04/22/2022,38.93,38.96,38.18,38.21,21625
FOXA,04/21/2022,39.64,40.12,38.91,38.93,23077
FOXA,04/20/2022,38.95,39.61,37.82,39.56,43417
FOXA,04/19/2022,39.04,39.41,38.73,39.18,25805
FOXA,04/18/2022,38.97,39.41,38.83,38.99,12304
FOXA,04/14/2022,39.21,39.68,39.07,39.12,16998
FOXA,04/13/2022,38.77,39.27,38.76,39.11,14742
FOXA,04/12/2022,39.22,39.44,38.54,38.84,18904
FOXA,04/11/2022,38.95,39.54,38.65,38.72,19530
FOXA,04/08/2022,38.51,39.21,38.43,38.97,20441
FOXA,04/07/2022,38.66,38.87,37.79,38.42,26642
FOXA,04/06/2022,38.53,38.80,38.18,38.76,36230
FOXA,04/05/2022,39.19,39.65,38.38,38.66,33905
FOXA,04/04/2022,39.13,39.56,38.26,39.55,24876
FOXA,04/01/2022,39.90,39.98,38.99,39.36,23004
FOXA,03/31/2022,40.28,40.55,39.41,39.45,34971
FOXA,03/30/2022,40.72,40.99,40.02,40.14,29694
FOXA,03/29/2022,40.71,41.10,40.47,40.80,22911
FOXA,03/28/2022,41.03,41.14,40.08,40.50,20189
FOXA,03/25/2022,40.94,41.67,40.77,41.22,23034
FOXA,03/24/2022,40.48,41.06,40.24,40.91,23815
FOXA,03/23/2022,40.79,41.24,40.47,40.56,21458
FOXA,03/22/2022,41.13,41.73,41.00,41.10,26125
FOXA,03/21/2022,41.07,42.02,40.49,40.85,32948
FOXA,03/18/2022,40.29,40.93,39.61,40.87,112517
FOXA,03/17/2022,40.37,40.46,38.93,40.28,49213
FOXA,03/16/2022,40.08,41.00,39.68,40.67,44707
FOXA,03/15/2022,39.05,39.84,38.69,39.78,47795
FOXA,03/14/2022,39.44,40.32,38.58,38.75,58412
FOXA,03/11/2022,40.09,40.74,39.29,39.33,33939
FOXA,03/10/2022,40.58,40.73,39.36,39.79,51046
FOXA,03/09/2022,42.39,42.60,40.76,40.87,34999
FOXA,03/08/2022,41.48,42.47,41.35,41.84,26896
FOXA,03/07/2022,42.55,43.04,41.50,41.60,31539
FOXA,03/04/2022,42.69,42.85,42.19,42.69,31080
FOXA,03/03/2022,43.06,43.57,42.68,43.16,23562
FOXA,03/02/2022,41.38,43.49,41.38,43.09,37734
FOXA,03/01/2022,41.42,41.81,40.81,41.26,34033
FOXA,02/28/2022,41.09,42.08,40.98,41.83,33077
FOXA,02/25/2022,41.03,42.08,40.52,41.77,27969
FOXA,02/24/2022,40.54,41.01,39.88,40.87,40528
FOXA,02/23/2022,41.95,42.05,40.89,40.97,27322
FOXA,02/22/2022,42.22,42.60,41.72,41.82,34726
FOXA,02/18/2022,42.77,43.27,41.91,42.38,32963
FOXA,02/17/2022,42.61,43.56,42.48,42.91,39759
FOXA,02/16/2022,42.71,43.20,42.19,43.01,29809
FOXA,02/15/2022,42.90,43.71,42.83,43.15,26905
FOXA,02/14/2022,43.44,43.71,42.46,42.67,29258
