GDDY,06/23/2023,71.73,72.25,71.35,72.20,1052
GDDY,06/22/2023,71.97,72.58,71.35,72.57,10176
GDDY,06/21/2023,73.00,73.13,72.05,72.53,10209
GDDY,06/20/2023,74.26,74.68,72.53,73.34,13093
GDDY,06/16/2023,76.47,76.66,74.45,74.91,32348
GDDY,06/15/2023,73.94,76.04,73.80,75.98,10630
GDDY,06/14/2023,73.85,75.05,73.80,74.43,10134
GDDY,06/13/2023,73.73,74.50,73.32,74.49,10882
GDDY,06/12/2023,72.36,73.12,72.07,73.12,11987
GDDY,06/09/2023,72.87,73.39,71.68,72.01,12827
GDDY,06/08/2023,72.34,72.94,72.21,72.77,13338
GDDY,06/07/2023,72.32,73.06,72.17,72.62,17789
GDDY,06/06/2023,71.86,72.96,71.05,72.50,17042
GDDY,06/05/2023,74.44,74.44,72.51,72.55,17116
GDDY,06/02/2023,75.75,76.18,74.86,75.73,20151
GDDY,06/01/2023,72.80,75.46,72.42,75.07,22195
GDDY,05/31/2023,72.03,73.76,72.01,73.38,47920
GDDY,05/30/2023,72.75,73.20,72.24,72.39,15978
GDDY,05/26/2023,72.11,72.75,72.11,72.35,17249
GDDY,05/25/2023,72.36,72.53,71.60,71.64,11645
GDDY,05/24/2023,72.10,72.50,71.70,71.81,10579
GDDY,05/23/2023,72.88,73.31,72.34,72.38,13893
GDDY,05/22/2023,71.53,72.90,71.50,72.58,16153
GDDY,05/19/2023,72.38,72.38,71.50,71.54,16878
GDDY,05/18/2023,72.35,72.72,71.83,72.44,13528
GDDY,05/17/2023,72.18,72.88,71.64,72.31,11353
GDDY,05/16/2023,71.57,72.63,71.42,71.86,13028
GDDY,05/15/2023,70.53,71.80,70.53,71.71,11367
GDDY,05/12/2023,70.37,70.60,69.59,70.45,8988
GDDY,05/11/2023,69.92,70.90,69.75,70.43,8993
GDDY,05/10/2023,69.93,70.44,69.15,69.83,10244
GDDY,05/09/2023,70.00,70.24,68.98,69.24,17420
GDDY,05/08/2023,69.90,71.18,69.90,70.05,11085
GDDY,05/05/2023,67.68,72.05,67.43,69.65,27216
GDDY,05/04/2023,71.23,72.88,70.91,72.29,20193
GDDY,05/03/2023,75.00,75.37,71.40,71.40,23117
GDDY,05/02/2023,76.00,76.30,74.41,75.00,16029
GDDY,05/01/2023,75.60,76.72,75.14,75.75,19727
GDDY,04/28/2023,76.28,76.84,75.38,75.68,11193
GDDY,04/27/2023,76.02,77.24,75.43,77.03,7285
GDDY,04/26/2023,75.35,76.18,75.21,75.47,6397
GDDY,04/25/2023,76.04,76.26,74.74,74.84,9222
GDDY,04/24/2023,77.30,77.77,76.07,76.21,5493
GDDY,04/21/2023,76.99,77.51,76.83,77.41,4717
GDDY,04/20/2023,75.61,77.12,75.26,76.79,9627
GDDY,04/19/2023,76.83,77.00,75.60,75.75,11384
GDDY,04/18/2023,77.85,78.04,76.93,77.45,7600
GDDY,04/17/2023,76.94,77.21,76.10,77.00,12533
GDDY,04/14/2023,76.71,77.65,76.55,76.78,7678
GDDY,04/13/2023,76.29,77.56,76.19,77.28,8133
GDDY,04/12/2023,77.31,77.78,76.06,76.15,7273
GDDY,04/11/2023,76.62,77.28,75.96,76.72,6384
GDDY,04/10/2023,75.73,76.39,75.56,76.37,6700
GDDY,04/06/2023,76.28,76.53,75.61,76.51,5346
GDDY,04/05/2023,77.26,77.81,76.28,76.77,8980
GDDY,04/04/2023,77.67,77.79,76.86,77.23,7905
GDDY,04/03/2023,77.12,77.74,76.71,77.28,7130
GDDY,03/31/2023,76.71,77.75,76.53,77.72,7954
GDDY,03/30/2023,75.47,76.51,75.14,76.30,9386
GDDY,03/29/2023,75.37,76.08,74.98,75.00,14093
GDDY,03/28/2023,74.47,75.31,74.20,74.82,9368
GDDY,03/27/2023,74.96,75.32,74.32,74.81,8274
GDDY,03/24/2023,73.79,74.57,73.15,74.40,7104
GDDY,03/23/2023,74.27,74.71,73.18,73.80,7933
GDDY,03/22/2023,74.48,75.14,73.39,73.47,8093
GDDY,03/21/2023,73.31,74.50,72.82,74.29,10363
GDDY,03/20/2023,72.88,74.40,72.27,74.40,8149
GDDY,03/17/2023,72.71,73.91,72.31,73.14,24762
GDDY,03/16/2023,72.36,73.36,72.00,72.99,8256
GDDY,03/15/2023,71.63,72.31,71.07,72.25,12615
GDDY,03/14/2023,72.66,73.48,71.98,72.59,11154
GDDY,03/13/2023,71.63,73.03,71.36,71.89,12093
GDDY,03/10/2023,74.34,74.75,72.14,72.40,14986
GDDY,03/09/2023,76.02,76.39,74.96,74.98,9570
GDDY,03/08/2023,75.79,76.19,75.29,76.13,5741
GDDY,03/07/2023,75.88,77.01,74.92,75.76,10243
GDDY,03/06/2023,76.16,76.90,75.74,75.90,5846
GDDY,03/03/2023,75.55,76.63,75.36,75.93,8929
GDDY,03/02/2023,75.50,75.72,74.46,75.62,14780
GDDY,03/01/2023,75.68,76.20,75.25,75.76,7067
GDDY,02/28/2023,75.74,76.85,75.60,75.71,10189
GDDY,02/27/2023,76.28,76.65,75.78,76.00,4921
GDDY,02/24/2023,75.00,77.37,74.97,75.60,10211
GDDY,02/23/2023,77.70,77.70,76.04,76.30,6781
GDDY,02/22/2023,76.88,77.66,76.00,76.93,8373
GDDY,02/21/2023,76.71,77.14,76.06,76.21,8140
GDDY,02/17/2023,78.86,78.91,76.82,77.81,11294
GDDY,02/16/2023,78.67,81.02,78.61,79.42,9914
GDDY,02/15/2023,81.86,82.80,79.54,80.52,14620
GDDY,02/14/2023,80.61,81.92,80.25,81.04,17335
GDDY,02/13/2023,81.15,82.33,80.18,81.22,9799
GDDY,02/10/2023,81.08,81.25,79.57,80.70,9050
GDDY,02/09/2023,82.81,83.43,81.14,81.50,12865
GDDY,02/08/2023,83.22,83.41,82.09,82.15,5353
GDDY,02/07/2023,80.75,83.66,80.06,83.45,5729
GDDY,02/06/2023,82.58,83.04,81.11,81.14,9239
GDDY,02/03/2023,82.31,83.93,82.17,83.30,7501
GDDY,02/02/2023,84.15,85.32,83.51,84.08,10119
GDDY,02/01/2023,82.15,83.20,81.49,83.00,7569
GDDY,01/31/2023,81.73,82.49,81.39,82.13,10220
GDDY,01/30/2023,81.75,82.20,81.08,81.33,5109
GDDY,01/27/2023,81.78,83.00,81.78,82.20,4760
GDDY,01/26/2023,82.19,82.82,81.48,82.29,6672
GDDY,01/25/2023,80.33,81.48,78.49,81.36,7218
GDDY,01/24/2023,80.90,82.21,80.38,80.96,4632
GDDY,01/23/2023,80.39,81.91,79.53,81.84,8648
GDDY,01/20/2023,78.33,80.24,77.99,80.04,11952
GDDY,01/19/2023,77.60,78.47,76.86,77.95,10008
GDDY,01/18/2023,79.16,79.49,77.61,78.15,15031
GDDY,01/17/2023,75.58,76.28,75.19,75.83,7535
GDDY,01/13/2023,74.85,76.31,74.55,75.92,5012
GDDY,01/12/2023,75.34,75.96,74.31,75.56,8509
GDDY,01/11/2023,72.72,74.89,72.59,74.88,7824
GDDY,01/10/2023,73.57,74.38,73.00,73.04,6103
GDDY,01/09/2023,74.43,75.64,74.21,74.30,9251
GDDY,01/06/2023,74.24,74.53,72.75,74.52,9561
GDDY,01/05/2023,74.50,74.50,73.01,73.72,8214
GDDY,01/04/2023,74.80,75.04,73.91,74.86,11713
GDDY,01/03/2023,76.00,76.23,74.00,74.26,9678
GDDY,12/30/2022,74.10,75.16,73.84,74.82,6452
GDDY,12/29/2022,73.14,75.44,72.87,75.23,4679
GDDY,12/28/2022,74.27,74.92,72.80,72.87,5602
GDDY,12/27/2022,74.41,74.87,73.80,74.65,4409
GDDY,12/23/2022,73.66,74.79,72.90,74.77,5431
GDDY,12/22/2022,73.40,74.28,72.57,74.25,5995
GDDY,12/21/2022,74.12,75.50,73.56,74.47,7476
GDDY,12/20/2022,72.67,74.07,72.34,73.71,5832
GDDY,12/19/2022,74.24,74.48,73.02,73.13,6783
GDDY,12/16/2022,73.62,74.53,72.87,74.17,9934
GDDY,12/15/2022,75.77,76.17,73.73,73.84,12798
GDDY,12/14/2022,77.00,77.63,75.96,76.65,7932
GDDY,12/13/2022,78.15,79.53,76.51,77.23,7589
GDDY,12/12/2022,74.85,76.42,74.67,76.42,9407
GDDY,12/09/2022,75.16,75.43,74.60,74.72,5838
GDDY,12/08/2022,74.96,76.29,74.80,75.49,7964
GDDY,12/07/2022,73.81,74.98,72.25,74.38,8484
GDDY,12/06/2022,75.51,75.51,73.15,73.88,7354
GDDY,12/05/2022,77.64,77.72,75.50,75.79,6395
GDDY,12/02/2022,78.68,79.31,77.83,78.77,7527
GDDY,12/01/2022,79.82,80.50,79.00,79.73,11903
GDDY,11/30/2022,75.00,79.13,74.70,79.13,13906
GDDY,11/29/2022,75.50,75.88,74.91,75.07,5950
GDDY,11/28/2022,75.28,76.35,75.03,75.34,7876
GDDY,11/25/2022,74.91,76.36,74.91,75.92,3680
GDDY,11/23/2022,74.08,75.65,74.08,75.35,6079
GDDY,11/22/2022,73.22,74.22,72.16,74.17,5486
GDDY,11/21/2022,73.59,74.53,73.05,73.05,5671
GDDY,11/18/2022,74.23,74.63,73.20,74.03,6083
GDDY,11/17/2022,72.59,73.46,71.97,73.13,5112
GDDY,11/16/2022,73.91,75.03,73.81,73.95,6409
GDDY,11/15/2022,75.44,76.42,74.55,74.95,9679
GDDY,11/14/2022,73.09,75.19,72.91,73.89,8317
GDDY,11/11/2022,72.79,74.50,72.46,73.99,12505
GDDY,11/10/2022,72.13,73.65,71.10,71.76,10471
GDDY,11/09/2022,69.65,70.05,68.51,68.81,8790
GDDY,11/08/2022,69.15,70.63,68.00,70.17,16739
GDDY,11/07/2022,67.42,69.01,66.47,68.69,16906
GDDY,11/04/2022,70.33,70.65,64.65,67.53,32060
GDDY,11/03/2022,72.92,74.24,72.52,72.65,10807
GDDY,11/02/2022,79.04,79.04,73.62,73.67,12829
GDDY,11/01/2022,81.19,82.00,79.07,79.25,8135
GDDY,10/31/2022,80.54,81.69,80.22,80.40,8224
GDDY,10/28/2022,79.68,81.13,79.01,81.13,8623
GDDY,10/27/2022,79.67,80.64,79.26,79.88,8947
GDDY,10/26/2022,78.79,81.03,78.07,79.22,6454
GDDY,10/25/2022,77.40,79.84,77.40,79.65,8592
GDDY,10/24/2022,77.11,77.76,76.18,77.18,4931
GDDY,10/21/2022,75.30,76.80,74.09,76.76,5754
GDDY,10/20/2022,75.09,76.80,75.09,75.87,5764
GDDY,10/19/2022,75.56,75.96,74.81,75.18,6092
GDDY,10/18/2022,76.07,76.58,74.99,75.99,8009
GDDY,10/17/2022,73.02,74.80,73.02,74.61,6286
GDDY,10/14/2022,74.35,74.51,71.69,71.77,5941
GDDY,10/13/2022,71.96,74.29,70.91,73.49,8023
GDDY,10/12/2022,73.75,74.44,73.26,73.75,6236
GDDY,10/11/2022,74.66,74.66,73.01,73.51,8275
GDDY,10/10/2022,76.40,76.51,73.87,74.68,8398
GDDY,10/07/2022,76.08,76.42,75.33,75.91,6012
GDDY,10/06/2022,77.23,78.22,76.96,77.27,7061
GDDY,10/05/2022,75.08,77.68,74.67,77.23,10000
GDDY,10/04/2022,73.92,75.87,73.43,75.86,7910
GDDY,10/03/2022,71.15,72.34,70.05,72.31,10004
GDDY,09/30/2022,71.84,72.87,70.81,70.88,9335
GDDY,09/29/2022,71.29,72.33,70.38,72.09,12709
GDDY,09/28/2022,70.65,72.24,70.01,72.01,7485
GDDY,09/27/2022,70.51,71.17,69.70,70.70,7760
GDDY,09/26/2022,69.95,71.42,69.61,69.63,6652
GDDY,09/23/2022,70.49,71.24,69.71,70.50,8277
GDDY,09/22/2022,73.21,73.21,71.16,71.32,6865
GDDY,09/21/2022,75.70,75.82,73.28,73.32,5287
GDDY,09/20/2022,75.27,75.89,74.63,75.43,7567
GDDY,09/19/2022,74.26,76.14,74.10,75.94,7125
GDDY,09/16/2022,75.27,75.27,73.08,74.96,21240
GDDY,09/15/2022,75.53,76.78,74.86,76.16,10128
GDDY,09/14/2022,75.06,77.36,74.85,76.08,9521
GDDY,09/13/2022,76.08,76.63,74.91,75.05,7513
GDDY,09/12/2022,78.04,78.74,77.80,78.39,7514
GDDY,09/09/2022,76.74,78.17,76.72,78.05,8130
GDDY,09/08/2022,74.13,76.27,74.13,76.23,6616
GDDY,09/07/2022,73.81,75.08,73.07,74.86,7280
GDDY,09/06/2022,75.01,75.44,74.00,74.18,8655
GDDY,09/02/2022,76.64,77.03,74.72,75.07,12004
GDDY,09/01/2022,75.10,75.96,73.91,75.90,8499
GDDY,08/31/2022,76.59,77.01,75.60,75.82,16434
GDDY,08/30/2022,76.79,77.18,75.43,75.67,9502
GDDY,08/29/2022,76.94,77.44,76.38,76.51,9952
GDDY,08/26/2022,81.09,81.09,77.65,77.73,6718
GDDY,08/25/2022,80.43,81.11,80.31,80.66,4878
GDDY,08/24/2022,79.52,80.82,79.42,79.91,7902
GDDY,08/23/2022,80.22,81.16,79.36,79.39,7222
GDDY,08/22/2022,79.58,80.78,79.21,79.63,5489
GDDY,08/19/2022,82.08,82.25,80.59,81.08,5078
GDDY,08/18/2022,82.74,83.29,82.08,82.72,9697
GDDY,08/17/2022,82.71,83.29,81.68,82.66,10717
GDDY,08/16/2022,81.62,83.56,81.34,83.38,8490
GDDY,08/15/2022,80.91,82.50,80.91,82.02,5176
GDDY,08/12/2022,80.64,81.36,80.18,81.31,3504
GDDY,08/11/2022,81.85,81.85,79.53,79.91,6061
GDDY,08/10/2022,80.41,81.90,80.04,81.17,6467
GDDY,08/09/2022,79.04,79.55,78.42,79.23,8153
GDDY,08/08/2022,79.25,80.69,79.00,79.33,7222
GDDY,08/05/2022,75.96,79.01,75.96,78.93,8295
GDDY,08/04/2022,77.37,80.00,75.75,77.49,10960
GDDY,08/03/2022,75.00,75.67,74.01,75.57,10046
GDDY,08/02/2022,72.87,74.99,72.81,74.16,6641
GDDY,08/01/2022,73.49,74.81,72.95,73.70,4685
GDDY,07/29/2022,72.83,74.20,72.01,74.18,7898
GDDY,07/28/2022,72.70,72.82,71.11,72.59,5940
GDDY,07/27/2022,70.93,72.75,70.89,72.59,6433
GDDY,07/26/2022,72.38,72.41,69.97,70.00,5835
GDDY,07/25/2022,73.23,73.50,71.91,72.99,6531
GDDY,07/22/2022,74.98,75.39,73.75,74.02,6012
GDDY,07/21/2022,74.64,75.22,73.65,75.19,5494
GDDY,07/20/2022,73.62,74.76,73.39,74.64,5390
GDDY,07/19/2022,71.77,73.42,71.28,73.33,5850
GDDY,07/18/2022,71.50,72.54,70.45,70.53,5325
GDDY,07/15/2022,69.48,70.85,68.96,70.81,5872
GDDY,07/14/2022,70.28,70.77,67.86,68.68,7532
GDDY,07/13/2022,68.64,72.41,68.64,71.31,9890
GDDY,07/12/2022,72.19,72.94,70.01,70.20,6851
GDDY,07/11/2022,72.30,72.99,71.27,71.96,8259
GDDY,07/08/2022,72.57,73.92,71.81,73.00,11931
GDDY,07/07/2022,72.53,73.46,72.33,73.39,5791
GDDY,07/06/2022,71.21,73.11,70.60,72.09,13961
GDDY,07/05/2022,69.77,71.38,68.86,71.33,7920
GDDY,07/01/2022,69.93,71.07,68.95,70.87,9166
GDDY,06/30/2022,69.47,70.01,68.26,69.56,13635
GDDY,06/29/2022,69.23,70.33,68.71,70.27,10222
GDDY,06/28/2022,71.00,71.71,69.04,69.11,9206
GDDY,06/27/2022,71.60,71.87,69.86,71.12,7297
GDDY,06/24/2022,68.58,71.08,68.49,70.97,13566
GDDY,06/23/2022,67.11,68.13,66.44,67.76,8448
GDDY,06/22/2022,65.36,67.10,65.19,66.19,9378
GDDY,06/21/2022,66.81,68.42,66.43,66.55,12245
GDDY,06/17/2022,65.51,66.47,64.81,65.97,16919
GDDY,06/16/2022,67.08,67.34,64.94,65.31,12917
GDDY,06/15/2022,67.13,69.10,67.01,68.39,9946
GDDY,06/14/2022,67.40,68.67,65.76,66.36,15332
GDDY,06/13/2022,68.48,70.06,67.47,67.91,15295
GDDY,06/10/2022,71.73,72.36,70.48,70.76,9803
GDDY,06/09/2022,73.40,74.00,72.53,72.57,7547
GDDY,06/08/2022,74.00,74.75,73.72,73.90,8507
GDDY,06/07/2022,71.84,74.24,71.59,74.09,9318
GDDY,06/06/2022,73.24,73.97,72.64,72.68,6206
GDDY,06/03/2022,72.99,73.85,72.54,72.73,5741
GDDY,06/02/2022,72.64,74.46,72.52,74.18,8475
GDDY,06/01/2022,75.43,76.85,72.02,72.83,12907
GDDY,05/31/2022,74.74,76.18,74.27,75.05,32622
GDDY,05/27/2022,74.49,76.30,74.31,75.20,12810
GDDY,05/26/2022,70.74,73.68,70.63,73.60,20191
GDDY,05/25/2022,68.86,71.18,68.32,70.75,14327
GDDY,05/24/2022,70.72,71.36,68.31,68.99,16487
GDDY,05/23/2022,71.92,72.37,70.86,72.23,14081
GDDY,05/20/2022,72.00,72.08,69.78,71.23,13094
GDDY,05/19/2022,69.86,71.78,69.80,70.80,20259
GDDY,05/18/2022,72.03,73.09,69.75,70.03,13213
GDDY,05/17/2022,72.95,73.68,71.73,73.17,13429
GDDY,05/16/2022,71.73,72.82,71.27,71.60,16337
GDDY,05/13/2022,70.43,72.07,69.69,71.98,17906
GDDY,05/12/2022,68.83,69.25,66.43,69.10,35748
GDDY,05/11/2022,70.23,72.25,69.04,69.50,24128
GDDY,05/10/2022,70.97,72.76,68.96,70.74,24340
GDDY,05/09/2022,75.59,76.11,69.70,69.89,15524
GDDY,05/06/2022,77.38,78.77,75.53,76.98,19144
GDDY,05/05/2022,81.02,81.68,77.01,78.30,24069
GDDY,05/04/2022,81.46,82.53,79.45,82.12,21295
GDDY,05/03/2022,81.14,82.02,80.44,81.74,13920
GDDY,05/02/2022,80.27,81.82,79.76,81.70,21283
GDDY,04/29/2022,85.72,86.71,80.56,80.81,27522
GDDY,04/28/2022,86.38,87.92,85.14,87.33,12731
GDDY,04/27/2022,85.56,87.03,84.80,85.18,16692
GDDY,04/26/2022,86.69,86.77,84.92,85.42,14699
GDDY,04/25/2022,85.47,87.68,84.55,87.41,16822
GDDY,04/22/2022,85.22,85.42,83.30,83.67,9756
GDDY,04/21/2022,87.00,87.89,85.00,85.51,10491
GDDY,04/20/2022,86.92,87.50,85.81,86.79,8579
GDDY,04/19/2022,85.83,87.67,85.07,86.80,7748
GDDY,04/18/2022,86.33,86.90,85.31,85.82,9084
GDDY,04/14/2022,87.24,88.32,86.41,86.44,12793
GDDY,04/13/2022,82.49,87.29,82.49,86.47,19140
GDDY,04/12/2022,83.01,83.69,82.30,82.49,14021
GDDY,04/11/2022,81.59,83.11,81.00,81.90,14522
GDDY,04/08/2022,82.30,84.19,82.18,82.38,16621
GDDY,04/07/2022,83.04,83.87,81.92,82.91,14305
GDDY,04/06/2022,84.11,85.15,82.79,83.56,19620
GDDY,04/05/2022,87.05,87.89,85.55,85.72,21096
GDDY,04/04/2022,85.41,87.62,84.81,87.32,14904
GDDY,04/01/2022,84.11,85.33,83.89,84.70,11121
GDDY,03/31/2022,84.84,85.62,83.67,83.70,12380
GDDY,03/30/2022,84.16,86.15,84.16,84.79,9859
GDDY,03/29/2022,85.43,86.42,84.75,85.25,19421
GDDY,03/28/2022,84.48,85.05,83.04,84.46,10446
GDDY,03/25/2022,83.51,84.70,82.67,84.51,11881
GDDY,03/24/2022,82.46,83.84,81.63,83.49,12515
GDDY,03/23/2022,82.25,82.75,81.03,82.13,12271
GDDY,03/22/2022,81.32,83.94,81.01,82.77,11231
GDDY,03/21/2022,81.06,83.00,80.57,81.52,13450
GDDY,03/18/2022,78.00,81.92,77.45,81.90,23071
GDDY,03/17/2022,77.00,77.54,75.70,77.42,23157
GDDY,03/16/2022,77.36,78.12,74.61,77.29,27213
GDDY,03/15/2022,78.81,80.20,73.46,76.56,37889
GDDY,03/14/2022,77.37,80.15,77.31,78.31,13763
GDDY,03/11/2022,78.89,79.43,77.47,78.21,11052
GDDY,03/10/2022,78.75,80.13,78.03,78.45,9221
GDDY,03/09/2022,78.98,80.73,78.69,79.73,19668
GDDY,03/08/2022,76.08,80.32,76.08,77.09,21407
GDDY,03/07/2022,79.96,80.71,76.59,76.75,15385
GDDY,03/04/2022,83.19,83.99,80.12,80.50,12023
GDDY,03/03/2022,83.70,84.69,82.75,83.13,14325
GDDY,03/02/2022,82.53,83.35,80.77,83.03,17254
GDDY,03/01/2022,82.99,83.90,81.96,82.52,13649
GDDY,02/28/2022,83.00,83.92,81.76,83.41,21315
GDDY,02/25/2022,82.60,83.43,81.29,83.30,17938
GDDY,02/24/2022,78.27,83.65,78.27,82.92,20528
GDDY,02/23/2022,80.60,81.94,80.08,80.50,10713
GDDY,02/22/2022,81.73,83.23,79.85,80.26,17615
GDDY,02/18/2022,83.39,84.30,82.60,83.62,20181
GDDY,02/17/2022,83.63,85.36,82.56,83.05,19857
GDDY,02/16/2022,84.50,84.90,82.02,84.26,18905
GDDY,02/15/2022,82.46,86.33,81.86,86.33,29536
GDDY,02/14/2022,80.60,83.35,80.07,80.37,21745
