GE,06/23/2023,102.87,104.21,102.64,104.06,10015
GE,06/22/2023,104.66,105.79,104.64,104.82,42120
GE,06/21/2023,103.64,105.69,103.58,105.05,46046
GE,06/20/2023,106.08,106.21,103.41,104.02,64134
GE,06/16/2023,106.07,108.90,105.94,106.29,104168
GE,06/15/2023,104.44,105.64,103.99,105.41,66127
GE,06/14/2023,106.72,106.80,103.96,104.70,51121
GE,06/13/2023,106.03,107.15,105.81,106.74,42587
GE,06/12/2023,106.31,106.89,105.65,106.23,37212
GE,06/09/2023,106.29,106.55,105.08,106.30,34774
GE,06/08/2023,105.84,107.22,105.63,106.07,35024
GE,06/07/2023,106.50,107.33,105.64,106.08,72600
GE,06/06/2023,104.33,106.11,104.10,105.46,62118
GE,06/05/2023,105.80,105.80,104.10,104.10,40611
GE,06/02/2023,105.50,106.71,104.54,105.80,59488
GE,06/01/2023,101.21,105.17,101.07,104.67,61323
GE,05/31/2023,101.32,101.84,99.71,101.53,103438
GE,05/30/2023,102.82,103.07,100.66,102.40,54214
GE,05/26/2023,101.59,103.95,101.56,102.74,50259
GE,05/25/2023,101.40,102.09,100.54,101.52,52350
GE,05/24/2023,101.28,101.47,99.91,100.98,49909
GE,05/23/2023,103.86,104.14,101.28,101.70,45570
GE,05/22/2023,104.22,105.94,104.10,104.55,39156
GE,05/19/2023,104.52,105.78,103.84,104.26,56531
GE,05/18/2023,102.89,104.28,101.73,104.01,45907
GE,05/17/2023,101.87,103.58,101.55,103.47,54008
GE,05/16/2023,101.09,102.23,100.89,101.13,42931
GE,05/15/2023,99.14,102.31,99.02,102.00,63347
GE,05/12/2023,99.58,100.00,97.71,98.80,34479
GE,05/11/2023,99.55,99.98,98.82,99.51,40760
GE,05/10/2023,101.45,101.67,98.46,99.54,39851
GE,05/09/2023,100.90,101.90,100.77,101.00,47809
GE,05/08/2023,100.22,101.11,100.22,100.92,32911
GE,05/05/2023,100.58,101.76,99.75,100.24,49968
GE,05/04/2023,101.49,101.75,97.41,99.32,71903
GE,05/03/2023,101.88,102.95,101.31,101.77,47062
GE,05/02/2023,100.61,102.03,100.19,101.51,59580
GE,05/01/2023,99.49,102.00,99.37,101.18,58758
GE,04/28/2023,97.13,99.72,96.88,98.97,49922
GE,04/27/2023,97.02,98.19,96.60,98.06,74244
GE,04/26/2023,98.23,98.45,96.09,96.21,63456
GE,04/25/2023,102.00,102.01,97.55,98.44,92683
GE,04/24/2023,99.58,100.77,99.58,100.15,62287
GE,04/21/2023,99.98,100.08,99.13,99.51,40750
GE,04/20/2023,99.35,100.47,99.06,99.76,68993
GE,04/19/2023,98.58,99.31,98.42,99.03,56102
GE,04/18/2023,97.10,98.52,96.86,98.47,69997
GE,04/17/2023,95.62,96.85,95.47,96.77,60267
GE,04/14/2023,93.86,95.64,93.81,95.44,56854
GE,04/13/2023,94.38,94.69,93.47,94.30,85706
GE,04/12/2023,94.26,94.67,93.81,94.10,67920
GE,04/11/2023,94.51,94.96,93.88,93.91,52979
GE,04/10/2023,93.83,94.99,93.61,94.36,59276
GE,04/06/2023,94.12,94.39,93.54,93.60,63908
GE,04/05/2023,94.98,95.32,93.65,94.25,84927
GE,04/04/2023,97.05,97.87,94.67,95.05,68086
GE,04/03/2023,95.75,96.94,95.36,96.92,48991
GE,03/31/2023,94.53,95.67,94.31,95.60,72594
GE,03/30/2023,93.89,94.31,93.56,94.05,52525
GE,03/29/2023,93.75,94.42,93.67,94.06,48492
GE,03/28/2023,93.34,93.74,92.56,93.14,39889
GE,03/27/2023,92.28,93.64,92.11,93.31,59634
GE,03/24/2023,90.57,92.35,90.32,91.37,66359
GE,03/23/2023,90.84,92.95,90.53,91.59,86020
GE,03/22/2023,92.49,92.60,89.55,89.59,69182
GE,03/21/2023,91.04,93.04,90.96,92.18,67972
GE,03/20/2023,90.63,91.23,89.41,89.92,64635
GE,03/17/2023,91.79,91.83,89.35,90.29,100837
GE,03/16/2023,89.40,92.10,88.57,91.97,80741
GE,03/15/2023,88.99,89.76,86.45,89.76,117585
GE,03/14/2023,91.53,93.08,90.20,91.17,113266
GE,03/13/2023,89.43,90.73,87.66,88.97,112478
GE,03/10/2023,91.90,94.20,90.79,91.00,182006
GE,03/09/2023,90.00,94.94,89.77,91.56,285336
GE,03/08/2023,86.77,87.41,86.07,86.98,60364
GE,03/07/2023,86.86,87.58,86.10,86.39,68710
GE,03/06/2023,86.64,87.82,86.47,87.06,64497
GE,03/03/2023,85.90,87.03,85.15,86.38,76023
GE,03/02/2023,83.60,85.73,83.38,85.72,67456
GE,03/01/2023,84.71,85.36,83.75,84.14,59370
GE,02/28/2023,83.46,85.65,83.46,84.71,89378
GE,02/27/2023,84.00,84.86,83.49,83.84,62909
GE,02/24/2023,81.76,83.78,81.65,83.55,69269
GE,02/23/2023,83.67,84.41,81.90,82.94,80498
GE,02/22/2023,82.16,84.33,82.10,83.19,84839
GE,02/21/2023,82.37,83.38,81.81,82.26,40541
GE,02/17/2023,83.59,83.82,82.23,83.04,43732
GE,02/16/2023,83.62,84.54,82.98,84.05,44737
GE,02/15/2023,82.61,84.79,82.44,84.77,57165
GE,02/14/2023,82.13,83.81,81.96,83.54,52835
GE,02/13/2023,81.20,82.92,81.08,82.68,39965
GE,02/10/2023,80.81,81.35,80.40,81.29,34572
GE,02/09/2023,82.43,82.63,80.44,80.79,38434
GE,02/08/2023,81.69,82.60,81.30,81.96,33734
GE,02/07/2023,81.73,82.36,80.54,82.11,46973
GE,02/06/2023,81.47,82.44,81.24,82.35,43266
GE,02/03/2023,83.60,83.69,81.82,81.96,57399
GE,02/02/2023,82.09,84.03,81.90,83.94,76030
GE,02/01/2023,80.27,82.47,80.01,82.32,72390
GE,01/31/2023,80.60,80.91,79.47,80.48,68399
GE,01/30/2023,82.39,82.74,80.67,80.83,56563
GE,01/27/2023,81.00,83.99,80.90,83.23,77035
GE,01/26/2023,81.48,81.58,80.12,81.14,59898
GE,01/25/2023,79.78,81.35,79.43,80.79,84438
GE,01/24/2023,78.00,80.85,77.47,80.70,133042
GE,01/23/2023,77.61,80.02,77.54,79.77,108790
GE,01/20/2023,77.59,77.75,75.67,77.68,82526
GE,01/19/2023,78.16,78.75,76.67,76.86,103974
GE,01/18/2023,80.94,81.18,79.14,79.27,77645
GE,01/17/2023,80.00,80.66,79.76,80.49,75248
GE,01/13/2023,78.78,80.60,78.50,80.20,110332
GE,01/12/2023,77.88,79.21,77.29,78.86,114954
GE,01/11/2023,75.82,77.70,75.51,77.69,101104
GE,01/10/2023,72.50,75.37,72.20,75.27,92087
GE,01/09/2023,72.00,73.91,71.96,72.67,74648
GE,01/06/2023,72.02,72.33,70.75,71.94,103893
GE,01/05/2023,69.90,71.55,69.00,71.29,127342
GE,01/04/2023,68.41,70.20,66.75,70.20,166667
GE,01/03/2023,65.59,66.40,65.19,66.31,63635
GE,12/30/2022,64.70,65.57,64.60,65.38,41227
GE,12/29/2022,64.18,65.48,63.99,65.35,43758
GE,12/28/2022,64.76,64.90,63.44,63.96,38527
GE,12/27/2022,63.99,64.83,63.91,64.64,40166
GE,12/23/2022,63.76,64.29,63.18,63.82,32824
GE,12/22/2022,64.13,64.54,62.65,63.81,60190
GE,12/21/2022,63.24,65.23,63.18,64.75,73614
GE,12/20/2022,60.90,63.05,60.75,62.68,69109
GE,12/19/2022,60.28,61.14,60.24,60.91,42798
GE,12/16/2022,60.69,61.14,59.84,60.59,96707
GE,12/15/2022,62.48,63.37,61.26,61.50,94149
GE,12/14/2022,64.28,65.03,63.47,63.57,74168
GE,12/13/2022,65.99,66.25,63.93,64.67,75827
GE,12/12/2022,63.77,64.97,63.23,64.93,44796
GE,12/09/2022,65.25,65.39,63.47,63.56,53603
GE,12/08/2022,66.80,67.26,64.52,65.26,63719
GE,12/07/2022,66.33,67.17,66.19,66.33,47074
GE,12/06/2022,67.59,67.97,65.92,66.55,57683
GE,12/05/2022,66.98,67.15,66.03,66.06,42435
GE,12/02/2022,66.00,67.85,65.87,67.80,44614
GE,12/01/2022,67.27,67.59,66.23,66.53,42332
GE,11/30/2022,66.83,67.38,64.92,67.09,70913
GE,11/29/2022,66.91,67.05,66.30,66.84,40716
GE,11/28/2022,68.05,68.33,66.45,66.70,42554
GE,11/25/2022,68.44,68.97,68.16,68.78,18940
GE,11/23/2022,67.91,68.64,67.84,68.57,36455
GE,11/22/2022,67.34,68.34,67.11,68.12,42149
GE,11/21/2022,66.41,67.10,66.12,67.02,32632
GE,11/18/2022,67.46,68.01,66.21,66.70,40593
GE,11/17/2022,65.10,66.93,64.93,66.63,46497
GE,11/16/2022,67.66,67.83,66.06,66.25,47221
GE,11/15/2022,67.53,68.37,67.28,68.00,48081
GE,11/14/2022,67.09,67.97,66.85,66.98,49049
GE,11/11/2022,67.01,67.72,66.45,67.35,77435
GE,11/10/2022,66.33,66.85,65.67,66.63,85395
GE,11/09/2022,64.97,66.17,64.69,64.89,49544
GE,11/08/2022,65.27,66.10,64.50,65.55,61264
GE,11/07/2022,63.41,65.42,63.26,65.13,79977
GE,11/04/2022,62.43,63.33,61.98,63.26,69943
GE,11/03/2022,59.85,61.48,59.75,61.16,86539
GE,11/02/2022,60.75,62.16,60.30,60.40,63580
GE,11/01/2022,61.33,62.50,60.44,61.03,55923
GE,10/31/2022,60.80,61.54,60.51,60.72,65756
GE,10/28/2022,59.86,61.16,59.76,61.12,53809
GE,10/27/2022,59.32,60.58,59.22,59.31,62686
GE,10/26/2022,57.19,59.80,57.11,58.88,80710
GE,10/25/2022,58.53,58.72,55.47,56.96,95643
GE,10/24/2022,56.96,57.99,56.79,57.25,65655
GE,10/21/2022,54.62,56.89,54.43,56.82,59794
GE,10/20/2022,55.33,55.88,54.49,54.60,59651
GE,10/19/2022,54.83,55.39,54.11,55.04,52283
GE,10/18/2022,54.77,55.51,54.56,55.17,60865
GE,10/17/2022,53.84,54.77,53.40,53.55,51408
GE,10/14/2022,53.30,53.67,52.43,52.73,56673
GE,10/13/2022,49.70,53.34,49.31,53.02,79698
GE,10/12/2022,49.70,51.05,49.21,50.52,53406
GE,10/11/2022,50.32,50.92,49.22,49.94,52893
GE,10/10/2022,50.81,51.21,49.99,50.71,35661
GE,10/07/2022,51.20,51.33,50.02,50.38,42313
GE,10/06/2022,52.07,52.66,51.34,51.67,49482
GE,10/05/2022,52.04,53.23,51.54,52.63,57737
GE,10/04/2022,50.63,52.78,50.62,52.70,77191
GE,10/03/2022,48.97,50.24,48.49,49.63,54034
GE,09/30/2022,48.88,49.39,48.29,48.31,78905
GE,09/29/2022,49.76,50.03,48.32,48.95,87861
GE,09/28/2022,50.71,50.77,50.09,50.30,66443
GE,09/27/2022,50.50,50.96,49.56,50.31,78121
GE,09/26/2022,50.31,51.63,50.11,50.21,102761
GE,09/23/2022,50.37,50.78,49.59,50.37,81122
GE,09/22/2022,50.72,51.28,50.35,51.00,70500
GE,09/21/2022,52.30,52.34,50.85,50.89,60906
GE,09/20/2022,51.85,52.44,51.46,51.96,51977
GE,09/19/2022,51.18,52.67,51.08,52.32,49991
GE,09/16/2022,51.13,51.97,50.86,51.81,139714
GE,09/15/2022,54.45,55.24,53.65,53.77,47171
GE,09/14/2022,55.17,55.40,53.59,54.65,62067
GE,09/13/2022,57.17,57.63,55.11,55.28,71297
GE,09/12/2022,58.03,59.69,57.95,58.78,71436
GE,09/09/2022,58.16,58.50,57.50,57.78,67090
GE,09/08/2022,56.61,57.81,56.25,57.57,35339
GE,09/07/2022,56.11,57.54,55.97,57.42,33603
GE,09/06/2022,56.57,56.68,55.51,56.31,39611
GE,09/02/2022,57.69,58.02,56.27,56.52,39436
GE,09/01/2022,56.96,57.16,55.74,57.03,49471
GE,08/31/2022,58.85,59.14,57.25,57.31,63978
GE,08/30/2022,59.90,60.23,58.00,58.63,42650
GE,08/29/2022,58.40,59.96,57.96,59.34,48808
GE,08/26/2022,61.17,61.35,58.69,58.74,53550
GE,08/25/2022,60.37,62.18,60.33,60.98,50721
GE,08/24/2022,59.42,60.30,59.21,59.88,47244
GE,08/23/2022,58.52,60.32,58.46,59.38,47558
GE,08/22/2022,59.36,59.44,58.03,58.35,50356
GE,08/19/2022,61.26,61.33,60.30,60.65,35801
GE,08/18/2022,62.25,62.33,61.65,61.81,39988
GE,08/17/2022,62.47,62.72,61.85,62.36,39950
GE,08/16/2022,61.90,63.43,61.76,63.26,57472
GE,08/15/2022,61.89,62.54,61.71,62.28,33880
GE,08/12/2022,61.87,62.40,61.30,62.37,50407
GE,08/11/2022,60.87,61.81,60.84,61.57,89450
GE,08/10/2022,59.47,60.71,59.24,60.20,100793
GE,08/09/2022,58.81,59.38,58.42,58.47,46956
GE,08/08/2022,59.34,59.91,58.42,58.67,60922
GE,08/05/2022,57.30,58.56,57.12,58.03,46117
GE,08/04/2022,58.13,58.24,57.40,57.49,43236
GE,08/03/2022,58.46,58.76,57.79,58.32,60208
GE,08/02/2022,58.71,59.34,57.99,58.03,57731
GE,08/01/2022,57.20,59.58,56.72,59.15,91012
GE,07/29/2022,56.96,58.15,56.51,57.67,78721
GE,07/28/2022,58.24,58.45,56.89,57.07,112213
GE,07/27/2022,56.18,56.50,54.70,55.86,71416
GE,07/26/2022,54.47,57.25,53.96,55.80,179302
GE,07/25/2022,52.58,53.79,52.31,53.34,58770
GE,07/22/2022,53.38,53.66,52.94,53.21,56005
GE,07/21/2022,52.83,53.33,52.36,53.16,59343
GE,07/20/2022,51.74,53.28,51.54,52.98,68399
GE,07/19/2022,50.33,52.13,50.32,52.08,62549
GE,07/18/2022,50.25,50.80,49.42,49.69,65824
GE,07/15/2022,48.44,49.15,47.59,49.05,58249
GE,07/14/2022,47.60,47.73,46.82,47.67,50726
GE,07/13/2022,48.38,48.93,47.76,48.39,42985
GE,07/12/2022,47.60,50.36,47.60,49.18,72581
GE,07/11/2022,48.62,48.86,47.93,48.31,47705
GE,07/08/2022,49.32,50.24,48.54,49.36,61632
GE,07/07/2022,48.83,49.26,48.33,49.16,62691
GE,07/06/2022,48.04,48.66,47.39,48.05,48888
GE,07/05/2022,47.62,48.47,46.77,48.40,80083
GE,07/01/2022,49.42,50.36,48.54,49.58,65510
GE,06/30/2022,48.54,49.75,48.19,49.68,87014
GE,06/29/2022,51.29,51.50,49.38,49.70,67615
GE,06/28/2022,52.71,53.41,51.00,51.41,70275
GE,06/27/2022,52.65,52.99,51.61,52.06,67772
GE,06/24/2022,50.46,53.03,50.27,52.35,98053
GE,06/23/2022,50.23,50.78,49.22,50.00,67186
GE,06/22/2022,50.15,51.03,50.07,50.36,96418
GE,06/21/2022,52.64,53.11,51.28,51.31,80405
GE,06/17/2022,50.87,52.07,50.36,51.50,85963
GE,06/16/2022,52.31,52.47,50.61,50.95,89903
GE,06/15/2022,53.81,54.64,52.91,53.92,65694
GE,06/14/2022,53.02,53.77,52.70,53.10,53792
GE,06/13/2022,54.62,54.62,52.38,52.84,94295
GE,06/10/2022,56.82,57.09,55.20,55.58,94068
GE,06/09/2022,59.84,60.13,58.33,58.35,50380
GE,06/08/2022,60.23,61.09,59.71,60.21,33529
GE,06/07/2022,60.02,60.98,59.44,60.87,50622
GE,06/06/2022,60.87,61.09,59.91,60.09,47119
GE,06/03/2022,59.88,60.20,59.05,60.06,52476
GE,06/02/2022,60.88,61.38,60.22,60.87,50775
GE,06/01/2022,61.71,61.99,59.84,60.49,58809
GE,05/31/2022,60.83,61.68,60.68,61.09,51292
GE,05/27/2022,60.31,61.48,60.08,61.46,47237
GE,05/26/2022,58.70,60.64,58.29,60.09,46861
GE,05/25/2022,57.33,58.21,56.67,58.16,70915
GE,05/24/2022,58.31,58.42,56.23,58.15,61215
GE,05/23/2022,59.32,59.62,58.53,58.88,51548
GE,05/20/2022,59.39,59.65,57.18,58.72,73176
GE,05/19/2022,58.53,59.73,58.10,59.10,61864
GE,05/18/2022,59.03,59.71,58.39,58.68,70626
GE,05/17/2022,59.47,60.24,59.14,59.62,44855
GE,05/16/2022,57.99,58.84,57.53,58.24,65094
GE,05/13/2022,58.05,59.28,57.86,58.56,51656
GE,05/12/2022,55.98,57.91,55.54,57.18,86021
GE,05/11/2022,57.56,58.20,56.23,56.53,77503
GE,05/10/2022,57.75,58.29,55.51,57.21,68303
GE,05/09/2022,59.91,60.05,56.60,56.94,70062
GE,05/06/2022,61.12,61.17,59.45,61.05,53596
GE,05/05/2022,61.94,62.49,60.52,61.33,71323
GE,05/04/2022,61.01,63.02,60.26,62.76,74391
GE,05/03/2022,60.07,61.07,59.29,60.60,78183
GE,05/02/2022,57.94,59.17,56.66,58.95,114968
GE,04/29/2022,60.47,60.96,58.02,58.17,102625
GE,04/28/2022,61.36,61.41,59.19,60.66,119678
GE,04/27/2022,62.43,63.79,60.77,61.03,124627
GE,04/26/2022,66.20,66.51,61.19,62.89,287386
GE,04/25/2022,69.06,70.23,67.55,70.14,68806
GE,04/22/2022,70.93,71.25,69.43,69.50,46666
GE,04/21/2022,72.60,73.18,71.35,71.57,44946
GE,04/20/2022,72.22,72.66,71.21,71.32,39433
GE,04/19/2022,71.00,71.99,70.85,71.71,45968
GE,04/18/2022,70.99,71.40,70.15,70.54,38191
GE,04/14/2022,71.04,71.91,70.72,70.88,36768
GE,04/13/2022,70.29,71.36,70.22,70.82,38811
GE,04/12/2022,70.23,71.28,69.68,70.23,45060
GE,04/11/2022,69.94,71.46,69.47,69.97,53670
GE,04/08/2022,69.83,70.44,69.15,70.03,39875
GE,04/07/2022,70.09,70.29,67.96,69.81,70881
GE,04/06/2022,69.52,70.36,68.53,70.16,65678
GE,04/05/2022,71.53,72.06,70.16,70.31,66982
GE,04/04/2022,71.93,72.04,70.93,71.81,51154
GE,04/01/2022,71.87,72.23,71.10,72.17,55677
GE,03/31/2022,73.04,73.31,71.38,71.40,81812
GE,03/30/2022,73.06,74.24,72.81,73.80,56099
GE,03/29/2022,72.59,74.11,72.59,73.86,85766
GE,03/28/2022,73.00,73.07,70.79,71.79,74862
GE,03/25/2022,73.69,74.06,72.89,73.37,57196
GE,03/24/2022,73.66,73.68,73.08,73.45,53225
GE,03/23/2022,73.80,73.87,72.97,73.12,48815
GE,03/22/2022,74.45,75.09,73.82,74.05,48149
GE,03/21/2022,73.85,74.69,73.07,73.99,54063
GE,03/18/2022,74.84,74.84,73.79,74.59,71472
GE,03/17/2022,73.35,74.58,72.81,74.55,43322
GE,03/16/2022,72.94,74.48,72.37,73.90,55081
GE,03/15/2022,72.57,73.01,71.21,72.06,50508
GE,03/14/2022,72.33,73.34,71.74,72.14,60434
GE,03/11/2022,72.42,73.06,71.53,72.01,69014
GE,03/10/2022,68.49,71.48,68.24,71.27,75754
GE,03/09/2022,71.37,72.56,71.09,71.21,64398
GE,03/08/2022,68.08,70.58,66.75,68.79,67059
GE,03/07/2022,69.33,69.61,66.56,66.63,71184
GE,03/04/2022,70.55,70.61,68.30,69.56,83301
GE,03/03/2022,74.09,74.37,71.78,72.14,45176
GE,03/02/2022,72.93,74.09,72.63,73.48,44099
GE,03/01/2022,74.13,74.96,71.69,72.05,67295
GE,02/28/2022,73.95,74.77,73.45,74.53,60828
GE,02/25/2022,72.89,76.02,72.62,75.20,68770
GE,02/24/2022,70.69,72.64,68.44,72.21,113844
GE,02/23/2022,73.19,74.02,72.03,72.30,71285
GE,02/22/2022,72.29,74.30,72.08,73.47,76392
GE,02/18/2022,76.80,77.23,71.73,72.33,154016
GE,02/17/2022,78.31,78.37,76.38,76.83,38365
GE,02/16/2022,78.27,79.52,77.95,79.13,47445
GE,02/15/2022,76.47,79.11,76.43,78.75,65883
GE,02/14/2022,75.47,76.01,74.57,75.38,68665
