GIB,06/23/2023,101.55,101.71,101.02,101.46,108
GIB,06/22/2023,102.16,102.33,101.41,102.13,1227
GIB,06/21/2023,102.65,102.97,100.97,102.81,1899
GIB,06/20/2023,103.84,104.14,102.88,103.02,1230
GIB,06/16/2023,105.61,106.32,104.47,104.58,1855
GIB,06/15/2023,104.82,105.60,104.57,105.17,1346
GIB,06/14/2023,104.47,105.46,104.20,104.82,1620
GIB,06/13/2023,104.60,104.93,104.21,104.58,1086
GIB,06/12/2023,103.82,104.61,103.56,104.27,1412
GIB,06/09/2023,103.45,104.32,103.41,103.88,1084
GIB,06/08/2023,103.99,104.26,103.34,103.47,1442
GIB,06/07/2023,105.31,105.96,103.85,103.96,889
GIB,06/06/2023,104.50,105.34,104.26,105.33,1174
GIB,06/05/2023,103.80,105.47,103.80,104.48,1344
GIB,06/02/2023,103.90,105.53,103.76,105.43,1460
GIB,06/01/2023,103.28,104.35,103.28,103.81,1235
GIB,05/31/2023,102.14,103.57,101.72,103.39,2011
GIB,05/30/2023,103.26,104.54,101.96,102.31,1227
GIB,05/26/2023,102.25,103.97,102.25,103.26,1073
GIB,05/25/2023,101.18,102.57,101.00,102.04,1575
GIB,05/24/2023,101.31,101.61,100.73,101.09,1206
GIB,05/23/2023,103.71,104.37,101.91,101.91,1980
GIB,05/22/2023,104.65,104.95,104.17,104.36,588
GIB,05/19/2023,104.19,105.06,104.19,104.80,1210
GIB,05/18/2023,104.15,104.64,103.61,104.19,820
GIB,05/17/2023,103.98,104.16,103.20,104.02,1007
GIB,05/16/2023,103.01,104.19,103.01,104.00,1174
GIB,05/15/2023,102.51,103.93,102.25,103.48,1053
GIB,05/12/2023,102.56,103.50,102.14,102.66,1217
GIB,05/11/2023,102.97,102.97,101.32,102.56,1083
GIB,05/10/2023,102.55,103.00,102.01,102.79,1415
GIB,05/09/2023,101.41,102.43,101.21,102.09,1482
GIB,05/08/2023,100.45,101.50,100.45,101.39,1045
GIB,05/05/2023,99.15,100.84,99.15,100.44,1167
GIB,05/04/2023,102.44,102.44,99.08,99.28,2513
GIB,05/03/2023,102.31,103.25,102.00,102.21,1629
GIB,05/02/2023,101.90,102.30,101.19,102.18,1587
GIB,05/01/2023,101.05,102.80,101.05,102.30,1121
GIB,04/28/2023,100.64,102.25,100.62,101.41,1727
GIB,04/27/2023,101.46,101.46,99.33,101.25,2439
GIB,04/26/2023,98.70,101.49,98.18,101.31,3468
GIB,04/25/2023,98.35,98.82,97.33,97.41,1653
GIB,04/24/2023,99.14,99.27,98.10,98.63,1444
GIB,04/21/2023,98.22,99.25,98.10,99.18,1089
GIB,04/20/2023,98.05,98.68,97.81,98.19,897
GIB,04/19/2023,98.32,99.17,98.15,98.36,1143
GIB,04/18/2023,99.76,100.11,98.56,98.96,1466
GIB,04/17/2023,100.49,100.68,99.22,99.63,1335
GIB,04/14/2023,100.00,100.93,99.84,100.85,1503
GIB,04/13/2023,98.79,100.57,98.79,100.44,1723
GIB,04/12/2023,98.20,99.34,97.97,98.56,1623
GIB,04/11/2023,97.11,98.33,96.99,97.87,1820
GIB,04/10/2023,95.72,97.37,95.11,97.21,1479
GIB,04/06/2023,96.71,96.71,95.86,96.41,2280
GIB,04/05/2023,98.14,98.52,96.72,97.14,1374
GIB,04/04/2023,97.81,99.77,97.34,97.92,1693
GIB,04/03/2023,96.00,97.86,95.83,97.78,2463
GIB,03/31/2023,95.16,96.42,94.75,96.27,1307
GIB,03/30/2023,94.10,95.03,93.82,95.02,1326
GIB,03/29/2023,94.14,94.63,93.56,93.80,1473
GIB,03/28/2023,93.66,95.63,93.23,93.73,2491
GIB,03/27/2023,92.85,93.74,92.52,93.69,2411
GIB,03/24/2023,91.82,92.85,91.26,92.79,1349
GIB,03/23/2023,92.17,93.62,91.96,92.28,2038
GIB,03/22/2023,91.55,92.82,91.48,91.48,2221
GIB,03/21/2023,92.60,92.85,91.10,91.65,1054
GIB,03/20/2023,91.10,92.30,90.85,92.20,1844
GIB,03/17/2023,91.98,91.98,90.63,91.00,1143
GIB,03/16/2023,88.95,92.00,88.74,91.96,1384
GIB,03/15/2023,91.15,91.36,88.75,89.34,1782
GIB,03/14/2023,91.37,92.66,91.37,92.56,1701
GIB,03/13/2023,89.06,91.46,89.06,91.06,2316
GIB,03/10/2023,90.31,91.02,89.62,89.77,1588
GIB,03/09/2023,90.27,91.44,90.20,90.26,1380
GIB,03/08/2023,89.79,90.67,89.75,90.13,990
GIB,03/07/2023,90.87,91.15,89.34,89.57,1322
GIB,03/06/2023,91.77,92.07,90.81,90.96,2180
GIB,03/03/2023,90.80,91.79,90.60,91.77,2504
GIB,03/02/2023,89.87,90.90,89.75,90.65,1043
GIB,03/01/2023,89.64,90.50,89.59,90.15,1970
GIB,02/28/2023,89.73,90.09,89.00,89.62,1953
GIB,02/27/2023,91.20,91.20,89.90,90.08,1016
GIB,02/24/2023,90.12,90.69,89.87,90.52,1039
GIB,02/23/2023,91.97,92.17,90.43,91.20,1327
GIB,02/22/2023,92.13,92.57,91.58,91.65,756
GIB,02/21/2023,91.80,92.74,91.11,92.07,1673
GIB,02/17/2023,92.29,93.40,91.40,93.33,2432
GIB,02/16/2023,92.50,93.62,91.86,92.71,1623
GIB,02/15/2023,92.08,94.00,91.94,93.72,892
GIB,02/14/2023,93.27,93.55,92.31,92.79,1285
GIB,02/13/2023,92.50,93.76,92.36,93.43,1276
GIB,02/10/2023,91.49,93.22,91.49,92.74,1739
GIB,02/09/2023,92.28,92.70,91.56,91.89,1071
GIB,02/08/2023,91.07,92.08,90.62,91.81,1348
GIB,02/07/2023,90.33,91.67,90.29,91.58,1755
GIB,02/06/2023,89.78,91.29,89.78,90.87,1745
GIB,02/03/2023,88.46,91.12,87.96,91.09,2097
GIB,02/02/2023,89.36,89.81,88.15,88.98,2094
GIB,02/01/2023,88.66,91.50,86.38,89.33,4888
GIB,01/31/2023,85.10,85.84,84.89,85.82,1725
GIB,01/30/2023,84.34,85.74,84.25,85.10,1470
GIB,01/27/2023,85.25,85.76,84.87,84.94,1313
GIB,01/26/2023,85.34,85.81,84.56,85.62,1217
GIB,01/25/2023,86.69,86.94,85.01,85.41,1728
GIB,01/24/2023,87.31,88.28,85.00,87.76,787
GIB,01/23/2023,86.95,87.78,86.95,87.55,971
GIB,01/20/2023,86.62,87.40,86.02,87.27,589
GIB,01/19/2023,86.30,87.19,86.20,86.34,765
GIB,01/18/2023,87.28,87.97,86.41,86.41,1829
GIB,01/17/2023,86.31,87.74,86.31,86.95,1451
GIB,01/13/2023,86.33,86.92,86.19,86.64,658
GIB,01/12/2023,85.73,87.00,85.73,86.97,940
GIB,01/11/2023,85.44,86.10,85.38,85.95,478
GIB,01/10/2023,85.04,85.80,84.32,85.30,794
GIB,01/09/2023,84.84,86.14,84.69,85.43,1096
GIB,01/06/2023,84.97,84.98,83.35,84.70,1227
GIB,01/05/2023,85.57,85.82,84.39,84.41,891
GIB,01/04/2023,86.58,87.64,86.12,86.48,1361
GIB,01/03/2023,85.96,87.21,85.42,86.10,1181
GIB,12/30/2022,85.66,86.52,85.56,86.13,957
GIB,12/29/2022,85.28,86.56,85.28,86.29,545
GIB,12/28/2022,86.16,86.69,84.89,84.89,1062
GIB,12/27/2022,85.85,86.41,85.64,86.16,385
GIB,12/23/2022,85.35,86.46,84.97,85.93,898
GIB,12/22/2022,85.84,85.84,84.82,85.55,1645
GIB,12/21/2022,86.00,86.92,85.62,86.69,1245
GIB,12/20/2022,84.85,86.18,84.79,85.59,1922
GIB,12/19/2022,85.02,85.35,84.34,85.08,4209
GIB,12/16/2022,85.00,85.99,84.60,85.44,1265
GIB,12/15/2022,86.17,86.51,85.29,85.68,980
GIB,12/14/2022,87.85,88.53,86.89,87.43,1084
GIB,12/13/2022,88.77,89.11,87.74,87.87,1676
GIB,12/12/2022,84.98,87.11,84.98,86.98,1430
GIB,12/09/2022,85.52,85.64,84.96,85.10,779
GIB,12/08/2022,85.56,86.04,85.33,86.03,1375
GIB,12/07/2022,84.81,86.24,84.81,85.47,882
GIB,12/06/2022,86.56,86.56,84.93,85.07,1120
GIB,12/05/2022,87.41,87.91,86.67,86.84,1408
GIB,12/02/2022,87.78,88.89,87.69,88.12,1107
GIB,12/01/2022,87.31,89.10,87.30,88.73,1027
GIB,11/30/2022,85.40,87.42,85.40,87.31,1684
GIB,11/29/2022,84.36,85.69,84.21,85.06,1223
GIB,11/28/2022,84.98,85.57,84.58,84.75,1320
GIB,11/25/2022,84.98,85.65,84.92,85.51,287
GIB,11/23/2022,85.15,85.67,84.54,85.26,969
GIB,11/22/2022,84.50,85.74,84.50,85.57,1129
GIB,11/21/2022,84.64,84.97,84.05,84.50,980
GIB,11/18/2022,84.94,85.40,84.53,85.36,754
GIB,11/17/2022,83.46,85.36,83.46,84.76,1178
GIB,11/16/2022,84.48,85.04,84.24,84.72,1482
GIB,11/15/2022,83.38,85.52,83.38,84.58,1776
GIB,11/14/2022,83.85,84.63,82.62,82.63,1575
GIB,11/11/2022,85.33,85.74,84.80,85.51,1410
GIB,11/10/2022,82.37,85.50,82.22,85.46,1928
GIB,11/09/2022,79.23,81.76,78.68,80.35,1720
GIB,11/08/2022,80.28,81.53,79.62,80.53,1098
GIB,11/07/2022,79.02,80.30,79.02,80.22,1294
GIB,11/04/2022,79.07,80.70,78.95,79.35,1757
GIB,11/03/2022,77.69,78.33,77.16,77.91,1487
GIB,11/02/2022,80.07,80.98,78.52,78.53,1433
GIB,11/01/2022,81.94,82.06,80.22,80.33,1469
GIB,10/31/2022,81.55,81.77,80.33,80.47,1218
GIB,10/28/2022,80.27,82.32,79.95,82.24,1614
GIB,10/27/2022,81.15,81.55,80.24,80.48,1126
GIB,10/26/2022,79.56,81.67,79.06,81.15,1376
GIB,10/25/2022,79.04,80.27,79.04,79.77,1700
GIB,10/24/2022,77.55,79.23,76.82,79.01,2195
GIB,10/21/2022,75.72,77.78,75.68,77.61,771
GIB,10/20/2022,76.17,77.37,75.69,76.02,924
GIB,10/19/2022,76.53,76.92,75.64,76.32,779
GIB,10/18/2022,77.92,78.31,76.37,77.26,1593
GIB,10/17/2022,75.95,77.18,75.95,76.99,1272
GIB,10/14/2022,76.57,77.27,74.78,74.83,1217
GIB,10/13/2022,72.87,76.86,72.23,76.62,1429
GIB,10/12/2022,74.68,75.22,74.35,74.50,1186
GIB,10/11/2022,74.78,75.93,74.47,74.80,1767
GIB,10/10/2022,75.50,75.50,74.36,74.96,677
GIB,10/07/2022,75.42,75.88,74.98,75.32,1266
GIB,10/06/2022,78.61,78.61,76.09,76.27,1598
GIB,10/05/2022,79.19,79.55,78.67,79.07,2201
GIB,10/04/2022,79.15,80.84,79.14,80.17,2593
GIB,10/03/2022,75.77,78.55,75.55,78.05,1902
GIB,09/30/2022,75.30,77.12,75.21,75.24,2684
GIB,09/29/2022,76.01,76.11,74.91,75.32,1174
GIB,09/28/2022,73.76,77.48,73.76,77.08,1841
GIB,09/27/2022,75.29,75.66,73.89,74.01,1644
GIB,09/26/2022,74.37,75.53,74.32,74.86,2005
GIB,09/23/2022,74.82,75.17,74.36,74.82,1217
GIB,09/22/2022,76.27,76.51,75.53,75.69,928
GIB,09/21/2022,77.32,78.10,76.39,76.41,865
GIB,09/20/2022,77.81,77.81,76.58,77.17,929
GIB,09/19/2022,77.43,78.50,76.91,78.30,1042
GIB,09/16/2022,76.92,78.55,76.87,78.26,1952
GIB,09/15/2022,78.03,78.76,77.59,77.80,882
GIB,09/14/2022,78.76,79.09,78.22,78.59,798
GIB,09/13/2022,80.13,80.87,78.72,78.89,735
GIB,09/12/2022,80.75,81.99,80.75,81.82,1485
GIB,09/09/2022,79.43,80.66,79.43,80.62,1168
GIB,09/08/2022,78.04,79.01,77.71,78.73,1055
GIB,09/07/2022,77.40,79.03,77.23,78.81,1010
GIB,09/06/2022,77.71,78.37,76.96,77.37,1151
GIB,09/02/2022,78.21,78.99,77.49,78.03,1174
GIB,09/01/2022,78.51,78.96,77.02,77.90,1461
GIB,08/31/2022,79.37,80.65,79.15,79.20,1124
GIB,08/30/2022,80.33,80.75,79.14,79.19,624
GIB,08/29/2022,79.59,80.59,79.11,80.16,1148
GIB,08/26/2022,83.40,83.47,80.14,80.28,1616
GIB,08/25/2022,81.78,83.03,81.72,82.97,915
GIB,08/24/2022,82.38,82.86,81.66,81.93,732
GIB,08/23/2022,82.31,82.82,82.02,82.45,637
GIB,08/22/2022,83.42,83.92,82.73,82.79,1027
GIB,08/19/2022,84.82,84.90,83.45,83.47,1116
GIB,08/18/2022,85.59,85.79,85.01,85.52,793
GIB,08/17/2022,86.16,86.78,85.79,85.91,764
GIB,08/16/2022,85.92,87.35,85.60,87.29,927
GIB,08/15/2022,85.36,86.61,85.36,86.33,644
GIB,08/12/2022,85.26,86.42,85.26,86.37,490
GIB,08/11/2022,86.36,86.77,85.47,85.60,718
GIB,08/10/2022,85.59,86.27,85.33,86.27,1267
GIB,08/09/2022,86.02,86.20,84.19,84.41,1042
GIB,08/08/2022,86.34,87.21,85.96,86.29,972
GIB,08/05/2022,85.89,86.47,85.25,86.42,819
GIB,08/04/2022,86.24,87.21,85.88,87.09,1058
GIB,08/03/2022,85.47,86.18,85.33,86.06,833
GIB,08/02/2022,84.73,86.70,84.70,85.47,1054
GIB,08/01/2022,85.70,86.21,85.42,85.61,955
GIB,07/29/2022,85.00,85.99,84.28,85.72,1331
GIB,07/28/2022,85.04,85.62,83.90,85.13,1606
GIB,07/27/2022,82.75,85.32,82.75,85.21,1829
GIB,07/26/2022,83.77,83.77,81.65,83.04,1587
GIB,07/25/2022,84.25,84.53,83.80,84.25,3251
GIB,07/22/2022,85.21,86.27,84.16,84.31,1299
GIB,07/21/2022,84.60,85.89,84.23,85.55,928
GIB,07/20/2022,83.71,84.83,83.15,84.62,904
GIB,07/19/2022,83.41,84.71,83.18,83.72,1544
GIB,07/18/2022,81.87,83.28,81.79,82.90,1707
GIB,07/15/2022,82.59,82.90,81.59,81.75,1409
GIB,07/14/2022,81.23,82.29,80.29,82.03,1734
GIB,07/13/2022,80.26,82.55,80.07,82.21,1876
GIB,07/12/2022,79.82,82.25,79.82,81.33,2853
GIB,07/11/2022,81.32,81.39,80.13,80.23,1349
GIB,07/08/2022,81.23,82.16,81.23,82.04,1010
GIB,07/07/2022,81.09,81.76,80.34,81.68,1215
GIB,07/06/2022,79.17,81.40,79.10,81.16,1533
GIB,07/05/2022,78.21,79.36,77.39,79.05,1608
GIB,07/01/2022,79.42,80.24,78.68,80.10,529
GIB,06/30/2022,78.37,79.71,78.20,79.66,1625
GIB,06/29/2022,79.39,79.65,78.83,79.33,1011
GIB,06/28/2022,80.47,81.30,79.57,79.71,2026
GIB,06/27/2022,80.45,80.58,79.35,80.31,1168
GIB,06/24/2022,78.35,80.48,78.35,80.43,2185
GIB,06/23/2022,76.13,78.06,76.13,77.89,1679
GIB,06/22/2022,75.55,76.74,75.38,75.96,1228
GIB,06/21/2022,75.36,76.75,75.36,76.28,1527
GIB,06/17/2022,74.16,75.85,73.76,75.17,2429
GIB,06/16/2022,74.92,75.05,73.76,74.15,1829
GIB,06/15/2022,75.70,76.85,74.97,76.09,1343
GIB,06/14/2022,76.33,76.33,74.62,75.05,1503
GIB,06/13/2022,77.36,77.47,75.89,76.16,1471
GIB,06/10/2022,81.04,81.04,78.77,78.83,1882
GIB,06/09/2022,83.32,83.50,81.74,81.82,899
GIB,06/08/2022,84.83,84.83,83.26,83.55,811
GIB,06/07/2022,84.92,85.37,84.23,84.78,922
GIB,06/06/2022,85.05,86.28,84.70,85.40,1059
GIB,06/03/2022,84.80,85.04,84.07,84.35,1231
GIB,06/02/2022,84.69,85.54,84.08,85.46,1257
GIB,06/01/2022,85.73,86.24,84.66,84.77,1163
GIB,05/31/2022,84.03,86.22,84.03,85.43,2835
GIB,05/27/2022,83.16,85.78,83.08,85.35,2093
GIB,05/26/2022,82.83,83.41,82.42,82.92,1786
GIB,05/25/2022,82.58,83.24,82.39,82.96,1118
GIB,05/24/2022,84.00,84.07,82.40,83.11,1467
GIB,05/23/2022,83.73,84.54,83.25,84.41,1084
GIB,05/20/2022,83.08,83.80,82.43,83.44,2621
GIB,05/19/2022,80.60,83.37,80.60,82.71,1852
GIB,05/18/2022,80.90,81.98,80.41,80.72,1764
GIB,05/17/2022,82.00,82.26,80.74,81.84,1519
GIB,05/16/2022,79.74,81.92,79.74,81.61,1567
GIB,05/13/2022,78.07,81.00,78.07,80.86,1968
GIB,05/12/2022,77.09,78.57,76.98,77.81,2607
GIB,05/11/2022,77.92,78.97,77.57,77.83,2452
GIB,05/10/2022,79.66,79.91,77.62,78.34,2068
GIB,05/09/2022,78.23,79.50,77.95,78.82,2068
GIB,05/06/2022,78.80,80.15,78.27,79.50,2097
GIB,05/05/2022,81.34,81.64,78.98,79.39,1559
GIB,05/04/2022,81.60,82.54,80.27,82.38,1569
GIB,05/03/2022,79.87,82.18,79.73,81.71,2033
GIB,05/02/2022,79.46,79.91,78.93,79.81,1678
GIB,04/29/2022,81.03,81.22,79.58,79.73,2226
GIB,04/28/2022,81.13,81.76,79.89,81.26,1876
GIB,04/27/2022,79.65,81.61,79.36,80.38,2535
GIB,04/26/2022,80.34,80.61,79.14,79.48,2491
GIB,04/25/2022,79.52,81.20,79.11,80.96,2049
GIB,04/22/2022,82.19,82.19,79.96,80.14,1540
GIB,04/21/2022,82.24,83.46,82.24,82.57,1772
GIB,04/20/2022,81.74,82.51,81.57,81.70,990
GIB,04/19/2022,79.54,81.30,79.54,81.24,1380
GIB,04/18/2022,79.95,80.36,79.61,79.83,2205
GIB,04/14/2022,81.42,81.42,80.30,80.38,840
GIB,04/13/2022,80.32,81.60,80.05,81.31,2316
GIB,04/12/2022,81.06,81.32,80.47,80.58,1402
GIB,04/11/2022,80.52,81.24,80.52,80.60,1394
GIB,04/08/2022,81.42,81.90,80.75,81.22,1329
GIB,04/07/2022,81.92,82.40,80.85,81.57,1608
GIB,04/06/2022,81.75,82.35,81.42,81.89,1865
GIB,04/05/2022,80.65,82.90,80.65,82.82,2475
GIB,04/04/2022,79.23,80.90,79.23,80.74,1455
GIB,04/01/2022,79.61,79.94,78.92,79.31,2447
GIB,03/31/2022,81.00,81.13,79.70,79.83,1512
GIB,03/30/2022,80.47,81.32,80.41,81.01,1698
GIB,03/29/2022,81.46,82.17,80.92,81.03,1355
GIB,03/28/2022,80.22,80.67,79.69,80.64,1287
GIB,03/25/2022,81.22,81.42,79.96,80.44,1943
GIB,03/24/2022,80.21,81.06,79.14,81.02,2771
GIB,03/23/2022,81.33,81.44,79.75,79.82,1872
GIB,03/22/2022,82.32,82.85,81.49,81.57,1999
GIB,03/21/2022,82.03,82.72,81.10,82.33,2212
GIB,03/18/2022,82.36,83.39,81.82,82.63,1567
GIB,03/17/2022,81.17,82.82,81.09,82.82,1259
GIB,03/16/2022,80.18,81.88,79.90,81.53,1823
GIB,03/15/2022,80.31,80.52,78.90,79.59,1767
GIB,03/14/2022,80.55,81.08,79.65,80.01,1202
GIB,03/11/2022,82.00,82.67,80.56,80.62,1949
GIB,03/10/2022,79.69,81.50,79.40,81.30,2332
GIB,03/09/2022,79.31,81.35,79.31,80.90,1945
GIB,03/08/2022,79.50,79.92,77.80,78.21,6215
GIB,03/07/2022,80.35,81.16,79.56,79.66,2282
GIB,03/04/2022,81.71,82.00,80.14,80.82,1655
GIB,03/03/2022,83.11,83.33,82.00,82.60,1842
GIB,03/02/2022,81.71,83.05,81.07,82.60,1636
GIB,03/01/2022,82.15,82.31,80.79,81.02,1795
GIB,02/28/2022,81.39,82.20,81.10,81.96,1168
GIB,02/25/2022,81.66,82.56,80.46,82.46,1537
GIB,02/24/2022,77.67,81.68,77.25,81.45,2294
GIB,02/23/2022,82.23,82.23,80.04,80.10,1610
GIB,02/22/2022,81.38,83.27,81.03,81.56,1783
GIB,02/18/2022,83.25,83.99,82.50,82.77,1821
GIB,02/17/2022,84.37,84.40,83.17,83.23,1425
GIB,02/16/2022,84.09,85.35,83.25,85.09,2122
GIB,02/15/2022,84.89,85.88,84.19,84.59,1969
GIB,02/14/2022,83.38,84.71,83.00,84.05,1922
