GOLD,06/23/2023,16.52,16.63,16.40,16.41,29617
GOLD,06/22/2023,16.05,16.43,15.90,16.41,214779
GOLD,06/21/2023,16.03,16.29,15.85,16.13,137188
GOLD,06/20/2023,16.31,16.37,15.96,16.05,169337
GOLD,06/16/2023,16.49,16.79,16.48,16.71,211165
GOLD,06/15/2023,16.77,16.81,16.32,16.49,224481
GOLD,06/14/2023,17.03,17.05,16.69,16.78,107747
GOLD,06/13/2023,17.07,17.14,16.79,16.81,120769
GOLD,06/12/2023,16.88,16.92,16.75,16.90,101499
GOLD,06/09/2023,17.02,17.17,16.93,17.00,110154
GOLD,06/08/2023,17.15,17.23,17.04,17.15,107261
GOLD,06/07/2023,17.19,17.25,16.93,16.98,109598
GOLD,06/06/2023,17.20,17.26,16.91,17.13,144050
GOLD,06/05/2023,17.26,17.33,17.12,17.19,107407
GOLD,06/02/2023,17.38,17.44,17.12,17.31,129458
GOLD,06/01/2023,17.00,17.54,16.96,17.45,126230
GOLD,05/31/2023,16.82,17.21,16.73,16.88,142476
GOLD,05/30/2023,16.91,16.96,16.59,16.78,112223
GOLD,05/26/2023,17.38,17.42,16.88,16.99,110299
GOLD,05/25/2023,17.28,17.33,17.06,17.09,158971
GOLD,05/24/2023,17.89,17.89,17.42,17.48,99399
GOLD,05/23/2023,17.65,17.86,17.53,17.75,100226
GOLD,05/22/2023,17.85,17.96,17.78,17.79,68750
GOLD,05/19/2023,17.89,18.16,17.76,17.86,145533
GOLD,05/18/2023,18.00,18.06,17.52,17.81,224097
GOLD,05/17/2023,18.63,18.72,18.37,18.43,177518
GOLD,05/16/2023,19.25,19.29,18.66,18.76,190551
GOLD,05/15/2023,19.21,19.45,19.19,19.35,84957
GOLD,05/12/2023,18.90,19.22,18.90,19.18,97912
GOLD,05/11/2023,19.53,19.65,18.99,19.03,206791
GOLD,05/10/2023,19.78,19.85,19.53,19.77,90920
GOLD,05/09/2023,19.80,19.92,19.63,19.78,116302
GOLD,05/08/2023,20.20,20.26,19.77,19.85,122421
GOLD,05/05/2023,19.86,20.42,19.75,20.20,150347
GOLD,05/04/2023,20.15,20.75,20.08,20.43,267478
GOLD,05/03/2023,19.98,20.11,19.68,19.98,188487
GOLD,05/02/2023,18.92,19.84,18.92,19.79,236849
GOLD,05/01/2023,19.37,19.47,18.99,19.00,117459
GOLD,04/28/2023,19.14,19.18,18.84,19.04,124251
GOLD,04/27/2023,18.86,19.19,18.78,19.17,101537
GOLD,04/26/2023,19.29,19.44,18.94,18.99,115507
GOLD,04/25/2023,19.00,19.27,18.82,19.19,139447
GOLD,04/24/2023,18.98,19.13,18.81,19.07,109511
GOLD,04/21/2023,19.18,19.27,18.84,19.07,169982
GOLD,04/20/2023,19.35,19.44,19.15,19.20,130640
GOLD,04/19/2023,19.09,19.35,19.02,19.24,132245
GOLD,04/18/2023,19.41,19.73,19.39,19.42,115121
GOLD,04/17/2023,19.43,19.49,19.14,19.37,201061
GOLD,04/14/2023,19.67,19.81,19.35,19.67,164870
GOLD,04/13/2023,19.96,20.28,19.74,20.05,279410
GOLD,04/12/2023,19.70,19.88,19.49,19.63,145526
GOLD,04/11/2023,19.61,19.81,19.41,19.42,158095
GOLD,04/10/2023,19.42,19.51,19.31,19.46,129090
GOLD,04/06/2023,19.61,19.74,19.40,19.73,171869
GOLD,04/05/2023,19.86,20.05,19.46,19.68,255217
GOLD,04/04/2023,18.76,19.72,18.74,19.62,287354
GOLD,04/03/2023,18.62,19.03,18.48,18.79,154585
GOLD,03/31/2023,18.64,18.75,18.38,18.57,153374
GOLD,03/30/2023,18.55,18.72,18.39,18.60,144563
GOLD,03/29/2023,18.61,18.73,18.41,18.54,136846
GOLD,03/28/2023,18.53,18.74,18.40,18.66,150760
GOLD,03/27/2023,17.95,18.50,17.91,18.50,150488
GOLD,03/24/2023,18.46,18.67,18.25,18.52,180956
GOLD,03/23/2023,18.19,18.51,18.06,18.30,175627
GOLD,03/22/2023,17.83,18.22,17.66,18.00,169199
GOLD,03/21/2023,17.88,17.90,17.48,17.69,202977
GOLD,03/20/2023,18.23,18.49,18.09,18.24,222353
GOLD,03/17/2023,17.58,18.29,17.48,18.12,458111
GOLD,03/16/2023,17.50,17.58,17.00,17.40,229047
GOLD,03/15/2023,17.40,17.55,17.18,17.48,386779
GOLD,03/14/2023,16.93,17.13,16.84,17.07,170498
GOLD,03/13/2023,16.63,17.23,16.56,17.02,370456
GOLD,03/10/2023,15.96,16.29,15.83,15.91,223847
GOLD,03/09/2023,15.75,15.86,15.48,15.57,148240
GOLD,03/08/2023,15.83,15.95,15.58,15.62,166577
GOLD,03/07/2023,16.10,16.15,15.67,15.77,218511
GOLD,03/06/2023,16.42,16.48,16.18,16.30,113991
GOLD,03/03/2023,16.52,16.57,16.33,16.52,142984
GOLD,03/02/2023,16.16,16.40,16.12,16.38,133355
GOLD,03/01/2023,16.42,16.48,16.18,16.31,147923
GOLD,02/28/2023,15.93,16.28,15.85,16.12,212157
GOLD,02/27/2023,15.93,16.08,15.86,15.97,113574
GOLD,02/24/2023,15.84,16.01,15.80,16.00,162583
GOLD,02/23/2023,16.18,16.28,16.04,16.07,156728
GOLD,02/22/2023,16.48,16.53,16.10,16.21,204739
GOLD,02/21/2023,16.73,16.80,16.49,16.59,154347
GOLD,02/17/2023,16.60,16.79,16.44,16.74,213048
GOLD,02/16/2023,16.78,17.09,16.61,16.95,229386
GOLD,02/15/2023,17.29,17.40,16.92,17.17,326817
GOLD,02/14/2023,17.65,17.88,17.46,17.81,194843
GOLD,02/13/2023,17.71,17.98,17.71,17.93,94799
GOLD,02/10/2023,17.77,18.05,17.69,17.93,124487
GOLD,02/09/2023,18.53,18.64,17.61,17.81,177627
GOLD,02/08/2023,18.49,18.56,18.11,18.34,119064
GOLD,02/07/2023,18.36,18.69,18.19,18.50,152545
GOLD,02/06/2023,18.20,18.44,18.11,18.35,153339
GOLD,02/03/2023,18.72,18.82,18.20,18.32,256836
GOLD,02/02/2023,20.18,20.19,19.17,19.40,208231
GOLD,02/01/2023,19.50,20.16,19.37,19.95,184593
GOLD,01/31/2023,19.38,19.59,19.24,19.55,146969
GOLD,01/30/2023,19.57,19.75,19.40,19.48,140428
GOLD,01/27/2023,19.50,19.76,19.40,19.67,195566
GOLD,01/26/2023,19.65,19.73,19.40,19.69,236198
GOLD,01/25/2023,19.31,19.83,19.22,19.79,193265
GOLD,01/24/2023,19.00,19.50,18.97,19.42,189914
GOLD,01/23/2023,18.70,19.27,18.65,19.23,269952
GOLD,01/20/2023,18.61,18.98,18.52,18.97,165086
GOLD,01/19/2023,18.54,18.92,18.40,18.72,172251
GOLD,01/18/2023,19.00,19.06,18.38,18.38,156757
GOLD,01/17/2023,19.25,19.46,18.67,18.75,213911
GOLD,01/13/2023,19.45,19.82,19.43,19.64,165454
GOLD,01/12/2023,19.60,19.61,19.21,19.43,137943
GOLD,01/11/2023,19.47,19.52,18.95,19.22,143035
GOLD,01/10/2023,18.99,19.46,18.84,19.39,164779
GOLD,01/09/2023,19.22,19.37,18.96,18.97,182619
GOLD,01/06/2023,19.10,19.17,18.52,19.04,217012
GOLD,01/05/2023,18.64,18.83,18.34,18.78,178957
GOLD,01/04/2023,18.14,19.06,18.11,18.88,284569
GOLD,01/03/2023,17.53,17.95,17.45,17.83,163189
GOLD,12/30/2022,17.31,17.33,17.04,17.18,126086
GOLD,12/29/2022,17.34,17.46,17.22,17.25,82515
GOLD,12/28/2022,17.60,17.66,17.11,17.21,129604
GOLD,12/27/2022,17.44,17.93,17.43,17.77,116041
GOLD,12/23/2022,17.26,17.50,17.09,17.39,127911
GOLD,12/22/2022,17.19,17.38,16.96,17.30,162192
GOLD,12/21/2022,17.38,17.67,17.33,17.50,202217
GOLD,12/20/2022,16.85,17.41,16.82,17.28,256364
GOLD,12/19/2022,16.95,16.98,16.47,16.55,163288
GOLD,12/16/2022,16.58,17.06,16.56,16.90,196746
GOLD,12/15/2022,16.98,17.10,16.64,16.65,191151
GOLD,12/14/2022,17.44,17.60,17.12,17.39,182019
GOLD,12/13/2022,17.42,17.64,17.15,17.44,282712
GOLD,12/12/2022,16.50,16.74,16.28,16.73,197983
GOLD,12/09/2022,17.12,17.20,16.58,16.58,204710
GOLD,12/08/2022,17.00,17.08,16.76,16.80,161853
GOLD,12/07/2022,16.57,17.11,16.55,16.86,211168
GOLD,12/06/2022,16.78,16.91,16.35,16.45,171405
GOLD,12/05/2022,16.81,16.91,16.47,16.52,206578
GOLD,12/02/2022,16.58,17.14,16.58,16.98,187488
GOLD,12/01/2022,16.78,17.34,16.67,17.09,311593
GOLD,11/30/2022,16.05,16.44,15.87,16.32,251839
GOLD,11/29/2022,15.57,15.96,15.54,15.87,157454
GOLD,11/28/2022,16.03,16.09,15.50,15.50,259147
GOLD,11/25/2022,16.15,16.27,16.01,16.02,93387
GOLD,11/23/2022,15.93,16.30,15.90,16.23,141457
GOLD,11/22/2022,15.47,16.06,15.38,16.01,165795
GOLD,11/21/2022,15.41,15.52,15.13,15.35,118311
GOLD,11/18/2022,15.52,15.63,15.36,15.62,157441
GOLD,11/17/2022,15.41,15.62,15.35,15.57,158596
GOLD,11/16/2022,15.90,16.15,15.78,15.79,113959
GOLD,11/15/2022,16.39,16.45,15.78,16.00,244852
GOLD,11/14/2022,16.41,16.42,16.03,16.19,162730
GOLD,11/11/2022,16.43,16.58,16.31,16.44,177904
GOLD,11/10/2022,16.30,16.45,15.95,16.43,285104
GOLD,11/09/2022,15.53,15.81,15.26,15.35,175747
GOLD,11/08/2022,14.59,15.80,14.55,15.61,373555
GOLD,11/07/2022,14.31,14.58,14.18,14.57,220176
GOLD,11/04/2022,13.65,14.24,13.57,14.20,377876
GOLD,11/03/2022,14.14,14.27,13.01,13.10,586926
GOLD,11/02/2022,15.20,15.31,14.28,14.34,329874
GOLD,11/01/2022,15.40,15.50,15.10,15.14,240941
GOLD,10/31/2022,15.18,15.28,15.02,15.03,178206
GOLD,10/28/2022,15.34,15.44,15.19,15.31,167653
GOLD,10/27/2022,15.58,15.77,15.45,15.48,178977
GOLD,10/26/2022,15.48,15.90,15.44,15.70,182871
GOLD,10/25/2022,15.06,15.37,15.06,15.26,219915
GOLD,10/24/2022,14.77,15.05,14.65,15.05,183374
GOLD,10/21/2022,14.57,15.09,14.51,15.01,194782
GOLD,10/20/2022,14.46,14.94,14.42,14.51,169809
GOLD,10/19/2022,14.51,14.60,14.35,14.45,210869
GOLD,10/18/2022,14.79,14.93,14.63,14.79,134693
GOLD,10/17/2022,14.63,14.85,14.52,14.61,250185
GOLD,10/14/2022,14.45,14.59,14.13,14.16,189650
GOLD,10/13/2022,14.48,14.73,13.99,14.67,326475
GOLD,10/12/2022,15.00,15.31,14.89,15.06,222572
GOLD,10/11/2022,15.26,15.48,15.01,15.01,197730
GOLD,10/10/2022,15.34,15.65,15.25,15.27,112609
GOLD,10/07/2022,15.93,16.03,15.48,15.48,218326
GOLD,10/06/2022,15.83,16.16,15.69,16.15,226084
GOLD,10/05/2022,15.70,15.96,15.44,15.90,252539
GOLD,10/04/2022,16.06,16.49,15.97,16.05,338560
GOLD,10/03/2022,15.72,15.94,15.46,15.92,349591
GOLD,09/30/2022,15.10,15.74,14.98,15.50,376603
GOLD,09/29/2022,14.84,15.11,14.66,15.10,258243
GOLD,09/28/2022,14.43,14.97,14.38,14.95,227274
GOLD,09/27/2022,14.41,14.55,14.09,14.10,175051
GOLD,09/26/2022,14.35,14.52,13.97,14.19,220961
GOLD,09/23/2022,14.66,14.75,14.26,14.48,250131
GOLD,09/22/2022,15.29,15.46,15.01,15.07,187158
GOLD,09/21/2022,15.01,15.52,14.90,15.18,264593
GOLD,09/20/2022,15.08,15.23,14.85,15.05,251815
GOLD,09/19/2022,15.12,15.51,15.03,15.50,138259
GOLD,09/16/2022,14.90,15.53,14.83,15.30,227534
GOLD,09/15/2022,15.32,15.53,14.99,15.14,236688
GOLD,09/14/2022,15.56,15.82,15.53,15.60,158531
GOLD,09/13/2022,15.45,15.82,15.42,15.55,152017
GOLD,09/12/2022,16.18,16.22,15.87,15.96,173772
GOLD,09/09/2022,15.81,15.97,15.71,15.92,206542
GOLD,09/08/2022,15.26,15.62,15.20,15.61,158463
GOLD,09/07/2022,14.74,15.50,14.71,15.36,201207
GOLD,09/06/2022,15.00,15.14,14.72,14.83,165270
GOLD,09/02/2022,14.90,15.23,14.70,14.90,188590
GOLD,09/01/2022,14.64,14.86,14.53,14.59,227503
GOLD,08/31/2022,14.87,15.09,14.80,14.85,186369
GOLD,08/30/2022,15.17,15.20,14.85,14.99,273877
GOLD,08/29/2022,15.40,15.62,15.28,15.35,255461
GOLD,08/26/2022,16.43,16.47,15.37,15.48,295077
GOLD,08/25/2022,16.40,16.50,16.15,16.37,135448
GOLD,08/24/2022,16.00,16.37,15.98,16.35,183841
GOLD,08/23/2022,16.30,16.70,16.18,16.21,213059
GOLD,08/22/2022,15.92,16.30,15.88,16.17,200200
GOLD,08/19/2022,16.25,16.34,16.02,16.07,221960
GOLD,08/18/2022,16.50,16.59,16.34,16.41,141602
GOLD,08/17/2022,16.74,16.78,16.43,16.45,295968
GOLD,08/16/2022,16.65,16.88,16.55,16.85,182423
GOLD,08/15/2022,16.30,16.68,16.23,16.67,160270
GOLD,08/12/2022,16.44,16.84,16.43,16.74,183036
GOLD,08/11/2022,16.56,16.75,16.37,16.40,161602
GOLD,08/10/2022,16.50,16.78,16.34,16.53,219336
GOLD,08/09/2022,16.35,16.45,15.99,16.44,227198
GOLD,08/08/2022,16.06,16.46,15.95,16.20,246681
GOLD,08/05/2022,15.45,15.61,15.20,15.60,232121
GOLD,08/04/2022,15.46,16.02,15.43,15.78,272524
GOLD,08/03/2022,15.60,15.67,15.09,15.20,258092
GOLD,08/02/2022,15.92,16.27,15.50,15.52,257590
GOLD,08/01/2022,15.85,15.95,15.63,15.72,161733
GOLD,07/29/2022,15.85,15.87,15.34,15.74,174189
GOLD,07/28/2022,15.87,15.97,15.47,15.63,244035
GOLD,07/27/2022,15.18,15.48,15.03,15.41,250204
GOLD,07/26/2022,15.05,15.29,15.00,15.27,222920
GOLD,07/25/2022,15.33,15.51,14.80,14.91,309326
GOLD,07/22/2022,15.60,15.90,15.18,15.33,286795
GOLD,07/21/2022,15.52,15.76,15.38,15.50,294177
GOLD,07/20/2022,15.99,16.05,15.43,15.45,218374
GOLD,07/19/2022,15.81,16.08,15.71,16.03,189283
GOLD,07/18/2022,15.96,16.09,15.82,15.82,173721
GOLD,07/15/2022,15.85,15.88,15.40,15.66,245860
GOLD,07/14/2022,15.86,15.95,15.27,15.77,388621
GOLD,07/13/2022,16.28,16.93,16.17,16.49,289467
GOLD,07/12/2022,16.94,16.99,16.38,16.44,257351
GOLD,07/11/2022,17.01,17.27,16.91,16.98,192415
GOLD,07/08/2022,17.26,17.47,17.03,17.18,123340
GOLD,07/07/2022,17.32,17.59,17.11,17.25,129145
GOLD,07/06/2022,17.39,17.51,16.78,17.22,185117
GOLD,07/05/2022,17.99,18.16,17.08,17.42,214937
GOLD,07/01/2022,17.50,18.18,17.33,18.06,194827
GOLD,06/30/2022,18.29,18.34,17.64,17.69,204810
GOLD,06/29/2022,18.88,18.94,18.27,18.39,161457
GOLD,06/28/2022,19.04,19.15,18.53,18.55,158637
GOLD,06/27/2022,18.83,19.06,18.71,19.04,192615
GOLD,06/24/2022,18.48,18.84,18.21,18.78,195175
GOLD,06/23/2022,19.38,19.61,18.39,18.55,206393
GOLD,06/22/2022,19.58,19.88,19.35,19.40,145318
GOLD,06/21/2022,19.55,19.86,19.55,19.58,217078
GOLD,06/17/2022,19.78,19.91,19.32,19.55,277980
GOLD,06/16/2022,19.45,20.19,19.22,20.03,210467
GOLD,06/15/2022,19.85,19.97,19.05,19.56,241711
GOLD,06/14/2022,20.00,20.16,19.29,19.47,199150
GOLD,06/13/2022,20.39,20.59,20.04,20.12,266099
GOLD,06/10/2022,19.88,21.17,19.71,21.03,211772
GOLD,06/09/2022,20.66,20.73,20.09,20.09,116832
GOLD,06/08/2022,20.69,20.95,20.56,20.77,128757
GOLD,06/07/2022,20.51,20.76,20.38,20.74,112455
GOLD,06/06/2022,20.82,20.87,20.38,20.51,89435
GOLD,06/03/2022,20.70,20.93,20.61,20.68,97499
GOLD,06/02/2022,20.73,21.08,20.67,20.97,141859
GOLD,06/01/2022,20.65,20.76,20.23,20.35,127882
GOLD,05/31/2022,20.86,21.04,20.32,20.49,171339
GOLD,05/27/2022,20.78,20.88,20.42,20.60,138061
GOLD,05/26/2022,21.00,21.08,20.55,20.63,196188
GOLD,05/25/2022,21.06,21.33,20.98,21.25,148731
GOLD,05/24/2022,20.73,21.40,20.66,21.31,210836
GOLD,05/23/2022,21.13,21.22,20.53,20.73,108386
GOLD,05/20/2022,20.56,20.81,20.46,20.76,198599
GOLD,05/19/2022,20.20,20.91,20.13,20.72,240931
GOLD,05/18/2022,20.36,20.47,19.73,19.75,206381
GOLD,05/17/2022,20.83,20.83,20.36,20.47,138428
GOLD,05/16/2022,20.43,20.58,20.33,20.52,134271
GOLD,05/13/2022,20.20,20.72,20.11,20.43,177540
GOLD,05/12/2022,20.82,21.02,20.04,20.34,237900
GOLD,05/11/2022,21.66,21.89,21.13,21.23,207461
GOLD,05/10/2022,21.73,21.88,21.00,21.29,206975
GOLD,05/09/2022,21.87,22.14,21.41,21.49,318210
GOLD,05/06/2022,22.39,22.63,22.23,22.42,137580
GOLD,05/05/2022,23.38,23.42,22.27,22.56,171289
GOLD,05/04/2022,22.95,23.21,22.30,23.19,177604
GOLD,05/03/2022,22.38,22.68,22.19,22.41,189879
GOLD,05/02/2022,21.77,22.23,21.51,22.16,263790
GOLD,04/29/2022,22.79,22.89,22.28,22.31,181289
GOLD,04/28/2022,22.24,22.48,22.08,22.43,166206
GOLD,04/27/2022,22.37,22.56,22.13,22.24,164925
GOLD,04/26/2022,22.85,23.00,22.29,22.37,207447
GOLD,04/25/2022,22.64,22.97,22.22,22.73,322180
GOLD,04/22/2022,23.50,24.09,23.48,23.73,217527
GOLD,04/21/2022,24.91,25.00,23.86,24.22,237978
GOLD,04/20/2022,25.13,25.29,24.84,25.25,188080
GOLD,04/19/2022,24.93,25.40,24.79,25.01,156746
GOLD,04/18/2022,25.50,25.99,25.36,25.38,150229
GOLD,04/14/2022,25.36,25.48,24.90,25.20,188543
GOLD,04/13/2022,25.70,25.86,25.43,25.58,122716
GOLD,04/12/2022,25.72,25.92,25.31,25.44,145366
GOLD,04/11/2022,25.78,25.91,25.16,25.40,146423
GOLD,04/08/2022,25.01,25.49,24.90,25.41,144640
GOLD,04/07/2022,24.65,25.06,24.54,24.90,210444
GOLD,04/06/2022,24.72,24.89,24.37,24.61,142592
GOLD,04/05/2022,25.01,25.48,24.33,24.46,168906
GOLD,04/04/2022,25.08,25.12,24.55,24.86,129865
GOLD,04/01/2022,24.60,25.01,24.28,24.94,152695
GOLD,03/31/2022,24.85,25.13,24.53,24.53,115110
GOLD,03/30/2022,24.75,24.94,24.65,24.85,139066
GOLD,03/29/2022,23.76,24.57,23.61,24.53,214271
GOLD,03/28/2022,24.10,24.32,23.94,24.23,175049
GOLD,03/25/2022,24.29,24.63,24.18,24.54,157418
GOLD,03/24/2022,24.79,24.96,24.41,24.50,175154
GOLD,03/23/2022,24.40,24.59,24.16,24.57,164015
GOLD,03/22/2022,24.19,24.39,23.84,24.23,162007
GOLD,03/21/2022,24.04,24.60,23.88,24.30,213189
GOLD,03/18/2022,24.00,24.15,23.73,23.87,344654
GOLD,03/17/2022,23.98,24.54,23.86,24.08,226927
GOLD,03/16/2022,23.58,23.94,23.20,23.61,239513
GOLD,03/15/2022,23.04,24.03,22.81,23.77,258915
GOLD,03/14/2022,23.67,24.01,23.38,23.64,231270
GOLD,03/11/2022,23.70,24.57,23.48,24.35,198669
GOLD,03/10/2022,24.48,25.01,24.27,24.49,264840
GOLD,03/09/2022,23.86,24.63,23.40,24.33,389430
GOLD,03/08/2022,24.99,26.07,24.48,25.36,661079
GOLD,03/07/2022,24.12,24.98,23.94,24.86,387645
GOLD,03/04/2022,23.80,24.48,23.57,24.20,344183
GOLD,03/03/2022,23.21,23.70,23.12,23.57,238482
GOLD,03/02/2022,23.01,23.36,22.66,23.15,220517
GOLD,03/01/2022,22.92,23.50,22.73,23.46,320382
GOLD,02/28/2022,22.78,22.91,22.33,22.57,235370
GOLD,02/25/2022,22.04,22.62,22.01,22.56,221790
GOLD,02/24/2022,23.50,23.59,22.09,22.54,533719
GOLD,02/23/2022,22.84,23.18,22.70,22.83,236726
GOLD,02/22/2022,23.20,23.44,22.56,22.76,293900
GOLD,02/18/2022,23.01,23.35,22.93,23.14,285176
GOLD,02/17/2022,22.55,23.47,22.41,23.23,459691
GOLD,02/16/2022,21.46,22.45,21.13,22.23,393621
GOLD,02/15/2022,20.44,20.74,20.29,20.68,216512
GOLD,02/14/2022,20.75,21.20,20.71,21.09,375498
