GRAB,06/23/2023,3.27,3.28,3.16,3.16,49098
GRAB,06/22/2023,3.40,3.41,3.32,3.33,74231
GRAB,06/21/2023,3.37,3.41,3.31,3.39,119999
GRAB,06/20/2023,3.50,3.52,3.34,3.38,155895
GRAB,06/16/2023,3.45,3.49,3.40,3.42,206250
GRAB,06/15/2023,3.38,3.50,3.36,3.44,119839
GRAB,06/14/2023,3.50,3.50,3.32,3.40,138781
GRAB,06/13/2023,3.46,3.58,3.40,3.45,258869
GRAB,06/12/2023,3.41,3.49,3.40,3.44,102592
GRAB,06/09/2023,3.39,3.50,3.37,3.44,227209
GRAB,06/08/2023,3.20,3.40,3.17,3.40,144802
GRAB,06/07/2023,3.20,3.27,3.17,3.24,103422
GRAB,06/06/2023,3.10,3.25,3.09,3.23,126151
GRAB,06/05/2023,3.01,3.13,3.01,3.11,104816
GRAB,06/02/2023,3.02,3.06,3.00,3.02,82525
GRAB,06/01/2023,2.96,3.00,2.88,2.98,159650
GRAB,05/31/2023,2.92,3.01,2.85,2.98,789426
GRAB,05/30/2023,3.07,3.11,2.88,2.92,208185
GRAB,05/26/2023,3.00,3.10,2.97,3.04,124398
GRAB,05/25/2023,3.01,3.07,2.95,3.00,181699
GRAB,05/24/2023,2.94,3.08,2.93,3.05,173038
GRAB,05/23/2023,3.03,3.12,2.95,3.01,202668
GRAB,05/22/2023,2.80,3.10,2.76,3.06,372970
GRAB,05/19/2023,2.85,2.98,2.75,2.75,371380
GRAB,05/18/2023,3.11,3.13,2.67,2.74,793973
GRAB,05/17/2023,3.11,3.23,3.10,3.22,180617
GRAB,05/16/2023,3.22,3.26,3.13,3.16,149372
GRAB,05/15/2023,3.14,3.30,3.12,3.28,120767
GRAB,05/12/2023,3.21,3.28,3.11,3.17,130260
GRAB,05/11/2023,3.21,3.28,3.18,3.21,201528
GRAB,05/10/2023,3.25,3.29,3.14,3.19,120251
GRAB,05/09/2023,3.33,3.33,3.17,3.19,204140
GRAB,05/08/2023,3.05,3.40,3.05,3.34,295809
GRAB,05/05/2023,3.00,3.09,2.98,3.02,100779
GRAB,05/04/2023,2.87,2.98,2.85,2.98,92560
GRAB,05/03/2023,2.92,2.98,2.85,2.87,134359
GRAB,05/02/2023,2.96,3.00,2.90,2.94,84953
GRAB,05/01/2023,2.91,2.95,2.88,2.94,44174
GRAB,04/28/2023,2.77,2.96,2.76,2.91,111175
GRAB,04/27/2023,2.80,2.80,2.73,2.79,117884
GRAB,04/26/2023,2.83,2.84,2.73,2.76,134571
GRAB,04/25/2023,2.89,2.89,2.76,2.77,101783
GRAB,04/24/2023,2.96,2.99,2.92,2.92,50356
GRAB,04/21/2023,3.04,3.04,2.88,2.93,166356
GRAB,04/20/2023,3.01,3.10,2.98,3.01,95938
GRAB,04/19/2023,2.95,3.08,2.91,3.05,120411
GRAB,04/18/2023,3.00,3.05,2.93,2.99,125208
GRAB,04/17/2023,2.97,3.01,2.94,2.97,82078
GRAB,04/14/2023,3.01,3.03,2.88,2.94,131410
GRAB,04/13/2023,3.05,3.10,3.01,3.02,80156
GRAB,04/12/2023,3.01,3.09,2.96,2.99,150993
GRAB,04/11/2023,3.06,3.11,2.95,2.98,131902
GRAB,04/10/2023,3.00,3.11,2.99,3.06,72476
GRAB,04/06/2023,3.08,3.10,2.98,3.03,162787
GRAB,04/05/2023,3.15,3.28,3.03,3.12,120177
GRAB,04/04/2023,3.14,3.26,3.13,3.15,221033
GRAB,04/03/2023,3.04,3.14,2.99,3.09,176802
GRAB,03/31/2023,2.90,3.10,2.87,3.01,170302
GRAB,03/30/2023,3.03,3.14,2.83,2.85,208232
GRAB,03/29/2023,2.91,3.06,2.88,3.02,159601
GRAB,03/28/2023,2.80,2.88,2.79,2.85,108042
GRAB,03/27/2023,2.76,2.77,2.69,2.77,94974
GRAB,03/24/2023,2.73,2.78,2.65,2.68,162314
GRAB,03/23/2023,2.80,2.90,2.72,2.75,170186
GRAB,03/22/2023,2.88,2.89,2.77,2.78,73732
GRAB,03/21/2023,2.80,2.96,2.79,2.87,104821
GRAB,03/20/2023,2.79,2.86,2.75,2.79,75025
GRAB,03/17/2023,2.87,2.88,2.76,2.86,130418
GRAB,03/16/2023,2.80,2.87,2.75,2.84,158699
GRAB,03/15/2023,2.86,2.88,2.81,2.85,66132
GRAB,03/14/2023,2.93,2.99,2.87,2.91,96618
GRAB,03/13/2023,2.80,2.92,2.76,2.86,110203
GRAB,03/10/2023,2.97,2.99,2.80,2.85,153645
GRAB,03/09/2023,3.12,3.18,2.97,2.99,139898
GRAB,03/08/2023,3.13,3.17,3.03,3.16,91526
GRAB,03/07/2023,3.11,3.20,3.10,3.11,110771
GRAB,03/06/2023,3.24,3.25,3.11,3.14,127000
GRAB,03/03/2023,3.17,3.31,3.17,3.28,109893
GRAB,03/02/2023,3.03,3.21,3.01,3.20,105208
GRAB,03/01/2023,3.24,3.25,3.08,3.10,90642
GRAB,02/28/2023,3.19,3.26,3.14,3.21,119901
GRAB,02/27/2023,3.12,3.23,3.08,3.17,134613
GRAB,02/24/2023,3.15,3.16,3.05,3.10,212818
GRAB,02/23/2023,3.55,3.57,3.15,3.21,267457
GRAB,02/22/2023,3.42,3.55,3.35,3.50,187288
GRAB,02/21/2023,3.45,3.52,3.38,3.40,110387
GRAB,02/17/2023,3.63,3.69,3.43,3.48,175715
GRAB,02/16/2023,3.63,3.73,3.56,3.67,198436
GRAB,02/15/2023,3.44,3.71,3.36,3.68,218633
GRAB,02/14/2023,3.34,3.49,3.30,3.48,181845
GRAB,02/13/2023,3.36,3.42,3.30,3.37,269975
GRAB,02/10/2023,3.36,3.42,3.26,3.33,143076
GRAB,02/09/2023,3.63,3.72,3.41,3.44,168622
GRAB,02/08/2023,3.52,3.71,3.52,3.61,166215
GRAB,02/07/2023,3.48,3.51,3.40,3.50,138239
GRAB,02/06/2023,3.50,3.52,3.35,3.46,222622
GRAB,02/03/2023,3.60,3.69,3.52,3.55,199640
GRAB,02/02/2023,3.72,3.80,3.51,3.63,285842
GRAB,02/01/2023,3.82,3.89,3.70,3.72,174468
GRAB,01/31/2023,3.70,3.85,3.66,3.79,143127
GRAB,01/30/2023,3.61,3.76,3.59,3.71,152644
GRAB,01/27/2023,3.63,3.77,3.61,3.71,259765
GRAB,01/26/2023,3.74,3.84,3.59,3.63,156588
GRAB,01/25/2023,3.60,3.69,3.50,3.68,165198
GRAB,01/24/2023,3.70,3.70,3.57,3.60,118903
GRAB,01/23/2023,3.69,3.78,3.64,3.74,128952
GRAB,01/20/2023,3.70,3.80,3.59,3.68,222236
GRAB,01/19/2023,3.67,3.80,3.59,3.59,188743
GRAB,01/18/2023,4.00,4.00,3.59,3.71,607986
GRAB,01/17/2023,3.75,4.03,3.71,3.97,427131
GRAB,01/13/2023,3.55,3.62,3.52,3.58,135710
GRAB,01/12/2023,3.63,3.69,3.53,3.61,97757
GRAB,01/11/2023,3.75,3.75,3.53,3.61,172900
GRAB,01/10/2023,3.71,3.75,3.56,3.72,148533
GRAB,01/09/2023,3.53,3.81,3.52,3.72,278522
GRAB,01/06/2023,3.50,3.57,3.42,3.47,106961
GRAB,01/05/2023,3.46,3.54,3.42,3.48,77339
GRAB,01/04/2023,3.49,3.55,3.36,3.50,113414
GRAB,01/03/2023,3.28,3.48,3.26,3.46,169245
GRAB,12/30/2022,3.13,3.30,3.13,3.22,58010
GRAB,12/29/2022,3.15,3.27,3.07,3.21,92776
GRAB,12/28/2022,3.28,3.29,3.15,3.15,74073
GRAB,12/27/2022,3.22,3.33,3.18,3.30,112617
GRAB,12/23/2022,3.04,3.30,2.97,3.27,161711
GRAB,12/22/2022,3.13,3.15,3.03,3.06,123643
GRAB,12/21/2022,2.99,3.12,2.92,3.12,90673
GRAB,12/20/2022,3.00,3.07,2.94,2.99,87045
GRAB,12/19/2022,3.19,3.20,3.00,3.01,85134
GRAB,12/16/2022,3.19,3.34,3.15,3.19,178763
GRAB,12/15/2022,3.20,3.37,3.20,3.20,187456
GRAB,12/14/2022,3.22,3.38,3.19,3.31,177561
GRAB,12/13/2022,3.29,3.32,3.17,3.22,199127
GRAB,12/12/2022,3.00,3.17,2.98,3.15,121366
GRAB,12/09/2022,3.08,3.11,3.01,3.02,67873
GRAB,12/08/2022,2.98,3.12,2.92,3.06,99968
GRAB,12/07/2022,2.96,3.02,2.88,2.94,159559
GRAB,12/06/2022,3.08,3.10,2.96,3.01,140290
GRAB,12/05/2022,3.17,3.21,3.04,3.10,182474
GRAB,12/02/2022,3.00,3.25,2.95,3.16,146191
GRAB,12/01/2022,3.00,3.15,2.97,3.07,100502
GRAB,11/30/2022,2.85,3.09,2.85,3.02,198792
GRAB,11/29/2022,2.86,2.91,2.80,2.83,109682
GRAB,11/28/2022,2.89,2.93,2.80,2.80,105434
GRAB,11/25/2022,2.95,3.00,2.87,2.96,58945
GRAB,11/23/2022,2.89,2.98,2.86,2.95,100095
GRAB,11/22/2022,2.95,2.96,2.84,2.91,113798
GRAB,11/21/2022,3.12,3.20,2.94,2.97,237828
GRAB,11/18/2022,3.20,3.28,3.15,3.21,126504
GRAB,11/17/2022,3.02,3.30,2.93,3.22,245306
GRAB,11/16/2022,3.37,3.59,3.13,3.15,566711
GRAB,11/15/2022,3.07,3.20,3.02,3.13,215725
GRAB,11/14/2022,2.96,3.04,2.86,2.96,193775
GRAB,11/11/2022,2.70,3.05,2.64,2.94,432591
GRAB,11/10/2022,2.76,2.81,2.62,2.67,138034
GRAB,11/09/2022,2.77,2.77,2.51,2.59,132109
GRAB,11/08/2022,2.91,2.92,2.72,2.79,104416
GRAB,11/07/2022,2.83,2.94,2.83,2.94,111031
GRAB,11/04/2022,2.85,2.93,2.70,2.83,132006
GRAB,11/03/2022,2.66,2.88,2.58,2.79,163283
GRAB,11/02/2022,2.67,2.83,2.58,2.71,203447
GRAB,11/01/2022,2.69,2.77,2.63,2.64,147872
GRAB,10/31/2022,2.53,2.65,2.50,2.60,107945
GRAB,10/28/2022,2.47,2.56,2.44,2.54,103605
GRAB,10/27/2022,2.52,2.56,2.45,2.47,70856
GRAB,10/26/2022,2.40,2.60,2.38,2.52,108295
GRAB,10/25/2022,2.35,2.51,2.32,2.40,137321
GRAB,10/24/2022,2.33,2.33,2.19,2.31,115511
GRAB,10/21/2022,2.36,2.40,2.29,2.36,92817
GRAB,10/20/2022,2.35,2.49,2.33,2.38,98144
GRAB,10/19/2022,2.43,2.46,2.36,2.38,109607
GRAB,10/18/2022,2.56,2.63,2.48,2.50,96308
GRAB,10/17/2022,2.42,2.51,2.42,2.46,107421
GRAB,10/14/2022,2.48,2.57,2.33,2.39,166265
GRAB,10/13/2022,2.37,2.52,2.33,2.47,147897
GRAB,10/12/2022,2.54,2.57,2.46,2.48,113495
GRAB,10/11/2022,2.61,2.73,2.52,2.57,186485
GRAB,10/10/2022,2.78,2.83,2.56,2.68,145844
GRAB,10/07/2022,2.88,3.02,2.80,2.81,202561
GRAB,10/06/2022,2.85,3.03,2.84,3.01,125203
GRAB,10/05/2022,2.83,2.93,2.78,2.86,136578
GRAB,10/04/2022,2.75,3.08,2.75,2.92,295173
GRAB,10/03/2022,2.61,2.74,2.55,2.70,150737
GRAB,09/30/2022,2.61,2.72,2.60,2.63,123024
GRAB,09/29/2022,2.75,2.75,2.51,2.56,202258
GRAB,09/28/2022,2.70,2.83,2.66,2.81,158894
GRAB,09/27/2022,2.88,2.96,2.62,2.72,234121
GRAB,09/26/2022,2.75,2.89,2.74,2.81,182355
GRAB,09/23/2022,2.62,2.79,2.56,2.75,196423
GRAB,09/22/2022,2.82,2.84,2.68,2.70,172000
GRAB,09/21/2022,2.95,2.97,2.76,2.84,147374
GRAB,09/20/2022,3.11,3.14,2.94,2.95,141129
GRAB,09/19/2022,2.97,3.14,2.92,3.14,173396
GRAB,09/16/2022,2.92,3.09,2.88,2.98,387682
GRAB,09/15/2022,3.01,3.15,2.94,2.95,210031
GRAB,09/14/2022,3.11,3.12,2.92,3.05,331020
GRAB,09/13/2022,3.25,3.28,3.02,3.09,342267
GRAB,09/12/2022,3.15,3.47,3.15,3.38,256722
GRAB,09/09/2022,3.14,3.20,3.08,3.15,176460
GRAB,09/08/2022,2.96,3.30,2.96,3.09,317046
GRAB,09/07/2022,2.87,3.08,2.85,3.06,196346
GRAB,09/06/2022,2.91,3.07,2.87,2.90,150804
GRAB,09/02/2022,2.90,2.99,2.80,2.96,223861
GRAB,09/01/2022,2.76,3.01,2.71,2.87,258749
GRAB,08/31/2022,3.06,3.09,2.79,2.85,454563
GRAB,08/30/2022,3.04,3.17,3.02,3.06,354647
GRAB,08/29/2022,2.95,3.20,2.93,2.99,248479
GRAB,08/26/2022,3.14,3.21,2.95,3.05,375905
GRAB,08/25/2022,3.66,3.68,2.98,3.16,459953
GRAB,08/24/2022,3.45,3.72,3.45,3.60,213582
GRAB,08/23/2022,3.34,3.49,3.32,3.47,138352
GRAB,08/22/2022,3.36,3.48,3.31,3.40,124578
GRAB,08/19/2022,3.48,3.54,3.39,3.44,153904
GRAB,08/18/2022,3.51,3.54,3.43,3.51,113115
GRAB,08/17/2022,3.59,3.74,3.52,3.57,178131
GRAB,08/16/2022,3.76,3.76,3.56,3.66,137334
GRAB,08/15/2022,3.81,3.92,3.70,3.77,151106
GRAB,08/12/2022,3.80,3.93,3.72,3.85,327253
GRAB,08/11/2022,3.72,3.87,3.62,3.76,197892
GRAB,08/10/2022,3.67,3.73,3.45,3.68,181888
GRAB,08/09/2022,3.66,3.69,3.50,3.56,158826
GRAB,08/08/2022,3.81,4.00,3.73,3.74,272825
GRAB,08/05/2022,3.53,3.84,3.51,3.81,385995
GRAB,08/04/2022,3.32,3.63,3.28,3.62,251584
GRAB,08/03/2022,3.15,3.48,3.13,3.30,283264
GRAB,08/02/2022,2.95,3.19,2.92,3.10,209984
GRAB,08/01/2022,2.95,2.96,2.81,2.88,90355
GRAB,07/29/2022,2.92,3.04,2.88,2.95,114034
GRAB,07/28/2022,2.94,2.98,2.87,2.97,97101
GRAB,07/27/2022,2.89,2.96,2.81,2.93,129702
GRAB,07/26/2022,2.78,2.91,2.73,2.89,137128
GRAB,07/25/2022,2.77,2.78,2.65,2.75,90194
GRAB,07/22/2022,2.99,2.99,2.68,2.73,210642
GRAB,07/21/2022,2.92,2.97,2.83,2.93,131912
GRAB,07/20/2022,2.84,2.95,2.80,2.89,150354
GRAB,07/19/2022,2.75,2.84,2.75,2.82,172392
GRAB,07/18/2022,2.57,2.82,2.54,2.73,309215
GRAB,07/15/2022,2.54,2.54,2.39,2.49,210002
GRAB,07/14/2022,2.43,2.54,2.40,2.48,199658
GRAB,07/13/2022,2.42,2.61,2.41,2.50,319171
GRAB,07/12/2022,2.41,2.55,2.36,2.51,257865
GRAB,07/11/2022,2.50,2.50,2.32,2.39,309235
GRAB,07/08/2022,2.60,2.62,2.45,2.50,264270
GRAB,07/07/2022,2.58,2.63,2.50,2.63,245500
GRAB,07/06/2022,2.64,2.69,2.42,2.52,337550
GRAB,07/05/2022,2.41,2.73,2.38,2.71,502763
GRAB,07/01/2022,2.52,2.63,2.28,2.38,394528
GRAB,06/30/2022,2.52,2.55,2.35,2.53,338960
GRAB,06/29/2022,2.52,2.60,2.48,2.55,251167
GRAB,06/28/2022,2.71,2.73,2.51,2.52,241711
GRAB,06/27/2022,2.91,2.91,2.63,2.69,379890
GRAB,06/24/2022,2.81,2.97,2.74,2.89,388698
GRAB,06/23/2022,2.62,2.74,2.54,2.74,298656
GRAB,06/22/2022,2.61,2.67,2.51,2.56,278993
GRAB,06/21/2022,2.40,2.76,2.39,2.73,535748
GRAB,06/17/2022,2.39,2.39,2.28,2.33,266143
GRAB,06/16/2022,2.38,2.41,2.29,2.35,257958
GRAB,06/15/2022,2.46,2.55,2.36,2.50,298527
GRAB,06/14/2022,2.48,2.54,2.44,2.45,123283
GRAB,06/13/2022,2.55,2.59,2.36,2.43,303865
GRAB,06/10/2022,2.77,2.83,2.61,2.71,315884
GRAB,06/09/2022,2.93,3.07,2.85,2.89,446805
GRAB,06/08/2022,2.70,3.11,2.66,3.06,456838
GRAB,06/07/2022,2.55,2.68,2.52,2.65,259542
GRAB,06/06/2022,2.66,2.69,2.56,2.64,217569
GRAB,06/03/2022,2.57,2.66,2.48,2.54,158801
GRAB,06/02/2022,2.56,2.70,2.53,2.63,239259
GRAB,06/01/2022,2.70,2.74,2.46,2.61,306421
GRAB,05/31/2022,2.57,2.90,2.47,2.66,873368
GRAB,05/27/2022,2.44,2.53,2.26,2.41,549614
GRAB,05/26/2022,2.50,2.55,2.31,2.32,458793
GRAB,05/25/2022,2.58,2.60,2.32,2.42,482891
GRAB,05/24/2022,2.83,2.83,2.55,2.55,254763
GRAB,05/23/2022,3.12,3.19,2.88,2.89,226434
GRAB,05/20/2022,3.32,3.38,2.92,3.21,423968
GRAB,05/19/2022,2.63,3.68,2.55,3.14,1100228
GRAB,05/18/2022,2.70,2.74,2.46,2.53,196191
GRAB,05/17/2022,2.61,2.77,2.61,2.73,155564
GRAB,05/16/2022,2.78,2.91,2.52,2.58,187934
GRAB,05/13/2022,2.82,2.93,2.79,2.82,177444
GRAB,05/12/2022,2.40,2.87,2.31,2.70,372589
GRAB,05/11/2022,2.66,2.67,2.49,2.51,323594
GRAB,05/10/2022,2.87,2.96,2.70,2.75,204807
GRAB,05/09/2022,2.86,2.91,2.70,2.80,176549
GRAB,05/06/2022,2.96,3.01,2.85,3.01,163842
GRAB,05/05/2022,3.12,3.13,2.95,3.03,113911
GRAB,05/04/2022,3.09,3.19,2.93,3.18,174358
GRAB,05/03/2022,3.09,3.20,3.08,3.15,111584
GRAB,05/02/2022,2.96,3.13,2.86,3.11,146795
GRAB,04/29/2022,2.98,3.10,2.89,2.95,143531
GRAB,04/28/2022,2.83,2.94,2.63,2.86,137373
GRAB,04/27/2022,2.71,2.89,2.68,2.71,96576
GRAB,04/26/2022,2.84,2.85,2.68,2.71,95897
GRAB,04/25/2022,2.80,2.86,2.72,2.86,110577
GRAB,04/22/2022,2.92,2.93,2.81,2.85,139700
GRAB,04/21/2022,3.06,3.10,2.84,2.86,175524
GRAB,04/20/2022,3.25,3.28,3.00,3.01,110316
GRAB,04/19/2022,3.04,3.35,3.00,3.29,144070
GRAB,04/18/2022,3.19,3.23,3.02,3.05,146308
GRAB,04/14/2022,3.41,3.44,3.17,3.20,170720
GRAB,04/13/2022,3.42,3.51,3.36,3.48,130478
GRAB,04/12/2022,3.59,3.62,3.38,3.40,116668
GRAB,04/11/2022,3.51,3.68,3.41,3.52,132507
GRAB,04/08/2022,3.51,3.82,3.35,3.61,180502
GRAB,04/07/2022,3.60,3.65,3.35,3.48,132097
GRAB,04/06/2022,3.62,3.78,3.55,3.59,118449
GRAB,04/05/2022,3.86,3.90,3.52,3.69,152750
GRAB,04/04/2022,3.56,3.92,3.55,3.92,116012
GRAB,04/01/2022,3.60,3.70,3.44,3.47,158762
GRAB,03/31/2022,3.58,3.59,3.39,3.50,169030
GRAB,03/30/2022,3.88,3.92,3.52,3.55,128642
GRAB,03/29/2022,3.60,3.95,3.57,3.91,248723
GRAB,03/28/2022,3.41,3.52,3.34,3.44,153300
GRAB,03/25/2022,3.62,3.65,3.28,3.30,155337
GRAB,03/24/2022,3.79,3.80,3.53,3.63,151362
GRAB,03/23/2022,3.76,3.79,3.58,3.71,95411
GRAB,03/22/2022,4.00,4.02,3.70,3.75,131112
GRAB,03/21/2022,4.02,4.08,3.78,3.87,128126
GRAB,03/18/2022,3.77,4.13,3.64,4.10,239471
GRAB,03/17/2022,3.50,3.80,3.43,3.78,152346
GRAB,03/16/2022,3.19,3.72,3.16,3.53,357181
GRAB,03/15/2022,3.01,3.34,2.95,3.03,294395
GRAB,03/14/2022,3.06,3.28,2.97,3.02,238375
GRAB,03/11/2022,3.27,3.27,2.99,3.14,193494
GRAB,03/10/2022,3.20,3.40,2.98,3.29,214672
GRAB,03/09/2022,3.36,3.36,3.06,3.14,277346
GRAB,03/08/2022,3.34,3.41,3.11,3.24,270417
GRAB,03/07/2022,3.32,3.63,3.30,3.36,258619
GRAB,03/04/2022,3.58,4.18,3.26,3.36,857580
GRAB,03/03/2022,4.83,4.84,3.09,3.28,1153464
GRAB,03/02/2022,5.45,5.53,5.08,5.23,176958
GRAB,03/01/2022,5.62,5.68,5.40,5.52,140402
GRAB,02/28/2022,5.88,6.03,5.61,5.76,1278447
GRAB,02/25/2022,5.37,5.86,5.35,5.80,251316
GRAB,02/24/2022,4.83,5.52,4.83,5.50,313516
GRAB,02/23/2022,5.19,5.42,5.13,5.30,251804
GRAB,02/22/2022,5.40,5.48,4.96,5.17,270467
GRAB,02/18/2022,5.75,5.79,5.40,5.52,165435
GRAB,02/17/2022,5.99,6.05,5.74,5.81,123613
GRAB,02/16/2022,6.01,6.08,5.94,6.04,149277
GRAB,02/15/2022,6.00,6.23,5.89,6.00,181078
GRAB,02/14/2022,5.82,6.13,5.77,5.92,217548
