GWW,06/23/2023,732.77,736.79,729.95,733.50,131
GWW,06/22/2023,742.36,743.50,735.26,735.93,2385
GWW,06/21/2023,729.65,743.54,728.61,742.10,2672
GWW,06/20/2023,730.00,736.52,725.53,730.68,2572
GWW,06/16/2023,744.29,748.76,731.30,732.43,4139
GWW,06/15/2023,726.99,745.73,723.80,743.89,2541
GWW,06/14/2023,735.88,740.31,723.74,727.07,2400
GWW,06/13/2023,721.32,738.88,721.32,736.98,2998
GWW,06/12/2023,708.79,723.33,705.21,722.33,2938
GWW,06/09/2023,707.04,708.40,695.99,706.48,2304
GWW,06/08/2023,696.89,707.39,694.22,704.98,2659
GWW,06/07/2023,686.48,697.88,683.84,697.84,2714
GWW,06/06/2023,668.28,686.57,661.01,685.81,5404
GWW,06/05/2023,677.44,679.28,673.20,675.66,2499
GWW,06/02/2023,657.64,678.65,654.65,677.77,3845
GWW,06/01/2023,650.55,655.80,641.95,655.31,2546
GWW,05/31/2023,652.30,653.27,647.07,649.02,5627
GWW,05/30/2023,664.23,664.45,652.31,654.06,3090
GWW,05/26/2023,660.47,665.92,655.07,664.23,1954
GWW,05/25/2023,660.04,660.98,654.50,659.61,2237
GWW,05/24/2023,661.40,661.40,653.62,656.58,2436
GWW,05/23/2023,666.58,668.88,659.37,659.64,2647
GWW,05/22/2023,681.57,683.98,669.45,671.30,2662
GWW,05/19/2023,683.76,686.51,677.60,681.78,1549
GWW,05/18/2023,673.56,680.18,669.97,679.29,1490
GWW,05/17/2023,668.35,673.28,663.91,671.27,1782
GWW,05/16/2023,666.77,670.00,659.90,664.26,2287
GWW,05/15/2023,682.12,682.28,668.99,670.39,2636
GWW,05/12/2023,686.31,691.34,677.63,684.62,1768
GWW,05/11/2023,677.43,684.49,674.23,684.37,1600
GWW,05/10/2023,690.91,690.91,672.46,681.46,1807
GWW,05/09/2023,677.02,685.89,677.01,684.51,1928
GWW,05/08/2023,674.98,679.04,671.16,678.22,1748
GWW,05/05/2023,669.98,678.18,669.67,675.51,2367
GWW,05/04/2023,681.71,681.71,662.61,667.50,2476
GWW,05/03/2023,692.77,697.41,681.20,683.61,3637
GWW,05/02/2023,693.00,695.63,680.98,688.81,2217
GWW,05/01/2023,697.98,703.87,695.33,695.96,2629
GWW,04/28/2023,698.69,698.69,689.51,695.57,4479
GWW,04/27/2023,679.71,696.60,672.30,696.36,5351
GWW,04/26/2023,666.09,669.59,659.81,659.82,3424
GWW,04/25/2023,674.72,678.00,668.98,671.83,2085
GWW,04/24/2023,672.15,678.33,671.78,675.32,2039
GWW,04/21/2023,668.99,670.62,664.14,670.11,1923
GWW,04/20/2023,663.01,671.87,659.83,667.17,1696
GWW,04/19/2023,664.06,667.87,658.23,665.43,1712
GWW,04/18/2023,664.59,666.36,656.71,666.34,2768
GWW,04/17/2023,653.99,661.20,652.48,660.82,2283
GWW,04/14/2023,645.65,659.82,645.65,651.11,2604
GWW,04/13/2023,647.87,651.26,625.97,646.69,4024
GWW,04/12/2023,654.39,663.87,650.72,655.38,2675
GWW,04/11/2023,652.28,655.99,647.18,648.40,2458
GWW,04/10/2023,641.30,653.61,639.60,651.46,2271
GWW,04/06/2023,642.00,648.57,637.42,641.66,3025
GWW,04/05/2023,650.57,653.17,632.26,646.25,4606
GWW,04/04/2023,681.97,686.70,652.80,656.68,3297
GWW,04/03/2023,685.16,687.20,677.30,683.17,2596
GWW,03/31/2023,673.30,689.74,672.81,688.81,3007
GWW,03/30/2023,677.64,678.48,667.89,669.27,2029
GWW,03/29/2023,681.79,681.79,671.27,675.04,2219
GWW,03/28/2023,671.11,677.28,666.41,675.84,1497
GWW,03/27/2023,668.55,673.17,665.11,671.66,1602
GWW,03/24/2023,661.68,668.83,650.46,663.60,2623
GWW,03/23/2023,668.41,675.60,659.22,665.38,2352
GWW,03/22/2023,677.12,686.69,668.11,668.61,2236
GWW,03/21/2023,681.69,683.11,674.01,680.82,3825
GWW,03/20/2023,667.35,676.48,667.35,673.89,3178
GWW,03/17/2023,680.43,681.29,662.00,663.50,5152
GWW,03/16/2023,663.09,683.83,663.09,681.33,3348
GWW,03/15/2023,674.74,676.92,656.17,667.74,4405
GWW,03/14/2023,683.33,690.98,676.82,686.13,2968
GWW,03/13/2023,673.84,685.74,668.47,674.86,2830
GWW,03/10/2023,694.14,694.14,674.03,677.88,2286
GWW,03/09/2023,703.06,704.89,690.34,693.01,1870
GWW,03/08/2023,693.42,702.31,693.42,700.40,2196
GWW,03/07/2023,698.66,706.89,693.59,694.67,2298
GWW,03/06/2023,696.56,709.21,696.56,699.65,3409
GWW,03/03/2023,690.59,697.91,686.59,697.59,3462
GWW,03/02/2023,671.50,686.88,670.23,684.50,2118
GWW,03/01/2023,667.00,678.40,666.31,671.01,2262
GWW,02/28/2023,672.66,679.58,667.50,668.43,3816
GWW,02/27/2023,667.88,679.93,666.30,675.02,3261
GWW,02/24/2023,657.93,665.71,652.25,664.10,2151
GWW,02/23/2023,659.98,661.20,650.71,657.94,1934
GWW,02/22/2023,657.59,661.02,654.45,657.70,1933
GWW,02/21/2023,670.05,674.12,656.15,656.19,2441
GWW,02/17/2023,670.67,682.74,669.71,677.35,2272
GWW,02/16/2023,667.24,675.58,665.32,670.09,1908
GWW,02/15/2023,662.73,674.19,660.75,672.67,1813
GWW,02/14/2023,665.28,673.74,659.45,666.54,1984
GWW,02/13/2023,659.37,670.17,656.66,668.57,2328
GWW,02/10/2023,656.38,657.21,649.20,656.49,3796
GWW,02/09/2023,664.82,669.37,658.32,661.11,2547
GWW,02/08/2023,674.88,680.11,663.53,663.77,3106
GWW,02/07/2023,668.45,679.91,660.21,678.28,2838
GWW,02/06/2023,675.81,683.89,671.51,674.28,4090
GWW,02/03/2023,675.02,685.23,662.76,675.81,4654
GWW,02/02/2023,638.08,676.12,628.18,675.57,9882
GWW,02/01/2023,584.63,604.49,584.63,598.05,5022
GWW,01/31/2023,577.33,590.45,573.71,589.48,4687
GWW,01/30/2023,569.97,585.87,569.95,575.32,4014
GWW,01/27/2023,565.22,573.72,565.22,571.79,1587
GWW,01/26/2023,563.00,569.89,558.80,564.93,2492
GWW,01/25/2023,564.68,568.51,557.68,559.85,2172
GWW,01/24/2023,565.98,571.49,556.77,570.83,1423
GWW,01/23/2023,560.19,569.36,560.17,561.72,1834
GWW,01/20/2023,546.78,561.69,544.95,560.24,2705
GWW,01/19/2023,570.10,573.83,547.05,547.73,4401
GWW,01/18/2023,573.02,577.39,567.83,570.67,2448
GWW,01/17/2023,578.22,579.78,571.18,571.67,3398
GWW,01/13/2023,566.43,574.14,563.68,573.86,1670
GWW,01/12/2023,582.51,586.39,570.19,572.54,2305
GWW,01/11/2023,566.08,582.28,566.05,582.28,3498
GWW,01/10/2023,557.63,567.88,557.63,563.92,2760
GWW,01/09/2023,556.75,572.16,553.85,557.63,2935
GWW,01/06/2023,545.19,553.84,543.46,552.73,2108
GWW,01/05/2023,552.46,556.33,534.01,537.53,2965
GWW,01/04/2023,556.31,561.22,544.91,554.03,2383
GWW,01/03/2023,558.54,559.12,549.08,555.93,2711
GWW,12/30/2022,561.52,561.99,550.85,556.25,1775
GWW,12/29/2022,559.58,563.82,557.85,562.22,1774
GWW,12/28/2022,566.42,567.86,555.77,557.06,1551
GWW,12/27/2022,569.27,569.27,561.82,565.33,2248
GWW,12/23/2022,562.02,567.47,561.00,565.10,1103
GWW,12/22/2022,563.00,563.00,552.09,561.37,2056
GWW,12/21/2022,566.10,568.43,562.12,567.42,1813
GWW,12/20/2022,561.00,566.78,559.69,562.74,3402
GWW,12/19/2022,558.89,565.52,557.27,561.27,2870
GWW,12/16/2022,555.50,559.63,551.47,558.65,7212
GWW,12/15/2022,570.77,572.17,557.82,561.53,3950
GWW,12/14/2022,585.38,588.00,570.27,576.02,5264
GWW,12/13/2022,605.95,605.95,576.72,584.93,3917
GWW,12/12/2022,590.12,593.46,585.48,593.46,2488
GWW,12/09/2022,593.76,597.50,587.30,588.06,1721
GWW,12/08/2022,589.98,597.82,589.92,593.25,3492
GWW,12/07/2022,579.42,592.21,577.62,586.41,2701
GWW,12/06/2022,588.11,591.45,575.96,580.34,3063
GWW,12/05/2022,595.83,598.16,584.81,586.45,2460
GWW,12/02/2022,598.62,604.01,593.30,602.08,2982
GWW,12/01/2022,605.19,605.19,597.05,603.18,2444
GWW,11/30/2022,587.71,604.45,582.92,603.06,5682
GWW,11/29/2022,593.95,596.80,588.68,590.99,1915
GWW,11/28/2022,600.87,603.59,593.42,594.56,1685
GWW,11/25/2022,606.82,608.40,601.26,604.25,714
GWW,11/23/2022,605.53,608.67,602.95,604.32,1443
GWW,11/22/2022,605.20,611.02,599.92,605.47,2108
GWW,11/21/2022,596.12,605.16,596.12,600.62,2234
GWW,11/18/2022,599.91,601.33,593.06,597.03,2158
GWW,11/17/2022,584.10,594.91,581.92,593.95,2904
GWW,11/16/2022,583.98,594.40,583.86,588.89,2352
GWW,11/15/2022,584.27,585.85,576.46,581.81,3997
GWW,11/14/2022,580.00,599.16,580.00,585.00,3749
GWW,11/11/2022,607.77,609.69,581.59,586.52,4482
GWW,11/10/2022,608.61,612.06,601.44,608.38,3509
GWW,11/09/2022,598.41,604.90,590.73,591.01,2316
GWW,11/08/2022,594.74,606.12,593.38,600.66,3620
GWW,11/07/2022,593.82,596.42,590.61,595.35,2194
GWW,11/04/2022,600.68,603.85,583.82,593.64,2910
GWW,11/03/2022,577.31,603.09,571.83,594.40,3998
GWW,11/02/2022,590.63,601.98,582.89,583.98,3408
GWW,11/01/2022,589.42,595.39,578.71,592.70,2839
GWW,10/31/2022,576.12,587.31,576.12,584.35,5170
GWW,10/28/2022,545.00,575.88,545.00,575.88,6502
GWW,10/27/2022,534.78,543.90,532.15,537.67,4573
GWW,10/26/2022,534.95,538.68,524.00,531.13,2959
GWW,10/25/2022,522.98,532.35,521.61,530.80,2383
GWW,10/24/2022,524.47,529.93,521.33,525.11,1876
GWW,10/21/2022,511.94,522.08,508.21,519.68,2609
GWW,10/20/2022,521.68,521.68,503.61,509.19,3271
GWW,10/19/2022,525.95,530.22,515.97,521.13,1936
GWW,10/18/2022,528.03,532.49,520.60,531.62,2693
GWW,10/17/2022,510.78,519.16,510.78,517.23,2820
GWW,10/14/2022,521.56,523.41,499.84,501.17,2617
GWW,10/13/2022,494.32,520.52,488.23,518.39,3764
GWW,10/12/2022,518.80,518.80,505.97,506.24,3593
GWW,10/11/2022,502.84,514.97,502.84,514.09,3890
GWW,10/10/2022,504.41,508.19,498.22,504.12,1910
GWW,10/07/2022,506.53,506.53,497.79,500.92,2916
GWW,10/06/2022,516.22,521.17,508.55,509.59,2313
GWW,10/05/2022,517.66,525.31,515.00,518.76,2336
GWW,10/04/2022,514.69,522.37,514.69,521.23,2975
GWW,10/03/2022,496.24,509.08,494.86,506.82,3069
GWW,09/30/2022,489.66,493.56,484.52,489.19,5330
GWW,09/29/2022,490.14,490.93,484.88,486.90,3292
GWW,09/28/2022,491.84,496.52,483.59,493.83,4768
GWW,09/27/2022,494.79,496.98,483.19,487.10,3657
GWW,09/26/2022,494.59,498.49,487.41,489.34,4019
GWW,09/23/2022,498.96,502.96,490.72,494.85,5095
GWW,09/22/2022,516.75,516.98,501.01,504.24,5198
GWW,09/21/2022,538.91,542.29,516.73,516.75,5531
GWW,09/20/2022,528.73,534.33,524.11,531.00,3519
GWW,09/19/2022,522.27,536.35,522.27,535.10,4112
GWW,09/16/2022,529.96,531.77,519.99,526.16,10835
GWW,09/15/2022,547.59,550.44,531.10,532.83,3971
GWW,09/14/2022,557.77,559.75,544.73,548.24,3336
GWW,09/13/2022,560.00,563.99,554.47,557.15,4287
GWW,09/12/2022,573.22,573.56,563.86,568.10,2955
GWW,09/09/2022,576.66,577.08,570.45,572.74,2730
GWW,09/08/2022,571.84,573.58,565.69,570.79,2102
GWW,09/07/2022,562.68,575.49,559.21,573.78,2902
GWW,09/06/2022,555.82,562.36,552.22,561.40,3361
GWW,09/02/2022,560.20,565.82,552.52,555.31,1932
GWW,09/01/2022,552.12,558.94,550.90,557.05,2925
GWW,08/31/2022,555.81,560.46,552.59,554.94,3598
GWW,08/30/2022,562.32,562.76,550.14,556.39,3286
GWW,08/29/2022,560.16,569.21,558.67,565.45,2007
GWW,08/26/2022,582.68,584.36,565.91,566.24,2336
GWW,08/25/2022,579.98,584.26,576.73,583.28,1773
GWW,08/24/2022,577.97,579.28,574.19,579.04,2058
GWW,08/23/2022,571.18,579.66,571.18,576.74,1967
GWW,08/22/2022,577.73,580.46,571.62,572.45,2100
GWW,08/19/2022,584.09,584.58,579.11,583.91,1833
GWW,08/18/2022,585.98,588.36,582.62,585.57,2143
GWW,08/17/2022,579.63,587.36,578.11,583.68,2501
GWW,08/16/2022,580.13,588.62,580.13,584.19,1996
GWW,08/15/2022,574.34,588.43,573.57,582.80,2565
GWW,08/12/2022,567.00,580.26,567.00,579.88,2085
GWW,08/11/2022,567.51,571.83,565.65,566.36,2054
GWW,08/10/2022,567.15,569.75,563.48,564.97,2417
GWW,08/09/2022,560.00,566.31,557.30,557.97,2385
GWW,08/08/2022,559.95,564.03,557.82,562.29,2607
GWW,08/05/2022,537.10,556.44,537.10,556.02,3277
GWW,08/04/2022,544.66,547.09,541.01,543.34,2026
GWW,08/03/2022,541.00,545.57,535.09,543.02,3185
GWW,08/02/2022,550.00,550.05,539.29,540.25,3756
GWW,08/01/2022,540.99,553.53,535.50,549.60,4487
GWW,07/29/2022,520.00,544.82,519.11,543.53,7712
GWW,07/28/2022,491.20,502.92,488.94,501.88,4797
GWW,07/27/2022,478.62,489.74,472.99,487.61,3906
GWW,07/26/2022,479.91,480.54,473.67,479.57,2700
GWW,07/25/2022,473.40,482.48,471.65,482.12,2141
GWW,07/22/2022,475.89,478.95,471.01,473.88,2200
GWW,07/21/2022,470.25,473.45,466.44,473.32,2579
GWW,07/20/2022,466.81,472.03,462.62,471.45,2120
GWW,07/19/2022,458.94,467.62,456.62,465.93,2927
GWW,07/18/2022,458.67,461.66,452.46,453.26,3530
GWW,07/15/2022,462.97,463.56,455.63,457.40,3138
GWW,07/14/2022,445.90,457.23,441.63,456.35,3343
GWW,07/13/2022,464.65,464.65,453.87,454.35,6352
GWW,07/12/2022,474.44,483.01,472.36,474.17,3142
GWW,07/11/2022,472.55,478.91,472.55,477.71,2482
GWW,07/08/2022,474.22,477.44,468.71,475.13,2135
GWW,07/07/2022,470.96,474.21,467.36,473.82,2645
GWW,07/06/2022,457.12,472.97,457.12,470.12,4201
GWW,07/05/2022,454.89,456.67,446.72,455.17,3576
GWW,07/01/2022,455.33,463.69,451.08,461.31,2760
GWW,06/30/2022,449.65,458.20,446.66,454.43,3109
GWW,06/29/2022,452.44,454.60,447.29,453.95,2062
GWW,06/28/2022,464.89,468.99,449.59,450.65,3113
GWW,06/27/2022,461.73,467.09,459.93,464.15,1814
GWW,06/24/2022,451.48,461.35,449.87,460.95,3159
GWW,06/23/2022,450.43,452.17,441.46,446.08,2396
GWW,06/22/2022,442.00,450.89,442.00,449.56,3113
GWW,06/21/2022,447.32,452.49,446.00,449.84,2948
GWW,06/17/2022,452.66,455.38,440.48,442.09,5800
GWW,06/16/2022,464.24,469.39,453.64,455.69,4604
GWW,06/15/2022,471.80,478.16,467.04,473.06,3975
GWW,06/14/2022,476.57,480.99,466.40,469.90,2671
GWW,06/13/2022,482.28,484.94,470.97,478.19,3830
GWW,06/10/2022,490.79,493.68,483.05,488.74,3341
GWW,06/09/2022,499.15,503.33,494.29,494.42,1762
GWW,06/08/2022,503.83,508.77,497.65,498.50,2078
GWW,06/07/2022,494.66,507.21,491.89,507.17,1758
GWW,06/06/2022,498.78,501.83,496.42,498.73,1609
GWW,06/03/2022,496.59,501.47,493.74,496.28,2335
GWW,06/02/2022,496.00,501.90,493.73,498.68,1920
GWW,06/01/2022,488.40,496.90,482.20,494.39,2680
GWW,05/31/2022,485.83,489.20,479.92,487.07,3937
GWW,05/27/2022,479.98,490.41,479.98,490.39,2028
GWW,05/26/2022,473.71,480.60,471.49,477.43,2078
GWW,05/25/2022,468.11,472.77,464.57,469.26,2818
GWW,05/24/2022,466.77,473.78,462.57,472.01,2487
GWW,05/23/2022,469.98,472.24,463.46,467.10,2094
GWW,05/20/2022,470.35,472.34,458.39,464.54,2706
GWW,05/19/2022,461.14,472.42,458.12,466.96,2982
GWW,05/18/2022,476.42,477.61,465.04,465.78,3166
GWW,05/17/2022,480.55,484.19,474.95,482.19,2013
GWW,05/16/2022,475.75,477.02,466.59,473.96,2437
GWW,05/13/2022,473.05,478.83,470.16,477.33,2813
GWW,05/12/2022,457.42,471.53,455.61,469.24,3724
GWW,05/11/2022,469.94,471.98,457.27,459.18,4295
GWW,05/10/2022,479.68,479.68,463.82,469.33,2646
GWW,05/09/2022,472.14,480.02,472.14,476.82,3864
GWW,05/06/2022,476.59,481.90,470.35,477.92,2974
GWW,05/05/2022,499.17,501.51,478.04,483.14,3207
GWW,05/04/2022,485.51,505.71,485.50,505.05,4425
GWW,05/03/2022,491.96,492.31,480.66,483.99,4523
GWW,05/02/2022,504.41,507.76,480.98,490.82,3870
GWW,04/29/2022,514.07,516.67,498.35,500.03,4216
GWW,04/28/2022,503.32,519.81,501.36,514.93,4491
GWW,04/27/2022,492.13,502.71,491.95,495.71,5281
GWW,04/26/2022,489.50,496.24,485.85,492.13,3174
GWW,04/25/2022,496.34,496.34,482.12,492.19,4266
GWW,04/22/2022,509.02,510.85,499.10,499.34,2070
GWW,04/21/2022,515.12,519.91,506.76,511.99,2438
GWW,04/20/2022,511.93,520.49,510.63,511.28,2290
GWW,04/19/2022,493.49,508.95,490.13,507.73,3083
GWW,04/18/2022,488.62,494.93,487.01,490.58,2863
GWW,04/14/2022,517.96,520.84,491.33,491.43,5319
GWW,04/13/2022,523.25,529.91,522.50,527.11,2270
GWW,04/12/2022,518.12,529.54,518.12,523.50,2870
GWW,04/11/2022,517.79,522.66,515.95,518.66,1770
GWW,04/08/2022,521.01,524.26,514.54,518.55,2480
GWW,04/07/2022,526.71,527.12,516.51,521.42,3433
GWW,04/06/2022,517.32,526.91,515.86,526.12,2943
GWW,04/05/2022,516.75,525.17,515.33,518.85,2344
GWW,04/04/2022,517.42,519.55,513.35,519.33,1903
GWW,04/01/2022,519.03,520.00,507.60,517.55,2502
GWW,03/31/2022,519.95,526.02,515.79,515.79,3203
GWW,03/30/2022,518.80,524.27,514.23,520.64,1673
GWW,03/29/2022,516.18,520.25,509.55,518.87,2106
GWW,03/28/2022,505.24,513.25,502.52,513.10,2704
GWW,03/25/2022,505.25,507.59,500.36,506.35,2026
GWW,03/24/2022,507.70,509.14,498.56,501.24,3063
GWW,03/23/2022,499.90,505.90,495.26,504.82,4317
GWW,03/22/2022,506.06,507.93,499.94,502.72,2400
GWW,03/21/2022,505.89,507.14,501.53,506.26,2275
GWW,03/18/2022,498.03,502.85,488.15,501.95,4537
GWW,03/17/2022,491.20,500.30,489.12,498.09,1913
GWW,03/16/2022,501.89,507.32,482.73,491.18,2605
GWW,03/15/2022,490.33,499.87,487.78,497.75,2987
GWW,03/14/2022,473.27,487.48,469.95,483.40,3193
GWW,03/11/2022,486.99,489.48,471.76,472.26,2827
GWW,03/10/2022,480.75,486.21,472.32,484.75,2595
GWW,03/09/2022,496.00,498.51,486.85,487.41,2530
GWW,03/08/2022,493.81,503.49,489.24,490.08,2663
GWW,03/07/2022,482.94,505.84,482.31,490.97,4063
GWW,03/04/2022,476.09,488.11,472.64,488.01,2809
GWW,03/03/2022,483.42,486.05,479.94,481.30,3445
GWW,03/02/2022,468.33,482.41,466.38,480.84,3273
GWW,03/01/2022,476.89,479.98,462.48,466.37,3095
GWW,02/28/2022,470.17,477.18,468.01,477.06,3681
GWW,02/25/2022,466.71,477.01,465.20,476.71,2320
GWW,02/24/2022,455.73,467.00,453.67,466.28,4934
GWW,02/23/2022,473.84,477.94,461.85,462.39,3224
GWW,02/22/2022,474.06,476.48,467.90,472.19,3410
GWW,02/18/2022,469.77,476.42,468.09,473.93,2367
GWW,02/17/2022,473.18,475.64,467.22,471.37,2956
GWW,02/16/2022,468.07,475.44,465.96,474.80,1748
GWW,02/15/2022,471.50,473.19,467.41,469.64,2268
GWW,02/14/2022,466.17,470.90,462.28,466.39,2708
