HZNP,06/23/2023,101.00,102.46,101.00,102.29,7011
HZNP,06/22/2023,101.35,102.11,101.34,101.39,12846
HZNP,06/21/2023,101.22,101.68,101.02,101.60,13626
HZNP,06/20/2023,101.15,101.64,101.00,101.43,12288
HZNP,06/16/2023,101.88,102.02,101.01,101.63,24659
HZNP,06/15/2023,100.70,101.52,100.56,101.31,20029
HZNP,06/14/2023,99.80,100.70,99.72,100.62,12012
HZNP,06/13/2023,99.72,100.29,99.72,100.06,24005
HZNP,06/12/2023,99.97,99.97,99.35,99.82,19956
HZNP,06/09/2023,99.30,99.97,99.21,99.25,26601
HZNP,06/08/2023,99.27,99.99,99.27,99.42,10568
HZNP,06/07/2023,100.01,100.24,99.27,99.44,9549
HZNP,06/06/2023,99.85,100.16,99.58,99.80,11993
HZNP,06/05/2023,99.93,100.08,99.65,99.67,6083
HZNP,06/02/2023,99.94,100.29,99.09,99.93,9882
HZNP,06/01/2023,100.32,100.72,99.50,100.40,12938
HZNP,05/31/2023,99.45,100.77,99.26,100.03,27791
HZNP,05/30/2023,99.50,99.77,99.25,99.35,8692
HZNP,05/26/2023,99.69,100.13,99.32,99.61,18116
HZNP,05/25/2023,99.50,100.23,99.24,99.88,11424
HZNP,05/24/2023,100.07,100.20,99.47,99.50,17404
HZNP,05/23/2023,100.90,101.14,99.93,100.10,20220
HZNP,05/22/2023,100.62,100.82,99.83,100.57,17604
HZNP,05/19/2023,101.45,102.01,100.30,100.75,22861
HZNP,05/18/2023,101.25,101.95,100.86,101.63,28578
HZNP,05/17/2023,97.62,102.03,96.94,100.51,107579
HZNP,05/16/2023,93.00,97.00,90.56,96.34,209455
HZNP,05/15/2023,111.21,112.38,111.21,112.25,17346
HZNP,05/12/2023,110.00,111.38,108.20,111.00,54613
HZNP,05/11/2023,110.50,110.60,109.82,110.03,15178
HZNP,05/10/2023,111.00,111.08,110.02,110.40,19366
HZNP,05/09/2023,110.70,111.38,110.43,110.87,16635
HZNP,05/08/2023,110.87,111.15,110.27,110.84,28846
HZNP,05/05/2023,110.26,112.76,110.26,112.38,27038
HZNP,05/04/2023,110.50,110.70,110.02,110.29,18289
HZNP,05/03/2023,110.80,111.50,110.58,110.80,13754
HZNP,05/02/2023,112.00,112.05,111.57,111.76,7678
HZNP,05/01/2023,111.44,112.00,111.29,111.95,9215
HZNP,04/28/2023,111.15,112.14,111.12,111.16,19996
HZNP,04/27/2023,110.35,111.19,110.35,111.03,9065
HZNP,04/26/2023,109.96,110.72,109.86,110.53,11028
HZNP,04/25/2023,110.80,110.92,110.06,110.58,25084
HZNP,04/24/2023,111.09,111.56,110.70,110.83,20516
HZNP,04/21/2023,111.96,111.96,110.98,111.33,23089
HZNP,04/20/2023,111.90,112.08,111.67,111.75,13176
HZNP,04/19/2023,111.92,112.02,111.76,111.86,9252
HZNP,04/18/2023,111.99,112.20,111.80,111.90,11203
HZNP,04/17/2023,111.75,112.51,111.75,111.99,20181
HZNP,04/14/2023,111.00,112.22,110.99,111.60,35378
HZNP,04/13/2023,110.20,110.99,110.00,110.72,20360
HZNP,04/12/2023,109.77,110.32,109.64,109.68,12677
HZNP,04/11/2023,109.18,109.72,109.13,109.53,5197
HZNP,04/10/2023,109.00,109.79,108.75,109.30,15209
HZNP,04/06/2023,108.54,109.07,108.45,108.72,20402
HZNP,04/05/2023,108.54,108.90,107.53,107.99,18185
HZNP,04/04/2023,108.97,108.99,108.25,108.35,17029
HZNP,04/03/2023,109.01,109.35,108.66,108.90,20427
HZNP,03/31/2023,109.49,109.49,108.86,109.14,13387
HZNP,03/30/2023,109.00,109.30,108.95,109.24,12472
HZNP,03/29/2023,109.04,109.23,108.75,108.89,10323
HZNP,03/28/2023,109.20,109.20,108.85,109.00,8930
HZNP,03/27/2023,108.85,109.26,108.63,109.17,16897
HZNP,03/24/2023,108.00,108.91,107.50,108.52,11055
HZNP,03/23/2023,107.68,108.36,107.68,107.80,10594
HZNP,03/22/2023,107.67,108.55,107.30,107.32,35998
HZNP,03/21/2023,108.80,109.36,108.80,109.23,11414
HZNP,03/20/2023,109.13,109.20,108.64,108.71,15463
HZNP,03/17/2023,109.75,109.79,109.00,109.06,22300
HZNP,03/16/2023,109.58,109.61,109.29,109.58,12764
HZNP,03/15/2023,109.73,109.82,109.25,109.47,16354
HZNP,03/14/2023,109.80,109.91,109.60,109.70,9061
HZNP,03/13/2023,109.77,110.17,109.33,109.45,16185
HZNP,03/10/2023,109.55,110.06,109.43,110.04,8817
HZNP,03/09/2023,109.99,110.00,109.49,109.65,10892
HZNP,03/08/2023,109.90,110.05,109.62,109.80,7303
HZNP,03/07/2023,109.87,110.06,109.70,109.96,21427
HZNP,03/06/2023,110.02,110.18,109.73,109.80,18911
HZNP,03/03/2023,110.25,110.54,109.88,110.05,11331
HZNP,03/02/2023,110.02,110.49,109.96,110.25,12394
HZNP,03/01/2023,109.49,110.49,109.25,110.34,22045
HZNP,02/28/2023,109.84,110.36,109.47,109.49,33870
HZNP,02/27/2023,110.59,110.64,109.78,109.84,22480
HZNP,02/24/2023,110.55,110.85,110.10,110.50,14417
HZNP,02/23/2023,110.77,111.07,110.48,110.70,19736
HZNP,02/22/2023,110.11,110.94,110.11,110.76,21935
HZNP,02/21/2023,109.78,110.18,109.78,109.88,10473
HZNP,02/17/2023,109.62,110.34,109.47,109.93,19173
HZNP,02/16/2023,109.51,109.85,109.48,109.62,12758
HZNP,02/15/2023,109.58,109.96,109.56,109.68,15287
HZNP,02/14/2023,109.60,109.82,109.41,109.55,11532
HZNP,02/13/2023,109.83,109.85,109.50,109.51,9694
HZNP,02/10/2023,109.06,109.86,109.05,109.42,9350
HZNP,02/09/2023,109.75,109.87,109.06,109.15,16157
HZNP,02/08/2023,109.80,110.15,109.60,109.60,12166
HZNP,02/07/2023,110.15,110.22,109.75,109.80,16575
HZNP,02/06/2023,109.75,110.45,109.70,110.25,16040
HZNP,02/03/2023,109.75,110.26,109.55,109.68,21566
HZNP,02/02/2023,110.30,110.60,109.63,109.79,37091
HZNP,02/01/2023,109.50,110.70,109.41,110.45,31012
HZNP,01/31/2023,110.12,110.75,108.01,109.72,65538
HZNP,01/30/2023,110.90,110.94,110.04,110.05,44618
HZNP,01/27/2023,111.20,111.34,110.62,110.63,45854
HZNP,01/26/2023,113.03,113.08,110.75,111.25,119150
HZNP,01/25/2023,112.90,113.17,112.90,113.00,13069
HZNP,01/24/2023,113.00,113.08,112.84,112.84,32456
HZNP,01/23/2023,113.06,113.11,112.81,112.81,36347
HZNP,01/20/2023,113.15,113.18,113.01,113.02,35397
HZNP,01/19/2023,113.00,113.20,112.98,113.06,22787
HZNP,01/18/2023,113.20,113.20,112.90,112.95,38298
HZNP,01/17/2023,113.02,113.20,113.00,113.11,24931
HZNP,01/13/2023,113.12,113.30,113.11,113.24,23547
HZNP,01/12/2023,113.12,113.40,113.06,113.21,25927
HZNP,01/11/2023,113.10,113.23,113.09,113.12,17946
HZNP,01/10/2023,113.05,113.17,113.00,113.06,16523
HZNP,01/09/2023,113.00,113.31,113.00,113.11,19825
HZNP,01/06/2023,113.29,113.41,113.00,113.00,35082
HZNP,01/05/2023,113.46,113.52,113.09,113.24,64108
HZNP,01/04/2023,113.51,113.66,113.37,113.48,31685
HZNP,01/03/2023,113.51,113.70,113.44,113.50,30220
HZNP,12/30/2022,113.42,113.83,113.31,113.80,16326
HZNP,12/29/2022,113.43,113.51,113.35,113.51,14988
HZNP,12/28/2022,113.11,113.75,113.11,113.53,19953
HZNP,12/27/2022,113.05,113.41,112.96,113.26,29681
HZNP,12/23/2022,113.10,113.14,112.90,113.00,27515
HZNP,12/22/2022,113.14,113.23,113.05,113.11,21141
HZNP,12/21/2022,113.06,113.20,112.95,113.03,32983
HZNP,12/20/2022,113.00,113.24,113.00,113.03,25632
HZNP,12/19/2022,113.00,113.27,112.90,112.97,27383
HZNP,12/16/2022,113.01,113.21,112.81,112.88,72729
HZNP,12/15/2022,113.10,113.37,112.96,113.00,65926
HZNP,12/14/2022,112.90,113.51,112.73,113.13,70734
HZNP,12/13/2022,112.46,113.07,112.14,112.90,107258
HZNP,12/12/2022,111.50,112.50,111.16,112.36,444276
HZNP,12/09/2022,97.00,98.00,96.58,97.29,22022
HZNP,12/08/2022,96.55,99.08,95.66,96.91,26412
HZNP,12/07/2022,97.25,98.22,96.22,96.30,23183
HZNP,12/06/2022,98.62,99.78,96.69,96.85,34999
HZNP,12/05/2022,100.65,101.49,98.04,98.48,70666
HZNP,12/02/2022,103.00,105.18,102.49,104.85,53433
HZNP,12/01/2022,100.22,104.35,100.17,100.88,43431
HZNP,11/30/2022,102.71,102.71,98.91,100.29,151020
HZNP,11/29/2022,77.85,79.27,77.75,78.76,14156
HZNP,11/28/2022,78.22,79.46,77.71,78.00,17711
HZNP,11/25/2022,77.85,78.45,77.56,78.28,5197
HZNP,11/23/2022,76.98,78.18,76.79,77.53,8116
HZNP,11/22/2022,76.71,77.37,76.13,77.27,9070
HZNP,11/21/2022,76.21,77.11,75.81,76.71,11462
HZNP,11/18/2022,75.75,77.60,75.60,76.26,26682
HZNP,11/17/2022,74.50,75.23,73.23,75.12,15939
HZNP,11/16/2022,76.08,76.90,75.61,75.67,12355
HZNP,11/15/2022,76.15,77.23,75.22,76.05,13500
HZNP,11/14/2022,73.58,76.42,72.20,75.05,22285
HZNP,11/11/2022,76.40,76.40,72.46,74.24,27823
HZNP,11/10/2022,77.57,78.44,75.62,76.57,19741
HZNP,11/09/2022,77.00,78.37,74.84,74.96,14458
HZNP,11/08/2022,77.77,78.82,76.80,77.08,16415
HZNP,11/07/2022,77.00,78.26,76.44,77.64,38228
HZNP,11/04/2022,73.30,77.55,71.47,77.14,50383
HZNP,11/03/2022,69.90,73.34,69.05,72.93,38168
HZNP,11/02/2022,68.00,72.65,67.35,70.33,73734
HZNP,11/01/2022,62.58,63.79,61.93,63.18,40613
HZNP,10/31/2022,63.61,64.18,62.19,62.32,30177
HZNP,10/28/2022,63.01,64.12,62.43,63.83,22833
HZNP,10/27/2022,66.43,67.15,63.07,63.24,29405
HZNP,10/26/2022,66.36,66.67,64.83,65.12,24081
HZNP,10/25/2022,63.51,66.31,63.47,66.13,31863
HZNP,10/24/2022,63.82,63.97,62.35,63.42,21875
HZNP,10/21/2022,62.58,63.81,62.00,63.68,8709
HZNP,10/20/2022,63.74,63.93,62.21,62.61,12904
HZNP,10/19/2022,63.18,64.31,62.95,63.74,21669
HZNP,10/18/2022,64.90,65.92,63.43,63.69,22320
HZNP,10/17/2022,63.00,64.32,63.00,64.21,23910
HZNP,10/14/2022,63.60,65.08,62.32,62.51,21475
HZNP,10/13/2022,60.25,64.19,60.03,63.55,26035
HZNP,10/12/2022,63.61,64.04,61.00,61.58,40538
HZNP,10/11/2022,64.68,65.40,63.18,63.62,24435
HZNP,10/10/2022,65.00,65.47,64.38,65.08,18576
HZNP,10/07/2022,66.78,67.00,64.42,65.00,27898
HZNP,10/06/2022,66.50,68.38,66.15,67.89,27490
HZNP,10/05/2022,65.87,67.64,65.54,67.05,31987
HZNP,10/04/2022,64.28,66.27,63.76,66.16,25330
HZNP,10/03/2022,62.53,64.67,61.72,64.26,35779
HZNP,09/30/2022,62.95,64.16,61.85,61.89,19777
HZNP,09/29/2022,63.80,63.84,62.30,62.69,19649
HZNP,09/28/2022,62.84,64.29,62.56,63.84,27658
HZNP,09/27/2022,62.17,63.17,61.41,62.17,20001
HZNP,09/26/2022,63.01,64.19,61.44,61.79,43342
HZNP,09/23/2022,62.05,63.06,61.33,62.97,36521
HZNP,09/22/2022,62.38,63.67,61.44,62.63,25134
HZNP,09/21/2022,63.88,64.97,62.51,62.52,20971
HZNP,09/20/2022,62.63,64.73,62.13,63.48,31433
HZNP,09/19/2022,62.15,63.15,60.76,62.96,21984
HZNP,09/16/2022,63.12,63.12,62.23,62.66,35035
HZNP,09/15/2022,64.11,65.05,63.06,63.54,23177
HZNP,09/14/2022,64.41,65.00,63.51,63.76,33626
HZNP,09/13/2022,65.09,65.71,63.90,64.39,29682
HZNP,09/12/2022,67.13,68.08,65.92,66.68,29083
HZNP,09/09/2022,63.50,66.30,63.22,66.09,33025
HZNP,09/08/2022,61.12,62.25,60.70,62.03,16907
HZNP,09/07/2022,59.85,61.73,59.59,61.64,16434
HZNP,09/06/2022,60.46,60.59,59.16,59.63,14156
HZNP,09/02/2022,61.11,61.36,59.91,60.00,19624
HZNP,09/01/2022,58.59,60.86,57.84,60.82,20458
HZNP,08/31/2022,59.18,60.93,58.54,59.21,30024
HZNP,08/30/2022,59.77,60.07,58.74,58.92,22136
HZNP,08/29/2022,60.23,60.68,59.46,59.50,12526
HZNP,08/26/2022,62.95,63.84,60.97,61.00,21215
HZNP,08/25/2022,61.50,62.89,61.30,62.81,18660
HZNP,08/24/2022,60.84,61.75,60.59,61.31,22800
HZNP,08/23/2022,59.70,61.15,58.92,61.13,24849
HZNP,08/22/2022,59.55,60.56,59.26,59.73,26889
HZNP,08/19/2022,60.75,61.41,60.28,60.40,18396
HZNP,08/18/2022,62.05,62.11,60.44,61.21,34803
HZNP,08/17/2022,63.38,64.04,61.65,61.73,51341
HZNP,08/16/2022,64.97,65.08,63.86,64.08,36766
HZNP,08/15/2022,66.53,66.84,64.76,64.90,43828
HZNP,08/12/2022,67.15,68.20,66.69,67.47,25763
HZNP,08/11/2022,68.15,69.35,66.78,67.10,21443
HZNP,08/10/2022,68.55,69.03,67.14,68.41,26968
HZNP,08/09/2022,69.30,70.23,66.60,67.12,29696
HZNP,08/08/2022,69.63,72.04,69.42,69.65,37777
HZNP,08/05/2022,67.01,70.12,67.00,69.60,53527
HZNP,08/04/2022,68.01,69.65,66.14,67.00,76984
HZNP,08/03/2022,64.26,67.79,60.76,66.96,207168
HZNP,08/02/2022,80.66,82.99,80.17,82.13,23623
HZNP,08/01/2022,82.87,82.97,80.35,80.88,17966
HZNP,07/29/2022,83.57,83.57,81.99,82.97,14820
HZNP,07/28/2022,82.13,84.68,81.46,83.71,13722
HZNP,07/27/2022,82.00,82.47,80.90,82.02,15255
HZNP,07/26/2022,81.56,82.69,80.65,81.46,12061
HZNP,07/25/2022,83.05,83.31,82.00,82.18,9857
HZNP,07/22/2022,84.34,84.67,82.49,82.93,8257
HZNP,07/21/2022,84.33,84.96,82.98,83.95,7539
HZNP,07/20/2022,84.99,87.06,84.32,84.33,13552
HZNP,07/19/2022,83.13,85.06,82.43,84.67,16681
HZNP,07/18/2022,82.47,83.63,81.86,82.30,17181
HZNP,07/15/2022,80.95,83.36,80.40,82.53,15744
HZNP,07/14/2022,81.53,81.72,78.40,79.45,16452
HZNP,07/13/2022,80.33,82.61,80.10,81.41,11652
HZNP,07/12/2022,83.32,83.97,80.44,81.57,12639
HZNP,07/11/2022,82.90,84.40,82.54,82.67,13791
HZNP,07/08/2022,82.59,83.76,82.16,83.61,10022
HZNP,07/07/2022,82.60,85.11,82.31,83.61,17897
HZNP,07/06/2022,82.76,83.11,81.42,82.47,21320
HZNP,07/05/2022,80.16,82.95,79.63,82.76,19303
HZNP,07/01/2022,79.24,81.15,78.75,80.84,19370
HZNP,06/30/2022,81.95,82.34,79.42,79.76,25509
HZNP,06/29/2022,82.03,82.91,80.92,82.50,14668
HZNP,06/28/2022,85.75,85.75,81.67,81.69,17839
HZNP,06/27/2022,85.33,86.27,84.36,85.49,20034
HZNP,06/24/2022,84.05,85.60,83.43,85.13,33728
HZNP,06/23/2022,83.48,83.98,81.86,82.91,14322
HZNP,06/22/2022,82.06,83.78,82.01,82.94,10672
HZNP,06/21/2022,83.87,85.21,82.72,82.81,14797
HZNP,06/17/2022,80.02,83.92,78.90,82.53,30540
HZNP,06/16/2022,81.26,81.66,78.85,79.40,19203
HZNP,06/15/2022,81.54,83.10,80.39,82.47,20023
HZNP,06/14/2022,81.85,84.02,80.60,81.27,15503
HZNP,06/13/2022,83.11,84.13,81.20,81.60,13084
HZNP,06/10/2022,85.36,86.32,84.44,85.42,15737
HZNP,06/09/2022,89.39,89.96,87.03,87.05,9370
HZNP,06/08/2022,91.64,92.64,89.39,90.61,13790
HZNP,06/07/2022,87.12,92.12,86.05,91.66,20713
HZNP,06/06/2022,90.89,91.47,86.35,87.22,26296
HZNP,06/03/2022,92.23,93.24,90.63,91.29,10588
HZNP,06/02/2022,88.86,92.73,88.63,92.39,15515
HZNP,06/01/2022,90.72,92.08,88.00,89.49,15904
HZNP,05/31/2022,94.89,95.39,89.43,89.69,44505
HZNP,05/27/2022,91.33,94.86,90.48,94.84,19449
HZNP,05/26/2022,88.42,90.87,88.36,90.59,13884
HZNP,05/25/2022,87.78,89.19,87.18,88.42,12048
HZNP,05/24/2022,87.44,89.45,87.11,88.03,15973
HZNP,05/23/2022,90.04,90.84,87.00,87.38,15123
HZNP,05/20/2022,90.00,90.87,87.88,90.35,16168
HZNP,05/19/2022,88.42,90.33,88.11,89.34,11115
HZNP,05/18/2022,91.69,92.12,87.74,88.42,15293
HZNP,05/17/2022,91.27,93.10,90.37,92.90,16017
HZNP,05/16/2022,89.93,91.89,89.39,90.82,13117
HZNP,05/13/2022,88.41,91.07,88.39,90.43,14775
HZNP,05/12/2022,87.00,89.01,86.40,87.99,12993
HZNP,05/11/2022,88.29,91.49,87.37,87.75,21787
HZNP,05/10/2022,85.00,89.55,84.27,89.35,28742
HZNP,05/09/2022,85.56,86.16,82.51,83.26,35733
HZNP,05/06/2022,91.11,91.82,86.03,86.78,23175
HZNP,05/05/2022,95.33,95.36,90.80,92.39,21733
HZNP,05/04/2022,89.25,97.94,86.33,95.67,59207
HZNP,05/03/2022,97.41,98.58,94.53,94.72,25054
HZNP,05/02/2022,97.78,98.52,94.58,98.06,23614
HZNP,04/29/2022,101.85,103.47,98.06,98.56,15550
HZNP,04/28/2022,103.33,103.38,97.95,102.22,17975
HZNP,04/27/2022,104.19,104.86,102.51,102.83,8641
HZNP,04/26/2022,106.79,107.90,103.47,103.47,14089
HZNP,04/25/2022,105.27,107.47,103.72,106.70,14468
HZNP,04/22/2022,109.89,110.08,105.50,105.84,14873
HZNP,04/21/2022,115.69,117.49,110.35,110.49,23314
HZNP,04/20/2022,114.63,116.00,113.64,115.43,12377
HZNP,04/19/2022,115.48,115.95,113.81,114.75,12059
HZNP,04/18/2022,115.42,116.58,114.87,115.33,12214
HZNP,04/14/2022,115.00,116.96,114.37,116.36,12538
HZNP,04/13/2022,113.05,115.86,112.42,115.15,13933
HZNP,04/12/2022,112.53,113.96,111.50,112.42,9931
HZNP,04/11/2022,113.27,114.86,111.70,112.53,14945
HZNP,04/08/2022,112.77,114.35,111.22,113.17,11710
HZNP,04/07/2022,108.85,112.57,108.81,112.39,15989
HZNP,04/06/2022,107.58,110.45,107.35,108.95,26178
HZNP,04/05/2022,107.27,109.62,106.52,107.49,11510
HZNP,04/04/2022,107.00,107.52,105.76,107.33,14430
HZNP,04/01/2022,105.08,107.30,104.69,107.15,13280
HZNP,03/31/2022,106.28,106.70,105.13,105.21,14109
HZNP,03/30/2022,104.95,107.36,104.00,105.81,16017
HZNP,03/29/2022,109.12,109.60,104.77,104.95,22087
HZNP,03/28/2022,109.26,109.81,107.77,108.72,13719
HZNP,03/25/2022,110.00,110.00,107.67,109.38,16487
HZNP,03/24/2022,108.89,110.00,107.60,109.81,10515
HZNP,03/23/2022,109.29,110.13,108.40,108.49,11508
HZNP,03/22/2022,109.34,109.59,108.25,109.51,11032
HZNP,03/21/2022,107.95,109.42,107.25,108.66,9055
HZNP,03/18/2022,106.65,108.44,105.56,108.00,16799
HZNP,03/17/2022,104.39,106.79,104.25,106.39,10639
HZNP,03/16/2022,103.65,104.64,102.06,104.42,9776
HZNP,03/15/2022,103.06,103.65,101.35,103.26,11856
HZNP,03/14/2022,100.95,102.79,99.69,101.36,12041
HZNP,03/11/2022,101.04,101.69,99.79,100.76,13419
HZNP,03/10/2022,101.09,101.98,100.12,101.12,14336
HZNP,03/09/2022,100.63,103.09,100.63,101.12,12589
HZNP,03/08/2022,97.81,101.08,97.23,100.09,14074
HZNP,03/07/2022,99.05,100.70,98.38,98.64,16643
HZNP,03/04/2022,97.83,99.77,97.40,99.38,18769
HZNP,03/03/2022,98.37,98.66,96.48,97.97,14748
HZNP,03/02/2022,96.97,99.95,96.24,98.31,19511
HZNP,03/01/2022,94.26,98.57,94.02,97.07,26321
HZNP,02/28/2022,93.57,93.60,89.42,91.17,34788
HZNP,02/25/2022,92.82,94.30,92.09,94.01,25723
HZNP,02/24/2022,88.96,93.20,88.35,92.82,23063
HZNP,02/23/2022,93.66,94.02,91.36,91.46,17801
HZNP,02/22/2022,92.51,93.63,92.06,92.76,13625
HZNP,02/18/2022,94.82,95.29,92.20,93.37,20792
HZNP,02/17/2022,97.01,97.64,93.93,94.36,36753
HZNP,02/16/2022,97.78,98.23,96.75,97.70,16079
HZNP,02/15/2022,98.00,99.13,97.16,98.17,11011
HZNP,02/14/2022,96.27,97.65,95.76,96.49,23548
