INCY,06/23/2023,61.86,62.04,61.58,61.77,3264
INCY,06/22/2023,61.89,62.12,61.64,61.91,25034
INCY,06/21/2023,61.79,62.25,61.45,61.89,27192
INCY,06/20/2023,63.42,63.53,61.69,61.75,28023
INCY,06/16/2023,62.95,64.01,62.48,63.23,77661
INCY,06/15/2023,61.37,62.65,61.21,62.58,31540
INCY,06/14/2023,62.14,62.30,61.28,61.44,15863
INCY,06/13/2023,61.80,62.69,61.58,61.95,44524
INCY,06/12/2023,61.16,62.12,61.00,62.10,35975
INCY,06/09/2023,61.34,61.76,60.61,61.04,14782
INCY,06/08/2023,61.50,61.75,60.95,61.51,12295
INCY,06/07/2023,61.58,61.90,61.01,61.39,15547
INCY,06/06/2023,62.65,62.74,61.40,61.71,18850
INCY,06/05/2023,62.36,62.91,62.18,62.37,13435
INCY,06/02/2023,61.50,62.60,61.42,62.54,16865
INCY,06/01/2023,61.59,61.89,60.71,61.51,16880
INCY,05/31/2023,61.92,62.44,61.41,61.55,39120
INCY,05/30/2023,62.19,62.71,61.25,61.87,12435
INCY,05/26/2023,62.87,63.00,62.32,62.58,12702
INCY,05/25/2023,63.66,63.73,62.48,62.87,15453
INCY,05/24/2023,64.80,65.13,64.26,64.28,13695
INCY,05/23/2023,64.36,65.96,64.36,65.08,17593
INCY,05/22/2023,63.94,64.68,63.43,64.39,12977
INCY,05/19/2023,63.80,64.33,63.33,63.57,18181
INCY,05/18/2023,64.57,64.75,63.06,63.63,13071
INCY,05/17/2023,64.65,64.80,63.58,64.55,11065
INCY,05/16/2023,65.72,65.81,64.68,64.70,12093
INCY,05/15/2023,65.50,66.24,65.30,66.20,13707
INCY,05/12/2023,64.19,65.41,64.16,65.28,11926
INCY,05/11/2023,63.99,64.19,63.48,64.17,14055
INCY,05/10/2023,64.96,65.00,63.84,63.92,17885
INCY,05/09/2023,65.39,65.71,64.62,64.77,14982
INCY,05/08/2023,66.54,66.69,65.49,65.79,12126
INCY,05/05/2023,66.75,67.72,65.64,66.56,14697
INCY,05/04/2023,67.39,67.50,66.04,66.19,23961
INCY,05/03/2023,69.67,69.82,67.92,68.04,24379
INCY,05/02/2023,68.26,72.16,68.06,69.96,44849
INCY,05/01/2023,74.63,75.74,74.47,75.34,18646
INCY,04/28/2023,73.60,75.03,73.15,74.41,12106
INCY,04/27/2023,73.69,73.84,72.53,73.65,13332
INCY,04/26/2023,73.00,73.61,72.24,73.53,11740
INCY,04/25/2023,75.35,75.52,72.96,73.55,16062
INCY,04/24/2023,74.51,75.54,74.48,75.25,15419
INCY,04/21/2023,74.14,75.10,73.70,74.59,43613
INCY,04/20/2023,73.59,74.28,73.13,73.85,13459
INCY,04/19/2023,73.67,73.83,72.66,73.81,14026
INCY,04/18/2023,74.97,74.98,72.60,73.80,13914
INCY,04/17/2023,74.86,75.08,74.23,75.00,14938
INCY,04/14/2023,75.12,75.28,73.91,74.50,10008
INCY,04/13/2023,74.25,75.51,73.99,75.33,9667
INCY,04/12/2023,74.31,75.07,73.53,73.94,8648
INCY,04/11/2023,74.23,74.53,73.65,74.17,10261
INCY,04/10/2023,73.48,74.65,72.99,73.93,12608
INCY,04/06/2023,74.10,76.04,73.87,75.51,15981
INCY,04/05/2023,72.88,74.08,72.68,73.78,14352
INCY,04/04/2023,72.48,72.84,72.18,72.65,11569
INCY,04/03/2023,72.09,72.83,71.97,72.66,11308
INCY,03/31/2023,71.14,72.37,70.96,72.27,19173
INCY,03/30/2023,71.39,71.48,70.84,71.04,8309
INCY,03/29/2023,70.75,71.22,70.51,71.14,9107
INCY,03/28/2023,70.81,71.33,70.03,70.31,10704
INCY,03/27/2023,70.58,71.42,70.35,70.81,13460
INCY,03/24/2023,71.51,71.74,67.83,70.23,34151
INCY,03/23/2023,72.42,72.83,71.69,72.26,18717
INCY,03/22/2023,73.52,73.85,72.22,72.26,12794
INCY,03/21/2023,74.41,74.57,73.08,73.49,10259
INCY,03/20/2023,73.53,74.51,72.96,74.22,11505
INCY,03/17/2023,73.97,74.01,72.81,73.62,25946
INCY,03/16/2023,72.32,74.04,72.32,73.97,12907
INCY,03/15/2023,73.56,73.56,72.00,72.47,14392
INCY,03/14/2023,73.39,74.09,72.98,74.00,11912
INCY,03/13/2023,72.35,74.54,72.18,73.18,13207
INCY,03/10/2023,72.85,73.51,71.49,72.01,14806
INCY,03/09/2023,73.96,74.21,72.46,72.86,9004
INCY,03/08/2023,74.21,74.32,73.60,73.79,8070
INCY,03/07/2023,75.89,75.89,74.12,74.38,11706
INCY,03/06/2023,75.80,76.24,75.11,75.85,17180
INCY,03/03/2023,77.51,77.74,76.78,77.56,11909
INCY,03/02/2023,77.58,77.58,76.95,77.31,10700
INCY,03/01/2023,77.01,78.02,76.85,77.83,13971
INCY,02/28/2023,76.54,77.27,76.00,76.98,18337
INCY,02/27/2023,77.18,77.65,76.47,76.61,9517
INCY,02/24/2023,77.43,77.54,76.70,77.02,11935
INCY,02/23/2023,78.30,78.62,77.35,77.66,9536
INCY,02/22/2023,78.68,78.91,78.16,78.51,10236
INCY,02/21/2023,78.93,79.58,78.17,78.49,13569
INCY,02/17/2023,78.24,79.32,77.81,79.00,27108
INCY,02/16/2023,79.48,79.71,78.20,78.24,10642
INCY,02/15/2023,79.00,79.38,78.27,79.35,10065
INCY,02/14/2023,80.20,80.22,78.91,79.36,12157
INCY,02/13/2023,79.22,80.13,79.06,80.08,13449
INCY,02/10/2023,81.00,81.08,79.09,79.26,22166
INCY,02/09/2023,80.80,81.49,80.28,81.24,15818
INCY,02/08/2023,80.96,81.14,79.45,80.50,21695
INCY,02/07/2023,83.50,83.74,79.08,80.96,41087
INCY,02/06/2023,83.61,84.84,82.73,84.36,21860
INCY,02/03/2023,84.69,85.20,83.38,83.61,14113
INCY,02/02/2023,85.30,85.59,83.54,84.49,15971
INCY,02/01/2023,84.80,85.85,84.53,85.60,10422
INCY,01/31/2023,84.06,86.04,84.02,85.14,20602
INCY,01/30/2023,85.54,85.73,83.50,83.65,15291
INCY,01/27/2023,85.76,86.08,85.42,85.70,8695
INCY,01/26/2023,85.00,86.29,84.37,86.01,14937
INCY,01/25/2023,83.57,84.99,83.44,84.97,10725
INCY,01/24/2023,83.56,84.00,83.07,83.64,12771
INCY,01/23/2023,83.36,83.79,82.89,83.48,9205
INCY,01/20/2023,83.97,84.12,82.81,83.20,14372
INCY,01/19/2023,82.30,83.93,82.17,83.88,14766
INCY,01/18/2023,81.09,82.44,80.87,82.27,13217
INCY,01/17/2023,80.68,81.92,80.68,81.26,12697
INCY,01/13/2023,80.19,81.69,80.19,80.83,10448
INCY,01/12/2023,79.67,80.90,78.89,80.45,37526
INCY,01/11/2023,79.52,80.02,78.28,79.68,17160
INCY,01/10/2023,78.90,80.52,78.86,79.55,16173
INCY,01/09/2023,80.89,81.18,78.71,78.82,22372
INCY,01/06/2023,81.00,81.16,80.21,80.87,26348
INCY,01/05/2023,78.58,80.83,78.30,80.16,38860
INCY,01/04/2023,80.13,80.51,78.83,79.08,18487
INCY,01/03/2023,80.30,80.96,79.15,79.55,13829
INCY,12/30/2022,79.26,80.40,78.87,80.32,6663
INCY,12/29/2022,79.59,80.22,79.21,79.48,6463
INCY,12/28/2022,79.66,80.28,79.19,79.44,9023
INCY,12/27/2022,81.49,81.68,79.43,79.59,7077
INCY,12/23/2022,81.15,81.41,80.46,81.36,5447
INCY,12/22/2022,80.34,81.15,79.94,81.12,5792
INCY,12/21/2022,81.36,81.75,80.25,80.52,10739
INCY,12/20/2022,80.46,81.27,80.27,81.07,10961
INCY,12/19/2022,82.16,82.38,80.13,80.59,11313
INCY,12/16/2022,81.91,82.42,81.08,82.03,25947
INCY,12/15/2022,82.36,82.52,81.77,82.23,9609
INCY,12/14/2022,82.68,83.01,81.80,82.67,8669
INCY,12/13/2022,82.85,83.45,82.62,82.91,9932
INCY,12/12/2022,82.46,82.53,81.65,82.36,8168
INCY,12/09/2022,84.15,84.49,82.25,82.34,10298
INCY,12/08/2022,84.21,84.58,83.52,84.11,9951
INCY,12/07/2022,82.57,84.13,82.32,84.03,11062
INCY,12/06/2022,84.02,84.16,82.24,82.54,19082
INCY,12/05/2022,82.77,84.57,82.60,84.08,19015
INCY,12/02/2022,80.28,83.35,80.01,83.13,16212
INCY,12/01/2022,80.00,81.00,79.65,80.68,12035
INCY,11/30/2022,78.00,79.70,77.45,79.67,14247
INCY,11/29/2022,77.90,77.95,77.06,77.80,5806
INCY,11/28/2022,78.30,79.00,77.61,77.83,6907
INCY,11/25/2022,77.33,78.26,77.27,78.26,2135
INCY,11/23/2022,78.37,78.90,77.53,77.76,8623
INCY,11/22/2022,78.41,78.74,77.79,78.27,6656
INCY,11/21/2022,77.50,78.84,76.90,78.41,9855
INCY,11/18/2022,78.27,78.89,76.94,77.45,7431
INCY,11/17/2022,76.58,78.22,76.27,77.96,9323
INCY,11/16/2022,76.85,77.39,76.46,76.71,6595
INCY,11/15/2022,78.07,78.07,76.38,76.62,9552
INCY,11/14/2022,77.70,78.37,77.06,77.09,11678
INCY,11/11/2022,77.47,77.77,75.46,77.53,11749
INCY,11/10/2022,79.16,79.19,76.43,77.78,20175
INCY,11/09/2022,76.74,78.03,76.67,77.22,12124
INCY,11/08/2022,75.84,77.16,75.82,76.69,10244
INCY,11/07/2022,77.49,77.85,75.85,75.90,12571
INCY,11/04/2022,77.36,77.85,76.22,77.30,17945
INCY,11/03/2022,76.49,77.49,75.24,76.90,11450
INCY,11/02/2022,76.67,78.74,76.26,77.15,27367
INCY,11/01/2022,75.52,81.00,75.39,76.95,40811
INCY,10/31/2022,73.97,74.71,73.56,74.34,21377
INCY,10/28/2022,73.54,74.64,73.17,74.60,10488
INCY,10/27/2022,73.76,73.86,72.56,72.86,8524
INCY,10/26/2022,72.53,74.27,72.53,73.62,11703
INCY,10/25/2022,72.49,73.01,71.91,72.42,10098
INCY,10/24/2022,71.26,73.07,70.28,72.47,17015
INCY,10/21/2022,68.98,70.97,68.15,70.58,46746
INCY,10/20/2022,69.69,70.44,68.72,68.96,10566
INCY,10/19/2022,70.53,70.98,69.07,69.59,12715
INCY,10/18/2022,71.32,71.97,70.86,71.11,14744
INCY,10/17/2022,69.72,70.71,69.31,70.36,13579
INCY,10/14/2022,69.12,69.64,68.32,69.10,11668
INCY,10/13/2022,66.36,69.06,66.33,68.42,14556
INCY,10/12/2022,67.35,67.84,66.70,67.51,9950
INCY,10/11/2022,67.76,68.16,66.69,67.25,13112
INCY,10/10/2022,68.56,68.63,67.45,67.58,9663
INCY,10/07/2022,69.14,69.40,68.25,68.42,11620
INCY,10/06/2022,69.12,69.92,68.52,69.64,10846
INCY,10/05/2022,69.21,69.98,68.51,69.50,9911
INCY,10/04/2022,69.41,69.97,68.64,69.56,11001
INCY,10/03/2022,67.13,69.07,66.50,68.83,12535
INCY,09/30/2022,66.84,67.91,66.56,66.64,15502
INCY,09/29/2022,67.50,67.58,66.14,66.61,12323
INCY,09/28/2022,66.95,67.96,66.60,67.66,13772
INCY,09/27/2022,66.48,67.53,65.88,66.44,16613
INCY,09/26/2022,66.60,67.26,65.92,66.18,11149
INCY,09/23/2022,67.33,67.33,66.10,66.89,12643
INCY,09/22/2022,66.16,67.90,65.62,67.41,12243
INCY,09/21/2022,68.42,68.97,66.83,66.83,14667
INCY,09/20/2022,68.20,68.60,67.55,68.26,9004
INCY,09/19/2022,68.42,68.91,67.19,68.81,11439
INCY,09/16/2022,68.86,69.18,67.75,68.83,19267
INCY,09/15/2022,68.22,69.40,68.00,68.98,11018
INCY,09/14/2022,68.55,68.59,67.37,68.42,12995
INCY,09/13/2022,69.85,69.95,67.86,68.14,12016
INCY,09/12/2022,72.20,72.31,70.37,70.53,14340
INCY,09/09/2022,71.72,72.80,71.61,72.20,9312
INCY,09/08/2022,71.25,71.94,70.57,71.72,11351
INCY,09/07/2022,69.13,71.82,68.95,71.41,13100
INCY,09/06/2022,70.54,70.54,68.51,69.11,10039
INCY,09/02/2022,71.41,72.02,69.98,70.21,13824
INCY,09/01/2022,69.90,71.39,69.36,71.35,9112
INCY,08/31/2022,70.53,71.16,70.17,70.43,13872
INCY,08/30/2022,70.47,70.71,69.41,69.96,9326
INCY,08/29/2022,70.84,71.16,69.99,70.51,8948
INCY,08/26/2022,72.98,72.98,71.38,71.48,8156
INCY,08/25/2022,73.25,73.29,71.89,72.68,5690
INCY,08/24/2022,73.11,73.52,72.74,72.97,6054
INCY,08/23/2022,73.24,73.49,71.69,72.99,8663
INCY,08/22/2022,74.33,74.69,72.98,73.59,6955
INCY,08/19/2022,73.41,74.59,73.01,74.54,6570
INCY,08/18/2022,73.68,74.03,72.37,73.62,8953
INCY,08/17/2022,74.49,74.97,73.79,73.86,7482
INCY,08/16/2022,75.48,76.01,74.74,74.96,10442
INCY,08/15/2022,73.87,75.45,73.40,75.28,8335
INCY,08/12/2022,73.99,74.75,73.61,73.99,12428
INCY,08/11/2022,73.90,74.49,73.34,73.76,11808
INCY,08/10/2022,74.56,74.95,73.28,74.13,12559
INCY,08/09/2022,73.50,74.22,73.22,73.73,9291
INCY,08/08/2022,72.16,74.11,71.65,74.00,13279
INCY,08/05/2022,71.29,72.50,70.76,72.16,14307
INCY,08/04/2022,72.63,73.16,71.26,71.91,14640
INCY,08/03/2022,71.56,73.68,71.05,72.54,18778
INCY,08/02/2022,74.00,74.15,71.43,72.58,30997
INCY,08/01/2022,77.43,78.35,76.93,77.40,12937
INCY,07/29/2022,78.73,78.73,77.26,77.68,11346
INCY,07/28/2022,80.61,80.91,77.76,78.82,10559
INCY,07/27/2022,79.76,80.89,79.56,80.68,10002
INCY,07/26/2022,80.45,81.06,79.65,79.84,12950
INCY,07/25/2022,80.90,81.28,79.85,80.62,9566
INCY,07/22/2022,83.13,83.35,80.65,80.90,8946
INCY,07/21/2022,83.00,83.92,82.37,82.86,12163
INCY,07/20/2022,81.63,82.67,81.48,82.49,18426
INCY,07/19/2022,79.94,81.55,79.61,81.36,17632
INCY,07/18/2022,80.36,80.68,78.57,78.86,12204
INCY,07/15/2022,79.62,80.34,78.27,80.03,45486
INCY,07/14/2022,79.24,79.99,77.60,79.63,10871
INCY,07/13/2022,79.08,80.01,78.66,79.41,10723
INCY,07/12/2022,80.88,81.16,79.27,80.42,13291
INCY,07/11/2022,80.22,81.53,79.25,80.96,12812
INCY,07/08/2022,80.40,81.19,79.90,80.48,10701
INCY,07/07/2022,79.38,81.48,79.38,80.78,13825
INCY,07/06/2022,79.10,80.21,78.67,79.72,16008
INCY,07/05/2022,77.20,79.29,76.92,79.25,13877
INCY,07/01/2022,75.58,77.86,75.36,77.67,12379
INCY,06/30/2022,75.44,76.79,74.76,75.97,16722
INCY,06/29/2022,75.70,76.14,75.21,75.89,6868
INCY,06/28/2022,77.32,77.63,75.03,75.63,9484
INCY,06/27/2022,77.91,78.18,76.63,77.36,12680
INCY,06/24/2022,75.59,78.30,75.23,78.19,21527
INCY,06/23/2022,74.19,74.98,73.75,74.78,8284
INCY,06/22/2022,72.51,74.37,72.07,73.75,11504
INCY,06/21/2022,72.15,73.36,71.74,73.14,14184
INCY,06/17/2022,68.53,72.02,67.90,71.27,30114
INCY,06/16/2022,67.06,68.24,66.12,68.04,12480
INCY,06/15/2022,66.35,69.12,66.35,68.55,14581
INCY,06/14/2022,67.50,67.78,65.07,66.18,21070
INCY,06/13/2022,69.03,69.45,67.51,67.75,12565
INCY,06/10/2022,71.85,72.02,70.34,70.40,12667
INCY,06/09/2022,74.67,74.85,72.74,72.78,7865
INCY,06/08/2022,75.00,75.85,74.70,74.99,6796
INCY,06/07/2022,73.69,75.04,73.62,74.91,9510
INCY,06/06/2022,74.82,74.82,73.19,73.89,10225
INCY,06/03/2022,74.37,74.77,73.54,73.96,15817
INCY,06/02/2022,74.68,74.87,72.32,74.63,13059
INCY,06/01/2022,76.22,76.47,74.38,74.98,12678
INCY,05/31/2022,76.95,77.15,74.98,75.89,26445
INCY,05/27/2022,76.45,77.34,75.80,77.19,11235
INCY,05/26/2022,76.89,77.62,75.85,76.02,7198
INCY,05/25/2022,75.38,76.77,74.71,76.51,9203
INCY,05/24/2022,76.66,76.91,74.88,75.11,10183
INCY,05/23/2022,75.20,77.26,74.78,76.91,9872
INCY,05/20/2022,75.03,75.14,72.82,74.88,12572
INCY,05/19/2022,73.34,74.83,72.49,74.34,13712
INCY,05/18/2022,74.78,75.06,73.12,73.39,15463
INCY,05/17/2022,75.24,75.88,74.21,75.51,12431
INCY,05/16/2022,74.62,75.00,73.77,74.51,12129
INCY,05/13/2022,75.87,76.62,74.49,74.90,9937
INCY,05/12/2022,73.37,75.53,73.05,75.51,13744
INCY,05/11/2022,75.75,76.62,73.79,73.91,10997
INCY,05/10/2022,74.02,76.34,73.62,76.14,18360
INCY,05/09/2022,74.12,74.73,72.35,72.65,18386
INCY,05/06/2022,76.56,77.12,74.44,75.20,11155
INCY,05/05/2022,80.48,80.55,76.43,77.28,12041
INCY,05/04/2022,77.47,80.79,76.85,80.72,19586
INCY,05/03/2022,76.12,79.21,75.79,77.18,19119
INCY,05/02/2022,74.68,76.19,74.12,76.05,17530
INCY,04/29/2022,75.07,76.74,74.72,74.96,14479
INCY,04/28/2022,74.93,75.80,73.37,75.40,10357
INCY,04/27/2022,74.13,75.07,73.72,74.43,8889
INCY,04/26/2022,76.07,76.63,74.11,74.15,7599
INCY,04/25/2022,76.41,76.81,75.17,76.56,11636
INCY,04/22/2022,76.55,77.32,76.08,76.58,9041
INCY,04/21/2022,79.01,79.01,76.63,76.86,13704
INCY,04/20/2022,79.72,79.72,78.05,78.71,11372
INCY,04/19/2022,79.96,80.30,79.15,79.47,9308
INCY,04/18/2022,81.69,81.70,80.05,80.33,9951
INCY,04/14/2022,81.56,82.85,80.95,81.74,39240
INCY,04/13/2022,80.06,82.11,79.80,81.99,17013
INCY,04/12/2022,81.01,81.02,79.35,80.07,17919
INCY,04/11/2022,82.50,82.99,80.81,80.95,13836
INCY,04/08/2022,82.43,84.86,81.90,83.18,20921
INCY,04/07/2022,81.83,83.51,81.67,82.18,13435
INCY,04/06/2022,80.32,82.09,80.14,81.87,14215
INCY,04/05/2022,80.91,82.25,80.62,80.70,12812
INCY,04/04/2022,80.51,81.69,80.11,80.91,16317
INCY,04/01/2022,79.73,80.79,79.52,79.94,14382
INCY,03/31/2022,79.66,80.00,79.14,79.42,11257
INCY,03/30/2022,79.75,80.25,79.18,79.67,10788
INCY,03/29/2022,79.17,80.04,78.91,79.71,13616
INCY,03/28/2022,78.41,79.13,78.25,78.95,11489
INCY,03/25/2022,78.45,78.68,77.86,78.46,10224
INCY,03/24/2022,77.53,78.88,77.26,78.19,12444
INCY,03/23/2022,78.08,78.14,77.07,77.10,11591
INCY,03/22/2022,76.56,78.25,75.82,78.05,17685
INCY,03/21/2022,75.44,76.76,75.19,76.58,16718
INCY,03/18/2022,74.35,75.38,73.76,75.20,24991
INCY,03/17/2022,74.61,75.38,74.03,74.35,12252
INCY,03/16/2022,75.08,75.23,73.21,74.60,22288
INCY,03/15/2022,72.37,73.46,72.01,73.31,13420
INCY,03/14/2022,73.72,74.35,71.86,72.19,11810
INCY,03/11/2022,74.18,76.03,73.74,73.94,12898
INCY,03/10/2022,71.49,73.62,71.46,73.47,19133
INCY,03/09/2022,71.69,72.31,71.21,72.01,10231
INCY,03/08/2022,69.87,72.59,69.74,71.15,10479
INCY,03/07/2022,69.93,71.40,69.71,70.62,12155
INCY,03/04/2022,68.79,70.78,68.60,70.05,8046
INCY,03/03/2022,69.81,69.87,68.50,69.46,12043
INCY,03/02/2022,68.60,69.97,68.04,69.58,9408
INCY,03/01/2022,68.10,69.53,67.70,68.70,12762
INCY,02/28/2022,67.92,68.49,67.19,68.30,12575
INCY,02/25/2022,67.56,69.30,67.09,68.42,12991
INCY,02/24/2022,67.14,67.95,66.21,67.84,14471
INCY,02/23/2022,68.85,69.34,67.82,67.99,13964
INCY,02/22/2022,68.08,68.82,67.77,68.17,14177
INCY,02/18/2022,67.99,70.07,67.74,68.53,22520
INCY,02/17/2022,67.34,68.71,66.97,67.83,29042
INCY,02/16/2022,67.40,68.12,66.93,67.83,14739
INCY,02/15/2022,67.00,68.20,66.51,67.50,18151
INCY,02/14/2022,66.60,66.62,65.60,66.02,22381
