ITCI,06/23/2023,65.00,65.50,64.41,64.81,335
ITCI,06/22/2023,66.47,67.00,65.16,65.93,3970
ITCI,06/21/2023,65.30,67.05,63.86,66.43,7601
ITCI,06/20/2023,63.55,65.62,63.08,65.48,4465
ITCI,06/16/2023,65.00,65.02,63.16,63.95,6909
ITCI,06/15/2023,64.31,64.59,63.43,64.27,4514
ITCI,06/14/2023,64.98,65.41,62.70,64.40,8148
ITCI,06/13/2023,64.50,66.06,64.34,65.05,8229
ITCI,06/12/2023,66.07,66.40,64.19,64.39,5490
ITCI,06/09/2023,64.97,65.93,64.70,65.82,4231
ITCI,06/08/2023,65.06,66.42,65.06,65.28,5390
ITCI,06/07/2023,65.30,65.72,63.46,65.13,7902
ITCI,06/06/2023,63.11,65.60,62.58,65.41,8198
ITCI,06/05/2023,61.12,63.26,60.76,63.21,4545
ITCI,06/02/2023,60.09,61.66,59.03,61.32,6109
ITCI,06/01/2023,59.28,60.46,58.33,59.53,5438
ITCI,05/31/2023,59.91,61.00,59.31,59.38,4440
ITCI,05/30/2023,60.06,60.25,59.31,59.43,6039
ITCI,05/26/2023,60.07,60.72,59.77,60.20,4510
ITCI,05/25/2023,61.00,62.15,59.13,60.17,6773
ITCI,05/24/2023,61.64,62.22,60.48,61.00,5264
ITCI,05/23/2023,62.59,63.89,61.41,61.83,5742
ITCI,05/22/2023,62.66,63.23,62.07,62.64,4590
ITCI,05/19/2023,63.48,63.55,62.17,62.42,6157
ITCI,05/18/2023,63.37,64.04,62.18,62.98,8725
ITCI,05/17/2023,63.24,64.15,62.21,63.41,6820
ITCI,05/16/2023,63.80,63.80,61.92,63.14,8286
ITCI,05/15/2023,64.50,65.58,64.21,64.91,5072
ITCI,05/12/2023,64.38,65.08,63.51,64.42,5734
ITCI,05/11/2023,65.98,66.08,63.76,64.37,7554
ITCI,05/10/2023,64.32,66.56,63.70,66.44,7946
ITCI,05/09/2023,63.59,64.24,62.34,63.94,5197
ITCI,05/08/2023,63.47,64.97,63.20,64.05,7961
ITCI,05/05/2023,62.52,64.66,61.87,63.30,7147
ITCI,05/04/2023,61.82,62.79,60.16,61.97,8217
ITCI,05/03/2023,63.03,64.25,62.86,63.25,7898
ITCI,05/02/2023,63.50,66.09,62.62,63.26,13337
ITCI,05/01/2023,62.66,63.86,62.17,63.16,17312
ITCI,04/28/2023,61.45,63.02,61.27,62.15,6283
ITCI,04/27/2023,61.44,62.25,60.80,61.87,6677
ITCI,04/26/2023,60.72,61.58,60.43,61.04,10439
ITCI,04/25/2023,62.16,62.62,60.74,60.79,6240
ITCI,04/24/2023,62.34,63.08,61.04,62.25,8817
ITCI,04/21/2023,61.40,63.05,61.22,62.51,8035
ITCI,04/20/2023,62.53,62.88,60.36,60.84,10134
ITCI,04/19/2023,62.34,63.17,61.95,62.16,7530
ITCI,04/18/2023,63.25,63.46,61.85,62.39,5783
ITCI,04/17/2023,60.37,63.50,60.17,63.18,9609
ITCI,04/14/2023,59.20,61.30,58.98,60.21,8952
ITCI,04/13/2023,58.79,59.64,58.20,59.28,8584
ITCI,04/12/2023,59.04,59.53,58.56,58.70,5771
ITCI,04/11/2023,59.41,60.48,58.52,58.70,7608
ITCI,04/10/2023,58.99,59.74,58.04,59.07,8349
ITCI,04/06/2023,56.77,59.43,56.58,59.30,11253
ITCI,04/05/2023,55.80,56.92,55.26,56.51,6863
ITCI,04/04/2023,54.61,56.83,54.29,56.01,10583
ITCI,04/03/2023,54.18,55.38,53.52,54.67,11427
ITCI,03/31/2023,56.05,56.19,53.26,54.15,14871
ITCI,03/30/2023,57.26,57.68,55.81,56.05,6493
ITCI,03/29/2023,57.00,57.48,55.98,56.99,13431
ITCI,03/28/2023,54.01,57.90,53.69,55.73,36167
ITCI,03/27/2023,47.26,48.22,46.97,47.88,4409
ITCI,03/24/2023,45.78,46.75,44.99,46.73,4476
ITCI,03/23/2023,46.06,46.71,45.26,45.89,4870
ITCI,03/22/2023,46.19,46.68,44.90,45.61,5382
ITCI,03/21/2023,46.26,46.79,45.45,46.18,7125
ITCI,03/20/2023,45.95,46.56,44.99,45.96,5662
ITCI,03/17/2023,45.31,46.45,43.90,45.99,9165
ITCI,03/16/2023,43.53,45.65,43.18,45.25,6032
ITCI,03/15/2023,44.72,44.93,43.37,43.80,5620
ITCI,03/14/2023,45.88,46.71,44.38,45.31,6688
ITCI,03/13/2023,43.82,45.52,43.61,45.11,6555
ITCI,03/10/2023,43.83,44.09,42.01,44.00,8646
ITCI,03/09/2023,46.50,47.15,44.07,44.24,5320
ITCI,03/08/2023,45.88,46.52,45.43,46.49,3886
ITCI,03/07/2023,47.66,47.76,45.89,46.14,4705
ITCI,03/06/2023,45.78,47.62,45.47,47.59,8523
ITCI,03/03/2023,46.61,46.69,45.55,45.87,9614
ITCI,03/02/2023,48.42,48.60,45.90,46.52,9548
ITCI,03/01/2023,50.00,51.68,47.08,49.32,17090
ITCI,02/28/2023,48.50,49.92,48.40,49.03,12936
ITCI,02/27/2023,47.30,49.10,47.30,48.57,7387
ITCI,02/24/2023,47.00,47.58,46.77,47.32,8439
ITCI,02/23/2023,46.01,48.06,46.00,47.65,9764
ITCI,02/22/2023,46.50,47.32,46.04,46.28,6534
ITCI,02/21/2023,49.60,49.61,46.09,46.44,15635
ITCI,02/17/2023,50.19,50.72,49.50,50.01,7295
ITCI,02/16/2023,49.71,50.85,49.24,49.86,6065
ITCI,02/15/2023,49.09,50.18,48.74,50.00,6935
ITCI,02/14/2023,48.73,49.96,48.38,49.42,6110
ITCI,02/13/2023,48.61,49.43,48.20,48.81,5573
ITCI,02/10/2023,49.56,50.24,48.44,48.67,8093
ITCI,02/09/2023,48.62,50.68,48.61,49.79,10726
ITCI,02/08/2023,47.18,48.86,46.89,48.36,4612
ITCI,02/07/2023,47.49,47.61,46.22,47.27,4930
ITCI,02/06/2023,48.89,49.54,47.26,47.52,3448
ITCI,02/03/2023,49.45,49.81,48.29,48.92,5061
ITCI,02/02/2023,47.85,49.78,47.09,49.74,6258
ITCI,02/01/2023,47.89,48.72,47.44,47.82,4956
ITCI,01/31/2023,47.35,48.79,47.35,47.92,5265
ITCI,01/30/2023,47.90,48.09,46.82,46.99,3602
ITCI,01/27/2023,48.51,49.29,47.74,47.75,5572
ITCI,01/26/2023,48.85,49.12,48.09,48.77,3028
ITCI,01/25/2023,48.98,49.81,47.94,48.24,5548
ITCI,01/24/2023,48.49,49.52,47.81,48.89,3950
ITCI,01/23/2023,48.42,49.07,47.99,48.53,5045
ITCI,01/20/2023,48.17,48.35,47.31,47.95,6134
ITCI,01/19/2023,48.11,48.67,47.74,47.78,4390
ITCI,01/18/2023,48.72,48.73,46.99,47.87,6250
ITCI,01/17/2023,47.90,49.03,47.03,48.75,5985
ITCI,01/13/2023,48.10,48.95,47.30,48.03,5249
ITCI,01/12/2023,47.75,48.97,46.32,48.52,10392
ITCI,01/11/2023,48.53,48.62,46.27,47.72,11513
ITCI,01/10/2023,50.78,51.98,48.40,48.80,5564
ITCI,01/09/2023,52.74,52.81,50.58,50.79,5309
ITCI,01/06/2023,51.70,52.74,50.80,52.06,4386
ITCI,01/05/2023,50.76,52.77,50.18,51.25,6698
ITCI,01/04/2023,52.46,53.18,51.08,51.08,4927
ITCI,01/03/2023,52.89,53.29,51.27,51.66,4362
ITCI,12/30/2022,53.19,53.90,52.51,52.92,3664
ITCI,12/29/2022,51.38,53.83,50.95,53.54,3410
ITCI,12/28/2022,49.93,51.46,49.93,51.00,3924
ITCI,12/27/2022,50.59,50.59,49.49,49.85,2582
ITCI,12/23/2022,51.70,51.99,49.71,50.64,5891
ITCI,12/22/2022,51.89,52.38,50.52,51.58,3779
ITCI,12/21/2022,51.75,52.81,50.77,52.41,3924
ITCI,12/20/2022,49.87,51.46,49.40,51.38,4876
ITCI,12/19/2022,51.40,51.99,49.72,50.12,3995
ITCI,12/16/2022,51.00,51.65,49.87,51.05,7712
ITCI,12/15/2022,52.44,52.50,51.44,51.83,6876
ITCI,12/14/2022,54.79,54.79,52.61,52.77,3850
ITCI,12/13/2022,54.28,55.00,52.76,54.45,6687
ITCI,12/12/2022,52.13,52.78,51.44,52.69,6099
ITCI,12/09/2022,51.39,52.16,50.56,51.77,4228
ITCI,12/08/2022,54.52,54.99,51.72,51.81,7088
ITCI,12/07/2022,52.90,54.98,52.90,54.09,6142
ITCI,12/06/2022,54.00,54.21,52.36,53.22,4378
ITCI,12/05/2022,53.72,54.87,53.45,54.25,4338
ITCI,12/02/2022,53.00,54.74,52.28,54.08,3898
ITCI,12/01/2022,54.30,54.83,53.18,53.45,3717
ITCI,11/30/2022,52.85,54.26,51.49,54.22,6340
ITCI,11/29/2022,52.37,53.98,52.06,52.85,4763
ITCI,11/28/2022,52.23,53.01,51.74,52.16,4312
ITCI,11/25/2022,51.27,52.37,51.26,52.23,1419
ITCI,11/23/2022,53.25,53.57,50.72,51.19,4815
ITCI,11/22/2022,52.22,53.01,51.17,52.87,4644
ITCI,11/21/2022,52.13,53.58,51.82,52.08,5401
ITCI,11/18/2022,51.56,52.69,50.39,51.94,5660
ITCI,11/17/2022,49.42,51.07,49.09,50.61,5262
ITCI,11/16/2022,50.68,50.74,48.88,49.91,5896
ITCI,11/15/2022,51.82,51.95,50.14,50.66,4823
ITCI,11/14/2022,53.13,53.39,51.13,51.21,5548
ITCI,11/11/2022,50.90,53.67,50.57,52.88,9612
ITCI,11/10/2022,52.33,52.45,49.05,50.67,6911
ITCI,11/09/2022,51.69,52.18,49.62,50.01,6531
ITCI,11/08/2022,52.71,54.25,51.71,52.48,7647
ITCI,11/07/2022,51.30,53.36,51.24,52.34,9705
ITCI,11/04/2022,52.70,53.00,49.70,51.22,9925
ITCI,11/03/2022,46.56,52.65,46.56,51.88,18534
ITCI,11/02/2022,45.74,47.48,43.86,45.83,12855
ITCI,11/01/2022,46.12,46.75,45.90,45.93,5974
ITCI,10/31/2022,46.28,46.79,44.92,45.67,8350
ITCI,10/28/2022,45.00,46.41,43.93,46.36,8981
ITCI,10/27/2022,46.34,46.61,44.54,44.83,4858
ITCI,10/26/2022,44.93,46.58,44.18,45.93,5989
ITCI,10/25/2022,44.17,45.03,44.05,44.67,5035
ITCI,10/24/2022,46.61,46.84,44.04,44.07,5275
ITCI,10/21/2022,44.67,46.65,44.36,46.60,4288
ITCI,10/20/2022,46.53,47.10,44.18,44.71,8434
ITCI,10/19/2022,48.22,48.27,46.33,46.88,5472
ITCI,10/18/2022,47.81,49.24,47.81,48.68,5159
ITCI,10/17/2022,47.76,48.92,46.81,47.36,6405
ITCI,10/14/2022,48.61,48.90,46.81,46.97,6132
ITCI,10/13/2022,46.94,48.63,46.45,48.55,5295
ITCI,10/12/2022,47.41,48.21,47.05,47.89,4442
ITCI,10/11/2022,47.34,48.56,46.27,47.35,8522
ITCI,10/10/2022,47.64,48.37,46.81,47.60,6532
ITCI,10/07/2022,47.12,49.19,46.84,47.94,10064
ITCI,10/06/2022,47.30,47.50,46.53,47.15,4161
ITCI,10/05/2022,48.17,48.71,46.87,47.46,4562
ITCI,10/04/2022,48.48,48.94,47.75,48.71,4701
ITCI,10/03/2022,46.53,48.31,45.48,47.76,5708
ITCI,09/30/2022,45.27,47.04,45.24,46.53,10877
ITCI,09/29/2022,45.36,45.36,43.90,45.25,4864
ITCI,09/28/2022,44.86,46.00,44.82,45.36,5331
ITCI,09/27/2022,43.11,44.99,43.07,44.58,6678
ITCI,09/26/2022,42.63,44.59,42.43,42.70,5892
ITCI,09/23/2022,44.90,45.21,43.02,43.51,9004
ITCI,09/22/2022,44.10,46.34,42.93,45.71,13360
ITCI,09/21/2022,46.57,46.57,44.16,44.25,9319
ITCI,09/20/2022,46.95,47.18,45.74,46.39,7012
ITCI,09/19/2022,47.69,48.36,46.87,47.17,6530
ITCI,09/16/2022,50.38,50.40,47.62,48.20,7831
ITCI,09/15/2022,49.80,50.63,48.58,50.53,5902
ITCI,09/14/2022,51.89,52.01,49.80,50.15,8835
ITCI,09/13/2022,51.81,53.35,51.17,51.98,5475
ITCI,09/12/2022,52.09,53.58,51.06,53.12,3530
ITCI,09/09/2022,52.36,53.24,51.78,52.00,5634
ITCI,09/08/2022,51.79,52.75,51.11,52.25,4526
ITCI,09/07/2022,50.76,52.23,50.28,52.21,6767
ITCI,09/06/2022,51.53,52.20,50.28,50.78,5267
ITCI,09/02/2022,50.52,51.77,49.59,51.61,6728
ITCI,09/01/2022,49.86,50.56,49.65,50.52,4235
ITCI,08/31/2022,49.03,50.34,48.83,50.26,6217
ITCI,08/30/2022,49.57,50.06,48.82,48.84,5357
ITCI,08/29/2022,49.00,50.52,48.92,49.55,5652
ITCI,08/26/2022,49.66,51.15,48.99,49.70,6659
ITCI,08/25/2022,50.37,50.97,48.86,49.31,6259
ITCI,08/24/2022,49.83,50.92,49.76,50.29,5845
ITCI,08/23/2022,49.13,50.09,48.25,49.84,8437
ITCI,08/22/2022,48.45,51.30,47.90,49.14,14076
ITCI,08/19/2022,50.28,52.06,49.75,51.42,8162
ITCI,08/18/2022,51.76,52.17,50.73,50.74,7878
ITCI,08/17/2022,53.85,54.25,51.28,51.50,6799
ITCI,08/16/2022,52.38,53.84,50.83,53.81,7973
ITCI,08/15/2022,53.04,54.20,51.24,52.53,11228
ITCI,08/12/2022,57.02,57.35,52.86,53.57,14631
ITCI,08/11/2022,58.90,59.83,56.01,57.02,8995
ITCI,08/10/2022,57.30,59.45,57.01,59.19,5890
ITCI,08/09/2022,55.60,60.00,55.03,56.33,8901
ITCI,08/08/2022,59.34,59.82,56.85,58.85,16316
ITCI,08/05/2022,58.05,61.00,56.08,59.99,14221
ITCI,08/04/2022,56.06,58.91,56.06,58.77,8121
ITCI,08/03/2022,55.90,57.86,55.40,56.20,7690
ITCI,08/02/2022,52.09,55.33,51.97,55.26,8990
ITCI,08/01/2022,53.88,54.12,51.36,51.72,6317
ITCI,07/29/2022,54.29,54.48,52.95,54.12,5274
ITCI,07/28/2022,53.79,54.47,52.18,54.21,4808
ITCI,07/27/2022,52.94,54.32,52.87,53.49,3729
ITCI,07/26/2022,53.24,54.35,52.99,53.25,3370
ITCI,07/25/2022,55.61,55.77,52.11,53.02,8555
ITCI,07/22/2022,56.40,56.93,55.03,55.67,4061
ITCI,07/21/2022,56.78,56.87,54.46,55.81,4645
ITCI,07/20/2022,55.91,57.28,55.36,56.50,5711
ITCI,07/19/2022,55.00,57.89,54.38,55.93,5365
ITCI,07/18/2022,55.68,56.77,53.90,54.19,4727
ITCI,07/15/2022,56.30,56.40,53.58,55.25,4894
ITCI,07/14/2022,53.00,56.19,52.26,55.95,6066
ITCI,07/13/2022,53.78,55.61,53.26,53.39,5889
ITCI,07/12/2022,55.09,56.03,53.27,54.47,3444
ITCI,07/11/2022,57.22,57.54,53.40,55.40,6016
ITCI,07/08/2022,57.07,58.56,56.59,57.57,4446
ITCI,07/07/2022,57.34,59.16,56.85,58.01,6676
ITCI,07/06/2022,57.19,59.75,54.97,56.17,5711
ITCI,07/05/2022,54.50,57.29,53.17,57.09,4544
ITCI,07/01/2022,56.67,57.12,53.13,55.17,8868
ITCI,06/30/2022,57.48,58.79,56.29,57.08,7657
ITCI,06/29/2022,56.02,58.97,54.84,58.31,6134
ITCI,06/28/2022,57.89,58.99,55.10,55.23,7013
ITCI,06/27/2022,56.20,59.04,55.97,57.90,7332
ITCI,06/24/2022,57.83,58.51,55.26,55.62,14274
ITCI,06/23/2022,53.44,57.74,53.44,57.19,8030
ITCI,06/22/2022,54.00,55.85,53.13,54.27,5915
ITCI,06/21/2022,55.11,56.92,54.73,54.82,7787
ITCI,06/17/2022,53.91,58.55,53.91,54.94,15292
ITCI,06/16/2022,54.93,56.09,52.78,53.43,6838
ITCI,06/15/2022,54.56,57.57,53.76,56.53,8868
ITCI,06/14/2022,53.55,54.50,51.98,54.02,5344
ITCI,06/13/2022,51.23,53.88,51.12,53.07,9098
ITCI,06/10/2022,54.85,54.85,51.23,53.02,6731
ITCI,06/09/2022,57.24,57.87,55.26,55.48,3743
ITCI,06/08/2022,58.21,59.34,56.08,57.61,4738
ITCI,06/07/2022,57.95,60.00,57.95,58.79,4058
ITCI,06/06/2022,58.88,59.82,58.11,58.20,4272
ITCI,06/03/2022,55.24,59.96,55.11,58.35,5343
ITCI,06/02/2022,55.08,56.07,53.91,55.66,6150
ITCI,06/01/2022,57.47,58.50,54.79,55.26,4982
ITCI,05/31/2022,57.86,58.73,56.83,57.40,5706
ITCI,05/27/2022,57.48,58.91,54.59,58.28,6732
ITCI,05/26/2022,57.14,59.29,56.70,58.72,3947
ITCI,05/25/2022,56.75,56.75,55.55,56.67,6711
ITCI,05/24/2022,58.33,58.33,55.88,56.96,5406
ITCI,05/23/2022,58.67,58.96,57.35,58.41,5655
ITCI,05/20/2022,58.50,59.85,55.55,57.88,8475
ITCI,05/19/2022,58.75,60.64,57.39,57.73,8689
ITCI,05/18/2022,58.49,58.79,56.89,58.50,10072
ITCI,05/17/2022,59.92,60.06,58.59,59.41,7887
ITCI,05/16/2022,59.50,60.02,58.00,58.92,7243
ITCI,05/13/2022,56.57,59.51,56.45,59.10,9764
ITCI,05/12/2022,52.82,56.08,52.82,55.22,10001
ITCI,05/11/2022,52.65,56.55,52.33,53.38,19450
ITCI,05/10/2022,46.31,53.34,46.31,53.24,29411
ITCI,05/09/2022,45.32,46.50,42.42,43.00,14275
ITCI,05/06/2022,49.00,49.24,45.91,46.20,12001
ITCI,05/05/2022,51.04,51.54,48.10,48.69,6640
ITCI,05/04/2022,51.34,51.57,48.36,51.17,7467
ITCI,05/03/2022,51.72,52.61,50.55,51.09,3524
ITCI,05/02/2022,50.65,52.59,50.15,51.77,5615
ITCI,04/29/2022,51.64,53.24,50.21,50.61,6088
ITCI,04/28/2022,53.56,54.04,50.21,51.64,6085
ITCI,04/27/2022,51.88,54.31,51.33,53.05,9716
ITCI,04/26/2022,52.93,53.67,51.52,51.74,5521
ITCI,04/25/2022,52.09,53.92,51.48,53.18,7209
ITCI,04/22/2022,55.42,55.42,51.97,52.44,16817
ITCI,04/21/2022,60.17,60.46,55.48,55.75,10501
ITCI,04/20/2022,61.32,61.81,59.91,60.03,6441
ITCI,04/19/2022,60.35,62.72,59.83,61.10,6361
ITCI,04/18/2022,63.60,63.89,60.17,60.61,7813
ITCI,04/14/2022,64.62,64.87,63.86,64.30,6183
ITCI,04/13/2022,63.42,65.43,62.08,64.70,6405
ITCI,04/12/2022,63.02,65.98,62.62,63.33,9619
ITCI,04/11/2022,64.07,64.24,61.47,62.76,9244
ITCI,04/08/2022,63.99,65.58,62.85,64.60,10426
ITCI,04/07/2022,65.57,66.00,64.07,64.40,9719
ITCI,04/06/2022,62.73,65.91,62.73,65.64,8332
ITCI,04/05/2022,63.06,64.90,62.32,63.21,6548
ITCI,04/04/2022,62.77,63.60,60.83,63.09,8736
ITCI,04/01/2022,61.15,63.02,59.72,62.68,10685
ITCI,03/31/2022,60.32,61.70,59.67,61.19,10957
ITCI,03/30/2022,61.92,64.16,60.05,60.32,7812
ITCI,03/29/2022,62.01,65.69,61.55,62.09,14591
ITCI,03/28/2022,61.00,61.54,58.86,61.48,8587
ITCI,03/25/2022,59.63,61.22,59.29,60.78,5852
ITCI,03/24/2022,59.60,60.27,59.01,59.39,4174
ITCI,03/23/2022,60.37,61.37,59.36,59.50,3987
ITCI,03/22/2022,58.62,60.51,58.58,60.37,5176
ITCI,03/21/2022,60.42,61.05,57.50,58.62,9524
ITCI,03/18/2022,60.69,62.45,60.00,61.05,14758
ITCI,03/17/2022,59.86,60.60,59.21,60.38,10249
ITCI,03/16/2022,58.43,59.80,57.72,59.73,7465
ITCI,03/15/2022,57.91,58.60,55.50,58.37,4904
ITCI,03/14/2022,58.80,59.29,56.42,56.93,9817
ITCI,03/11/2022,56.70,58.96,56.49,58.64,7548
ITCI,03/10/2022,54.95,56.90,54.00,56.73,7432
ITCI,03/09/2022,54.50,58.19,54.40,57.14,8781
ITCI,03/08/2022,52.88,56.19,52.36,53.94,9831
ITCI,03/07/2022,54.85,55.01,52.09,53.23,11007
ITCI,03/04/2022,55.52,56.62,53.95,55.09,7510
ITCI,03/03/2022,56.80,57.53,54.62,55.99,8271
ITCI,03/02/2022,56.98,59.88,56.27,57.05,7303
ITCI,03/01/2022,55.00,58.88,53.00,56.50,12325
ITCI,02/28/2022,55.02,55.63,53.70,55.48,10543
ITCI,02/25/2022,54.24,55.47,53.96,55.28,7065
ITCI,02/24/2022,51.42,53.69,50.85,53.57,15090
ITCI,02/23/2022,54.76,55.16,52.72,53.05,7637
ITCI,02/22/2022,54.75,56.34,54.36,54.62,9859
ITCI,02/18/2022,56.80,57.75,55.30,56.63,15109
ITCI,02/17/2022,55.14,58.22,55.14,57.49,12165
ITCI,02/16/2022,56.80,57.08,55.16,55.81,10552
ITCI,02/15/2022,53.30,56.59,53.30,56.00,12431
ITCI,02/14/2022,53.29,54.75,52.45,53.00,12494
