JNPR,06/23/2023,30.24,30.41,30.00,30.16,3072
JNPR,06/22/2023,30.78,30.80,30.22,30.57,35005
JNPR,06/21/2023,31.33,31.34,30.72,30.80,59404
JNPR,06/20/2023,32.38,32.45,31.47,31.50,54116
JNPR,06/16/2023,32.68,32.78,32.29,32.47,59913
JNPR,06/15/2023,31.57,32.57,31.46,32.44,47332
JNPR,06/14/2023,31.20,31.91,31.15,31.68,37145
JNPR,06/13/2023,31.09,31.38,31.05,31.23,24668
JNPR,06/12/2023,30.22,31.01,30.15,30.99,28490
JNPR,06/09/2023,30.26,30.68,30.16,30.19,29137
JNPR,06/08/2023,30.02,30.11,29.64,30.06,24420
JNPR,06/07/2023,29.52,30.08,29.46,30.05,29740
JNPR,06/06/2023,29.38,29.57,29.01,29.51,46208
JNPR,06/05/2023,30.94,30.94,29.98,30.04,52874
JNPR,06/02/2023,30.60,31.05,30.58,30.97,36211
JNPR,06/01/2023,30.46,30.76,30.28,30.55,37899
JNPR,05/31/2023,30.19,30.57,30.13,30.37,130337
JNPR,05/30/2023,30.64,30.86,30.38,30.69,43994
JNPR,05/26/2023,29.92,30.56,29.92,30.50,40492
JNPR,05/25/2023,29.50,29.83,29.25,29.73,58500
JNPR,05/24/2023,29.36,29.38,29.03,29.22,42914
JNPR,05/23/2023,29.66,29.77,28.94,29.33,48074
JNPR,05/22/2023,29.61,29.99,29.47,29.76,39554
JNPR,05/19/2023,29.60,29.88,29.46,29.54,33126
JNPR,05/18/2023,28.45,29.49,28.38,29.43,38687
JNPR,05/17/2023,29.07,29.19,28.62,28.73,32282
JNPR,05/16/2023,29.24,29.34,28.81,28.87,31039
JNPR,05/15/2023,29.05,29.45,29.00,29.29,28644
JNPR,05/12/2023,29.06,29.32,28.97,29.08,26871
JNPR,05/11/2023,28.94,29.14,28.85,28.92,25270
JNPR,05/10/2023,29.33,29.52,28.92,29.07,30031
JNPR,05/09/2023,28.76,29.18,28.68,29.10,38015
JNPR,05/08/2023,28.92,29.00,28.78,28.90,29993
JNPR,05/05/2023,28.64,29.07,28.47,28.85,36320
JNPR,05/04/2023,28.78,28.99,28.36,28.43,37423
JNPR,05/03/2023,29.24,29.39,28.92,28.94,41779
JNPR,05/02/2023,29.58,29.81,29.10,29.18,46660
JNPR,05/01/2023,30.24,30.45,29.86,29.88,29326
JNPR,04/28/2023,29.60,30.17,29.54,30.15,43193
JNPR,04/27/2023,30.12,30.17,29.38,29.58,71229
JNPR,04/26/2023,29.00,30.25,28.50,30.04,87331
JNPR,04/25/2023,31.24,31.24,30.78,30.98,57165
JNPR,04/24/2023,31.26,31.35,30.92,31.25,42331
JNPR,04/21/2023,30.90,31.37,30.61,31.31,48164
JNPR,04/20/2023,31.33,31.45,30.68,30.86,56758
JNPR,04/19/2023,32.62,32.62,31.61,31.76,36169
JNPR,04/18/2023,33.68,33.78,33.03,33.14,37747
JNPR,04/17/2023,33.84,34.15,33.36,33.57,40410
JNPR,04/14/2023,34.00,34.26,33.70,33.99,19695
JNPR,04/13/2023,33.90,34.27,33.74,34.09,27819
JNPR,04/12/2023,33.77,33.95,33.63,33.76,21206
JNPR,04/11/2023,33.64,33.83,33.52,33.64,23399
JNPR,04/10/2023,33.51,33.99,33.42,33.92,17999
JNPR,04/06/2023,33.64,33.75,33.25,33.69,32661
JNPR,04/05/2023,34.17,34.38,33.95,34.31,20811
JNPR,04/04/2023,34.42,34.46,34.06,34.14,29338
JNPR,04/03/2023,34.15,34.53,34.11,34.43,30501
JNPR,03/31/2023,34.09,34.47,34.01,34.42,25887
JNPR,03/30/2023,34.24,34.30,33.78,34.04,40105
JNPR,03/29/2023,33.18,33.43,33.04,33.37,34872
JNPR,03/28/2023,32.72,33.03,32.51,32.96,31686
JNPR,03/27/2023,32.81,33.00,32.51,32.80,49209
JNPR,03/24/2023,32.07,32.81,31.96,32.68,40769
JNPR,03/23/2023,31.49,32.40,31.42,32.12,47722
JNPR,03/22/2023,32.19,32.30,31.40,31.41,29207
JNPR,03/21/2023,32.20,32.32,31.80,32.14,28201
JNPR,03/20/2023,31.42,32.11,31.37,31.99,39375
JNPR,03/17/2023,31.56,31.65,31.12,31.33,64614
JNPR,03/16/2023,30.56,31.59,30.56,31.58,29375
JNPR,03/15/2023,30.87,30.97,30.45,30.70,37181
JNPR,03/14/2023,31.06,31.40,30.95,31.25,27699
JNPR,03/13/2023,30.57,30.91,30.32,30.69,40890
JNPR,03/10/2023,31.00,31.18,30.65,30.80,29888
JNPR,03/09/2023,31.40,31.62,31.04,31.06,22039
JNPR,03/08/2023,31.26,31.56,31.03,31.30,28198
JNPR,03/07/2023,31.50,31.78,31.13,31.20,37022
JNPR,03/06/2023,30.91,31.48,30.88,31.33,45520
JNPR,03/03/2023,30.96,30.98,30.65,30.68,26345
JNPR,03/02/2023,30.40,30.76,30.32,30.73,17835
JNPR,03/01/2023,30.75,30.90,30.45,30.53,24529
JNPR,02/28/2023,30.64,30.89,30.55,30.78,33813
JNPR,02/27/2023,31.05,31.15,30.74,30.90,42592
JNPR,02/24/2023,31.20,31.28,30.56,30.77,31093
JNPR,02/23/2023,31.50,31.69,31.03,31.47,27563
JNPR,02/22/2023,31.46,31.52,31.04,31.28,35394
JNPR,02/21/2023,31.30,31.56,31.16,31.46,40156
JNPR,02/17/2023,31.55,31.76,31.32,31.56,31020
JNPR,02/16/2023,31.31,31.95,31.31,31.53,47666
JNPR,02/15/2023,31.26,31.53,31.10,31.52,37611
JNPR,02/14/2023,31.16,31.64,30.99,31.36,32963
JNPR,02/13/2023,31.16,31.32,31.00,31.29,46365
JNPR,02/10/2023,30.88,31.37,30.83,31.13,47064
JNPR,02/09/2023,31.33,31.40,30.88,30.97,28370
JNPR,02/08/2023,31.07,31.42,30.94,31.06,22995
JNPR,02/07/2023,30.74,31.25,30.53,31.22,34997
JNPR,02/06/2023,30.58,31.08,30.55,30.80,50626
JNPR,02/03/2023,31.24,31.24,30.55,30.73,75085
JNPR,02/02/2023,31.30,31.69,30.90,31.45,67830
JNPR,02/01/2023,30.64,31.04,29.69,30.99,113227
JNPR,01/31/2023,32.00,32.33,31.67,32.30,71482
JNPR,01/30/2023,31.85,32.17,31.60,32.13,52297
JNPR,01/27/2023,32.13,32.31,31.97,32.01,31818
JNPR,01/26/2023,32.17,32.42,31.90,32.32,19025
JNPR,01/25/2023,31.75,32.11,31.57,31.98,26780
JNPR,01/24/2023,31.54,32.31,31.34,32.01,31988
JNPR,01/23/2023,31.64,32.00,31.55,31.85,22539
JNPR,01/20/2023,31.36,31.50,30.42,31.46,43975
JNPR,01/19/2023,31.94,32.06,31.44,31.45,43364
JNPR,01/18/2023,32.28,33.04,32.03,32.06,45803
JNPR,01/17/2023,31.92,32.34,31.92,32.12,39494
JNPR,01/13/2023,31.36,32.11,31.35,31.94,22912
JNPR,01/12/2023,32.13,32.19,31.60,31.69,23136
JNPR,01/11/2023,31.86,32.34,31.80,32.16,21628
JNPR,01/10/2023,31.85,32.01,31.68,31.83,18353
JNPR,01/09/2023,32.01,32.30,31.77,31.83,33302
JNPR,01/06/2023,31.48,32.06,31.28,31.95,20184
JNPR,01/05/2023,31.75,31.80,31.14,31.17,30472
JNPR,01/04/2023,32.76,33.08,31.43,31.83,51793
JNPR,01/03/2023,32.24,32.74,32.03,32.53,30625
JNPR,12/30/2022,31.79,32.00,31.70,31.96,17545
JNPR,12/29/2022,31.50,32.04,31.50,32.03,21261
JNPR,12/28/2022,31.82,31.88,31.31,31.36,14238
JNPR,12/27/2022,31.74,31.83,31.50,31.78,16438
JNPR,12/23/2022,31.41,31.69,31.20,31.67,20170
JNPR,12/22/2022,31.51,31.51,30.99,31.39,25312
JNPR,12/21/2022,32.00,32.07,31.68,31.75,22284
JNPR,12/20/2022,31.65,31.97,31.64,31.78,27065
JNPR,12/19/2022,31.73,32.04,31.52,31.67,34779
JNPR,12/16/2022,31.77,31.97,31.47,31.78,80965
JNPR,12/15/2022,32.72,32.79,32.04,32.29,33885
JNPR,12/14/2022,33.10,33.54,32.78,33.08,26295
JNPR,12/13/2022,33.90,33.95,32.67,33.13,37048
JNPR,12/12/2022,32.37,33.08,32.28,33.05,27250
JNPR,12/09/2022,32.46,32.58,32.22,32.38,30398
JNPR,12/08/2022,32.46,32.68,32.22,32.45,27792
JNPR,12/07/2022,31.98,32.14,31.74,31.97,26763
JNPR,12/06/2022,32.52,32.62,31.83,32.15,23442
JNPR,12/05/2022,32.59,32.59,32.28,32.53,17307
JNPR,12/02/2022,32.57,32.95,32.24,32.86,26764
JNPR,12/01/2022,33.27,33.27,32.78,32.92,40200
JNPR,11/30/2022,31.58,33.27,31.49,33.24,72870
JNPR,11/29/2022,31.94,32.23,31.71,31.87,33794
JNPR,11/28/2022,31.77,31.95,31.56,31.91,27998
JNPR,11/25/2022,32.01,32.15,31.93,32.02,12877
JNPR,11/23/2022,32.21,32.38,31.62,31.73,33357
JNPR,11/22/2022,32.00,32.35,31.98,32.24,33415
JNPR,11/21/2022,31.44,31.94,31.28,31.87,43725
JNPR,11/18/2022,30.98,31.70,30.81,31.57,50441
JNPR,11/17/2022,29.52,30.66,29.50,30.51,35848
JNPR,11/16/2022,30.30,30.30,29.91,29.93,27925
JNPR,11/15/2022,30.57,30.81,30.26,30.46,27214
JNPR,11/14/2022,30.37,30.91,30.22,30.24,24907
JNPR,11/11/2022,30.66,30.66,30.19,30.50,21842
JNPR,11/10/2022,29.98,30.51,29.74,30.51,33785
JNPR,11/09/2022,29.78,29.84,28.83,28.94,36639
JNPR,11/08/2022,29.95,30.44,29.68,30.04,47917
JNPR,11/07/2022,30.26,30.36,29.72,29.82,35149
JNPR,11/04/2022,30.29,30.65,29.62,30.12,36552
JNPR,11/03/2022,29.75,30.02,29.54,29.84,24864
JNPR,11/02/2022,30.83,31.29,30.10,30.11,48950
JNPR,11/01/2022,30.84,31.09,30.48,30.91,31792
JNPR,10/31/2022,30.66,30.80,30.36,30.60,31535
JNPR,10/28/2022,30.43,30.86,30.06,30.83,32104
JNPR,10/27/2022,30.28,30.48,29.71,30.28,34354
JNPR,10/26/2022,30.00,30.49,28.91,30.00,69016
JNPR,10/25/2022,28.40,29.29,28.33,29.16,51274
JNPR,10/24/2022,28.77,28.98,28.23,28.49,42705
JNPR,10/21/2022,28.64,28.88,27.96,28.76,56189
JNPR,10/20/2022,27.33,28.10,27.23,27.61,53229
JNPR,10/19/2022,27.18,27.73,27.06,27.37,39843
JNPR,10/18/2022,27.59,27.74,26.97,27.44,37771
JNPR,10/17/2022,26.36,26.72,26.32,26.61,34152
JNPR,10/14/2022,26.56,26.80,25.76,25.81,48272
JNPR,10/13/2022,25.50,26.51,25.18,26.32,71135
JNPR,10/12/2022,26.03,26.16,25.81,25.91,24426
JNPR,10/11/2022,26.14,26.45,25.72,25.81,26938
JNPR,10/10/2022,27.05,27.05,26.00,26.33,25604
JNPR,10/07/2022,27.23,27.29,26.61,26.74,22690
JNPR,10/06/2022,27.50,27.80,27.37,27.54,24352
JNPR,10/05/2022,27.27,27.74,27.15,27.58,21124
JNPR,10/04/2022,27.03,27.64,27.00,27.63,23023
JNPR,10/03/2022,26.49,26.91,26.40,26.57,38164
JNPR,09/30/2022,26.18,26.67,26.10,26.12,28544
JNPR,09/29/2022,26.41,26.46,25.86,26.11,26663
JNPR,09/28/2022,26.15,26.92,26.13,26.68,27658
JNPR,09/27/2022,26.39,26.53,25.73,26.02,27039
JNPR,09/26/2022,26.35,26.72,25.96,25.97,38495
JNPR,09/23/2022,26.21,26.41,25.99,26.38,32660
JNPR,09/22/2022,26.27,26.41,26.04,26.33,40719
JNPR,09/21/2022,27.03,27.34,26.36,26.36,33678
JNPR,09/20/2022,27.07,27.12,26.69,26.88,29783
JNPR,09/19/2022,27.17,27.55,26.93,27.31,38110
JNPR,09/16/2022,27.67,27.72,27.13,27.61,63425
JNPR,09/15/2022,28.05,28.33,27.83,27.98,30641
JNPR,09/14/2022,28.01,28.25,27.80,28.05,40319
JNPR,09/13/2022,28.89,28.94,27.92,28.02,26124
JNPR,09/12/2022,29.28,29.75,29.18,29.41,25718
JNPR,09/09/2022,28.90,29.15,28.78,29.04,22099
JNPR,09/08/2022,28.00,28.83,27.92,28.69,32521
JNPR,09/07/2022,27.81,28.20,27.62,28.19,26838
JNPR,09/06/2022,28.14,28.20,27.48,27.76,40868
JNPR,09/02/2022,28.50,28.66,27.85,28.01,32154
JNPR,09/01/2022,28.24,28.33,27.64,28.14,41933
JNPR,08/31/2022,29.14,29.30,28.37,28.42,56712
JNPR,08/30/2022,29.51,29.60,28.81,28.92,33576
JNPR,08/29/2022,29.21,29.62,28.90,29.37,56016
JNPR,08/26/2022,30.37,30.45,29.30,29.39,33900
JNPR,08/25/2022,29.16,30.46,29.15,30.38,67049
JNPR,08/24/2022,28.99,29.22,28.79,28.99,15447
JNPR,08/23/2022,28.96,29.39,28.95,29.02,20002
JNPR,08/22/2022,29.32,29.41,28.94,28.97,18603
JNPR,08/19/2022,30.08,30.15,29.52,29.73,28109
JNPR,08/18/2022,29.17,30.27,29.06,30.26,48200
JNPR,08/17/2022,28.79,28.99,28.46,28.82,17751
JNPR,08/16/2022,28.98,29.29,28.85,29.10,21399
JNPR,08/15/2022,28.65,29.08,28.46,29.04,27953
JNPR,08/12/2022,28.88,29.32,28.76,28.91,16679
JNPR,08/11/2022,28.77,29.11,28.53,28.74,25152
JNPR,08/10/2022,28.28,28.81,28.05,28.72,25815
JNPR,08/09/2022,28.09,28.11,27.67,27.82,25506
JNPR,08/08/2022,28.35,28.40,27.92,28.11,29621
JNPR,08/05/2022,27.74,28.05,27.51,28.04,28948
JNPR,08/04/2022,28.28,28.31,27.80,27.92,28594
JNPR,08/03/2022,27.78,28.27,27.58,28.21,27384
JNPR,08/02/2022,27.90,28.02,27.53,27.71,40001
JNPR,08/01/2022,27.87,28.20,27.66,27.98,35454
JNPR,07/29/2022,27.96,28.25,27.72,28.03,48963
JNPR,07/28/2022,27.97,28.28,27.63,28.00,60133
JNPR,07/27/2022,26.24,27.99,26.20,27.71,97167
JNPR,07/26/2022,28.42,28.53,27.94,28.07,47911
JNPR,07/25/2022,28.73,28.78,28.27,28.42,57284
JNPR,07/22/2022,29.25,29.37,28.26,28.61,36950
JNPR,07/21/2022,28.59,29.25,28.59,29.24,36202
JNPR,07/20/2022,28.28,29.01,28.25,28.53,73340
JNPR,07/19/2022,28.45,29.21,28.40,29.18,30113
JNPR,07/18/2022,28.18,28.63,27.65,28.17,52130
JNPR,07/15/2022,28.38,28.56,28.12,28.52,23452
JNPR,07/14/2022,27.89,28.18,27.35,28.03,30159
JNPR,07/13/2022,27.45,28.23,27.33,27.98,31431
JNPR,07/12/2022,28.65,28.90,28.08,28.37,22964
JNPR,07/11/2022,28.66,28.86,28.48,28.67,22487
JNPR,07/08/2022,28.69,28.96,28.42,28.79,22093
JNPR,07/07/2022,28.36,28.97,28.36,28.66,21686
JNPR,07/06/2022,28.05,28.27,27.82,28.09,28775
JNPR,07/05/2022,27.75,28.07,27.04,28.04,50315
JNPR,07/01/2022,28.50,28.59,27.83,28.22,29342
JNPR,06/30/2022,28.48,28.82,28.31,28.50,35377
JNPR,06/29/2022,28.66,28.85,28.29,28.79,22447
JNPR,06/28/2022,29.37,29.53,28.63,28.67,24500
JNPR,06/27/2022,29.16,29.32,28.85,29.17,23615
JNPR,06/24/2022,28.49,29.20,28.49,29.15,36031
JNPR,06/23/2022,28.20,28.41,27.93,28.22,37657
JNPR,06/22/2022,28.08,28.29,27.80,28.16,29135
JNPR,06/21/2022,28.11,28.52,27.98,28.39,35560
JNPR,06/17/2022,27.57,27.82,27.12,27.63,67064
JNPR,06/16/2022,28.00,28.00,27.36,27.65,33011
JNPR,06/15/2022,28.51,28.94,28.08,28.58,33492
JNPR,06/14/2022,28.28,28.95,28.06,28.32,36656
JNPR,06/13/2022,28.29,28.44,27.91,28.07,34157
JNPR,06/10/2022,29.08,29.15,28.62,28.81,40562
JNPR,06/09/2022,30.14,30.25,29.57,29.58,30473
JNPR,06/08/2022,30.60,30.72,30.24,30.25,25543
JNPR,06/07/2022,30.46,30.93,30.32,30.89,16577
JNPR,06/06/2022,31.09,31.24,30.57,30.70,18219
JNPR,06/03/2022,30.95,31.06,30.60,30.80,24217
JNPR,06/02/2022,30.59,31.19,30.26,31.17,22144
JNPR,06/01/2022,30.90,30.99,30.38,30.75,31220
JNPR,05/31/2022,30.86,30.95,30.41,30.68,47927
JNPR,05/27/2022,30.98,31.22,30.77,31.22,28303
JNPR,05/26/2022,30.19,30.94,30.18,30.62,34767
JNPR,05/25/2022,29.64,30.40,29.50,30.07,44306
JNPR,05/24/2022,29.54,29.86,29.02,29.72,45953
JNPR,05/23/2022,29.13,29.75,28.91,29.61,33383
JNPR,05/20/2022,29.10,29.13,27.97,28.87,52595
JNPR,05/19/2022,28.72,29.34,28.22,28.80,59052
JNPR,05/18/2022,31.10,31.27,29.47,29.85,55847
JNPR,05/17/2022,30.66,31.43,30.60,31.41,44154
JNPR,05/16/2022,30.55,30.58,30.11,30.27,47173
JNPR,05/13/2022,30.00,30.56,29.79,30.46,56832
JNPR,05/12/2022,30.44,30.50,29.15,29.67,74862
JNPR,05/11/2022,30.82,31.42,30.54,30.57,36150
JNPR,05/10/2022,31.00,31.32,30.56,31.09,35856
JNPR,05/09/2022,31.80,31.87,30.64,30.70,45368
JNPR,05/06/2022,31.44,32.38,31.44,32.07,48922
JNPR,05/05/2022,32.50,32.84,31.43,31.78,53055
JNPR,05/04/2022,32.27,33.06,32.16,32.92,54988
JNPR,05/03/2022,32.22,32.85,32.12,32.30,42342
JNPR,05/02/2022,31.84,32.27,31.53,32.24,39280
JNPR,04/29/2022,32.48,32.94,31.44,31.52,45142
JNPR,04/28/2022,32.17,32.78,31.88,32.68,43862
JNPR,04/27/2022,32.52,32.60,31.31,31.90,71012
JNPR,04/26/2022,34.59,34.81,33.51,33.60,41687
JNPR,04/25/2022,35.00,35.13,33.38,34.62,67510
JNPR,04/22/2022,36.09,36.22,35.10,35.15,36795
JNPR,04/21/2022,37.00,37.18,36.09,36.15,38440
JNPR,04/20/2022,35.98,36.65,35.98,36.50,32892
JNPR,04/19/2022,35.10,35.87,34.97,35.77,25163
JNPR,04/18/2022,35.05,35.47,34.93,35.10,28797
JNPR,04/14/2022,35.26,35.67,35.05,35.13,55802
JNPR,04/13/2022,34.46,35.25,34.29,35.22,38643
JNPR,04/12/2022,34.51,35.21,34.04,34.22,31936
JNPR,04/11/2022,35.28,35.36,34.37,34.41,36007
JNPR,04/08/2022,35.74,35.74,35.25,35.43,22838
JNPR,04/07/2022,35.45,35.93,35.31,35.70,30226
JNPR,04/06/2022,36.08,36.11,35.25,35.58,47447
JNPR,04/05/2022,36.62,36.88,36.10,36.29,34018
JNPR,04/04/2022,36.83,36.93,36.38,36.79,36840
JNPR,04/01/2022,37.27,37.34,35.59,36.83,64312
JNPR,03/31/2022,37.50,38.14,37.15,37.16,54639
JNPR,03/30/2022,37.71,37.92,37.07,37.58,62670
JNPR,03/29/2022,37.41,37.73,36.56,37.69,63662
JNPR,03/28/2022,36.52,37.31,36.30,37.31,60996
JNPR,03/25/2022,35.70,36.62,35.34,36.52,64549
JNPR,03/24/2022,35.22,35.68,35.02,35.66,33274
JNPR,03/23/2022,35.49,35.66,35.02,35.07,23805
JNPR,03/22/2022,35.32,35.81,35.13,35.68,34843
JNPR,03/21/2022,35.44,35.70,34.96,35.31,39715
JNPR,03/18/2022,34.66,35.37,34.43,35.31,100937
JNPR,03/17/2022,34.09,34.84,33.99,34.65,54275
JNPR,03/16/2022,34.31,34.40,33.41,34.17,54316
JNPR,03/15/2022,33.56,34.43,33.45,34.38,46372
JNPR,03/14/2022,33.40,33.74,32.94,33.29,43959
JNPR,03/11/2022,33.56,34.24,33.11,33.14,23802
JNPR,03/10/2022,33.50,33.90,33.13,33.25,37782
JNPR,03/09/2022,33.68,33.93,33.32,33.69,24310
JNPR,03/08/2022,33.26,33.61,32.55,32.88,43649
JNPR,03/07/2022,34.06,34.18,33.03,33.04,31958
JNPR,03/04/2022,33.86,34.18,33.70,34.15,26935
JNPR,03/03/2022,34.48,34.58,34.09,34.33,28531
JNPR,03/02/2022,33.21,34.32,33.09,34.21,25129
JNPR,03/01/2022,33.59,33.77,32.84,33.08,32222
JNPR,02/28/2022,33.57,33.85,33.29,33.79,33792
JNPR,02/25/2022,33.66,34.36,33.50,34.32,33308
JNPR,02/24/2022,32.46,33.74,32.26,33.67,54309
JNPR,02/23/2022,34.07,34.29,33.13,33.19,34219
JNPR,02/22/2022,34.07,34.50,33.54,33.81,38657
JNPR,02/18/2022,34.28,34.62,34.00,34.32,37629
JNPR,02/17/2022,34.87,35.05,34.22,34.38,32250
JNPR,02/16/2022,34.35,34.77,34.20,34.75,25794
JNPR,02/15/2022,34.18,34.70,34.04,34.60,32067
JNPR,02/14/2022,34.07,34.46,33.49,33.79,36545
