KHC,06/23/2023,36.15,36.25,36.02,36.15,8048
KHC,06/22/2023,36.08,36.18,35.86,36.07,57384
KHC,06/21/2023,36.50,36.61,36.00,36.07,80732
KHC,06/20/2023,37.06,37.15,36.60,36.62,67075
KHC,06/16/2023,36.82,37.14,36.43,36.99,108265
KHC,06/15/2023,36.93,37.09,36.68,36.87,68222
KHC,06/14/2023,36.69,36.92,36.42,36.67,71083
KHC,06/13/2023,36.61,36.84,36.46,36.80,60868
KHC,06/12/2023,36.76,36.92,36.28,36.58,81644
KHC,06/09/2023,36.92,37.10,36.77,36.88,76626
KHC,06/08/2023,36.79,37.22,36.67,37.19,59034
KHC,06/07/2023,37.23,37.27,36.72,36.95,106172
KHC,06/06/2023,38.15,38.29,37.46,37.79,50308
KHC,06/05/2023,38.00,38.36,37.85,38.06,61259
KHC,06/02/2023,38.16,38.54,38.04,38.51,89372
KHC,06/01/2023,38.28,38.47,38.11,38.19,64010
KHC,05/31/2023,37.90,38.38,37.76,38.22,138371
KHC,05/30/2023,38.00,38.23,37.74,37.85,67894
KHC,05/26/2023,38.29,38.44,37.85,38.34,66702
KHC,05/25/2023,38.21,38.59,38.02,38.26,75236
KHC,05/24/2023,38.90,38.97,38.49,38.72,59123
KHC,05/23/2023,38.80,39.04,38.50,38.69,74196
KHC,05/22/2023,39.28,39.34,38.61,38.74,51217
KHC,05/19/2023,39.01,39.31,38.79,39.07,57822
KHC,05/18/2023,38.61,38.92,38.33,38.91,70410
KHC,05/17/2023,38.97,39.12,38.47,38.91,76254
KHC,05/16/2023,39.95,39.97,38.98,39.00,87511
KHC,05/15/2023,40.80,40.81,40.09,40.17,55385
KHC,05/12/2023,40.57,40.74,40.51,40.66,45356
KHC,05/11/2023,40.61,40.70,40.33,40.65,40404
KHC,05/10/2023,40.67,41.09,40.40,40.68,60420
KHC,05/09/2023,41.02,41.10,40.65,40.88,67985
KHC,05/08/2023,41.24,41.33,40.91,41.08,57875
KHC,05/05/2023,40.75,41.44,40.64,41.32,76278
KHC,05/04/2023,40.50,40.92,40.25,40.84,98281
KHC,05/03/2023,40.75,41.47,40.19,40.25,204644
KHC,05/02/2023,39.78,39.81,39.15,39.45,104757
KHC,05/01/2023,39.36,39.88,39.31,39.76,69102
KHC,04/28/2023,39.74,39.84,39.19,39.27,67843
KHC,04/27/2023,39.15,39.71,39.13,39.68,54854
KHC,04/26/2023,39.18,39.52,39.13,39.36,66169
KHC,04/25/2023,39.18,39.63,39.11,39.44,61825
KHC,04/24/2023,39.14,39.38,39.00,39.18,37623
KHC,04/21/2023,39.40,39.49,38.94,39.22,44996
KHC,04/20/2023,39.42,39.53,39.20,39.41,36838
KHC,04/19/2023,39.52,39.56,39.20,39.47,42957
KHC,04/18/2023,39.42,39.50,39.06,39.46,40930
KHC,04/17/2023,39.16,39.55,39.10,39.54,36458
KHC,04/14/2023,39.14,39.35,38.90,39.10,44121
KHC,04/13/2023,39.13,39.28,38.70,39.17,55040
KHC,04/12/2023,39.20,39.52,39.06,39.28,40748
KHC,04/11/2023,39.20,39.31,38.95,39.25,56700
KHC,04/10/2023,39.20,39.22,38.79,39.10,41663
KHC,04/06/2023,39.13,39.36,38.97,39.14,47706
KHC,04/05/2023,38.74,39.29,38.74,39.02,62189
KHC,04/04/2023,38.81,38.90,38.17,38.61,70716
KHC,04/03/2023,38.71,39.06,38.56,38.85,48701
KHC,03/31/2023,39.00,39.00,38.34,38.67,59456
KHC,03/30/2023,38.80,39.03,38.58,38.84,43170
KHC,03/29/2023,38.66,38.95,38.58,38.67,43555
KHC,03/28/2023,38.63,38.90,38.36,38.39,39338
KHC,03/27/2023,38.34,38.75,38.29,38.60,49824
KHC,03/24/2023,37.49,38.22,37.42,38.18,48679
KHC,03/23/2023,37.45,37.79,37.22,37.42,52439
KHC,03/22/2023,38.23,38.34,37.56,37.57,43171
KHC,03/21/2023,38.04,38.14,37.79,38.04,53483
KHC,03/20/2023,37.69,38.19,37.63,37.94,52187
KHC,03/17/2023,37.97,38.10,37.42,37.63,93542
KHC,03/16/2023,38.00,38.22,37.57,38.18,72414
KHC,03/15/2023,37.85,38.16,37.49,38.11,56803
KHC,03/14/2023,38.06,38.21,37.71,38.14,80399
KHC,03/13/2023,37.90,38.74,37.73,38.12,73990
KHC,03/10/2023,37.82,38.07,37.75,37.94,51675
KHC,03/09/2023,37.93,38.16,37.62,37.79,55558
KHC,03/08/2023,38.74,38.76,38.03,38.32,57343
KHC,03/07/2023,38.87,38.94,38.44,38.64,47382
KHC,03/06/2023,38.92,39.06,38.74,38.99,39952
KHC,03/03/2023,38.56,39.17,38.10,39.04,52258
KHC,03/02/2023,38.51,38.88,38.37,38.66,37002
KHC,03/01/2023,38.72,38.90,38.10,38.40,51404
KHC,02/28/2023,39.59,39.69,38.87,38.94,80343
KHC,02/27/2023,39.81,40.01,39.54,39.66,41329
KHC,02/24/2023,39.63,39.83,39.45,39.61,49018
KHC,02/23/2023,39.60,39.90,39.48,39.75,48457
KHC,02/22/2023,40.04,40.04,39.47,39.58,56011
KHC,02/21/2023,40.00,40.25,39.28,39.87,79137
KHC,02/17/2023,39.78,40.20,39.62,40.00,90064
KHC,02/16/2023,39.60,39.88,39.28,39.78,86734
KHC,02/15/2023,39.81,40.28,39.38,40.13,75424
KHC,02/14/2023,40.38,40.41,39.74,39.88,68894
KHC,02/13/2023,39.82,40.38,39.76,40.33,63899
KHC,02/10/2023,38.94,39.85,38.94,39.63,53504
KHC,02/09/2023,39.31,39.34,38.68,38.89,47326
KHC,02/08/2023,39.50,39.54,39.00,39.07,58193
KHC,02/07/2023,39.56,39.71,39.14,39.54,60136
KHC,02/06/2023,39.35,39.96,39.15,39.93,62725
KHC,02/03/2023,40.05,40.18,39.22,39.38,58697
KHC,02/02/2023,40.04,40.15,39.71,39.99,75359
KHC,02/01/2023,40.50,40.79,40.16,40.54,59107
KHC,01/31/2023,40.56,40.68,40.00,40.53,61466
KHC,01/30/2023,39.78,40.59,39.77,40.37,59526
KHC,01/27/2023,39.63,39.76,39.08,39.69,49541
KHC,01/26/2023,39.86,39.86,39.16,39.66,51467
KHC,01/25/2023,39.65,40.05,39.29,39.95,42840
KHC,01/24/2023,40.28,40.40,39.57,39.82,56580
KHC,01/23/2023,40.03,40.46,39.85,40.26,63892
KHC,01/20/2023,39.93,39.99,39.31,39.88,85392
KHC,01/19/2023,39.66,40.34,39.64,40.04,89835
KHC,01/18/2023,42.20,42.20,39.56,39.66,197837
KHC,01/17/2023,42.36,42.62,42.23,42.33,92958
KHC,01/13/2023,42.32,42.56,42.19,42.42,58406
KHC,01/12/2023,42.60,42.72,42.27,42.43,68315
KHC,01/11/2023,42.50,42.69,42.25,42.56,80861
KHC,01/10/2023,42.30,42.57,42.14,42.33,60882
KHC,01/09/2023,42.39,42.80,42.19,42.20,89778
KHC,01/06/2023,41.94,42.78,41.78,42.59,62799
KHC,01/05/2023,41.36,41.59,41.19,41.33,63580
KHC,01/04/2023,41.04,41.58,40.90,41.24,80632
KHC,01/03/2023,40.53,40.85,40.28,40.78,55807
KHC,12/30/2022,40.78,40.87,40.41,40.71,41460
KHC,12/29/2022,40.39,40.79,40.32,40.68,36944
KHC,12/28/2022,41.14,41.19,40.38,40.44,43401
KHC,12/27/2022,40.62,41.04,40.51,40.96,48893
KHC,12/23/2022,40.47,40.67,40.37,40.52,48331
KHC,12/22/2022,40.22,40.65,39.81,40.36,66210
KHC,12/21/2022,40.00,40.38,39.90,40.18,46076
KHC,12/20/2022,39.98,40.06,39.48,39.79,53820
KHC,12/19/2022,40.00,40.45,39.85,40.11,60874
KHC,12/16/2022,39.50,39.97,39.19,39.92,102445
KHC,12/15/2022,39.95,40.04,39.46,39.83,56997
KHC,12/14/2022,40.14,40.60,39.99,40.16,61262
KHC,12/13/2022,40.50,40.63,39.95,39.97,55006
KHC,12/12/2022,40.02,40.31,39.83,40.28,44596
KHC,12/09/2022,40.25,40.44,39.91,39.94,51239
KHC,12/08/2022,40.00,40.28,39.77,40.14,56015
KHC,12/07/2022,39.75,39.94,39.36,39.89,49790
KHC,12/06/2022,39.91,40.26,39.25,39.42,47959
KHC,12/05/2022,39.56,39.73,39.37,39.62,44978
KHC,12/02/2022,39.25,39.88,39.24,39.83,36644
KHC,12/01/2022,39.49,40.10,39.31,39.49,71030
KHC,11/30/2022,38.87,39.40,38.36,39.35,74652
KHC,11/29/2022,38.77,39.08,38.68,39.04,43398
KHC,11/28/2022,38.97,39.27,38.71,38.87,59042
KHC,11/25/2022,39.08,39.18,38.87,38.90,34472
KHC,11/23/2022,38.54,38.95,38.48,38.90,50832
KHC,11/22/2022,38.62,39.06,38.59,38.96,62078
KHC,11/21/2022,38.34,38.54,38.03,38.44,50491
KHC,11/18/2022,37.82,38.14,37.72,38.10,71221
KHC,11/17/2022,37.60,37.82,37.41,37.75,53359
KHC,11/16/2022,37.20,37.98,37.20,37.69,68037
KHC,11/15/2022,37.19,37.24,36.55,37.04,54728
KHC,11/14/2022,37.17,37.76,36.79,36.82,76047
KHC,11/11/2022,37.73,37.78,36.02,36.99,83600
KHC,11/10/2022,38.42,38.43,37.24,37.87,83213
KHC,11/09/2022,38.04,38.38,37.66,37.73,46101
KHC,11/08/2022,38.17,38.50,37.74,38.10,46285
KHC,11/07/2022,38.26,38.55,37.94,38.17,45571
KHC,11/04/2022,38.10,38.46,37.49,38.02,52342
KHC,11/03/2022,38.00,38.19,37.75,37.99,58088
KHC,11/02/2022,38.26,39.04,38.06,38.12,62097
KHC,11/01/2022,38.45,38.52,38.17,38.22,58203
KHC,10/31/2022,38.94,38.99,38.21,38.47,87790
KHC,10/28/2022,37.99,39.05,37.75,38.94,88020
KHC,10/27/2022,37.16,38.68,37.06,38.02,121414
KHC,10/26/2022,37.89,38.08,36.12,36.91,107944
KHC,10/25/2022,36.45,37.18,36.07,37.06,90190
KHC,10/24/2022,35.78,36.60,35.70,36.52,77981
KHC,10/21/2022,35.13,35.49,34.89,35.21,100431
KHC,10/20/2022,36.40,36.43,35.31,35.34,70061
KHC,10/19/2022,36.03,36.35,35.94,36.29,65462
KHC,10/18/2022,35.74,36.20,35.66,36.07,65821
KHC,10/17/2022,35.95,36.17,35.46,35.49,58812
KHC,10/14/2022,35.80,36.48,35.61,35.73,103995
KHC,10/13/2022,34.99,35.97,34.86,35.78,92853
KHC,10/12/2022,35.16,35.67,35.04,35.30,90080
KHC,10/11/2022,33.86,35.03,33.86,34.94,99691
KHC,10/10/2022,33.98,34.47,33.55,34.07,110308
KHC,10/07/2022,33.40,33.49,32.81,33.03,60874
KHC,10/06/2022,33.90,33.94,33.27,33.42,56456
KHC,10/05/2022,34.04,34.14,33.17,33.89,61661
KHC,10/04/2022,34.01,34.69,33.99,34.33,73826
KHC,10/03/2022,33.68,34.08,33.36,33.96,60236
KHC,09/30/2022,33.63,33.66,33.22,33.35,86070
KHC,09/29/2022,33.55,33.68,33.08,33.56,69407
KHC,09/28/2022,33.05,33.82,32.73,33.62,68788
KHC,09/27/2022,34.09,34.45,32.89,32.95,88428
KHC,09/26/2022,33.88,34.31,33.73,34.06,77973
KHC,09/23/2022,34.04,34.32,33.46,33.92,78199
KHC,09/22/2022,34.54,34.68,34.24,34.26,57591
KHC,09/21/2022,34.19,35.16,34.01,34.44,84853
KHC,09/20/2022,34.45,34.49,33.79,33.94,87143
KHC,09/19/2022,34.70,35.04,34.58,34.61,85874
KHC,09/16/2022,34.51,34.84,34.26,34.71,272879
KHC,09/15/2022,34.98,35.22,34.45,34.61,69638
KHC,09/14/2022,35.23,35.56,34.82,34.96,85048
KHC,09/13/2022,36.48,36.62,34.94,35.06,103291
KHC,09/12/2022,36.67,36.88,36.54,36.73,66158
KHC,09/09/2022,36.27,36.65,35.99,36.46,77070
KHC,09/08/2022,37.10,37.12,35.82,36.06,98817
KHC,09/07/2022,37.15,37.52,35.92,37.32,103704
KHC,09/06/2022,37.40,37.61,36.74,37.43,92125
KHC,09/02/2022,37.90,38.48,37.17,37.31,58230
KHC,09/01/2022,37.33,37.83,37.04,37.70,57995
KHC,08/31/2022,37.51,37.90,37.35,37.40,51739
KHC,08/30/2022,38.01,38.05,37.33,37.41,46960
KHC,08/29/2022,37.95,38.30,37.74,38.09,55588
KHC,08/26/2022,38.63,38.85,38.11,38.11,51344
KHC,08/25/2022,38.54,38.85,38.45,38.61,43260
KHC,08/24/2022,38.67,38.95,38.54,38.91,54873
KHC,08/23/2022,38.46,39.01,38.39,38.72,52757
KHC,08/22/2022,38.53,38.56,38.10,38.41,57762
KHC,08/19/2022,38.15,38.56,37.94,38.53,88116
KHC,08/18/2022,38.11,38.28,37.81,38.26,64200
KHC,08/17/2022,38.65,38.80,38.15,38.20,54109
KHC,08/16/2022,38.65,38.95,38.46,38.83,56960
KHC,08/15/2022,38.49,38.92,38.00,38.56,61010
KHC,08/12/2022,38.89,38.93,38.41,38.67,44729
KHC,08/11/2022,38.65,39.33,38.65,38.73,58313
KHC,08/10/2022,38.51,38.79,38.43,38.63,56196
KHC,08/09/2022,37.90,38.44,37.86,38.40,54469
KHC,08/08/2022,37.80,38.07,37.66,37.79,37630
KHC,08/05/2022,37.03,37.61,36.65,37.57,45735
KHC,08/04/2022,37.28,37.47,36.97,37.03,42026
KHC,08/03/2022,37.01,37.52,36.61,37.34,52143
KHC,08/02/2022,37.53,37.69,37.06,37.09,46726
KHC,08/01/2022,37.01,37.63,36.90,37.43,64766
KHC,07/29/2022,36.62,36.96,36.45,36.83,96437
KHC,07/28/2022,36.57,37.24,36.30,37.19,102778
KHC,07/27/2022,37.08,37.19,35.30,36.34,207246
KHC,07/26/2022,38.15,38.68,38.02,38.64,58723
KHC,07/25/2022,38.35,38.60,37.98,38.38,55700
KHC,07/22/2022,38.07,38.58,37.97,38.32,54420
KHC,07/21/2022,38.11,38.34,37.82,37.95,43981
KHC,07/20/2022,38.83,38.85,38.02,38.26,41311
KHC,07/19/2022,38.55,39.12,38.43,38.74,167440
KHC,07/18/2022,38.23,38.81,38.10,38.43,76841
KHC,07/15/2022,38.85,39.07,37.83,38.01,74810
KHC,07/14/2022,38.60,38.86,38.39,38.76,55689
KHC,07/13/2022,38.60,39.43,38.24,39.18,71918
KHC,07/12/2022,38.56,39.15,38.55,38.80,56580
KHC,07/11/2022,38.48,38.83,38.20,38.61,63833
KHC,07/08/2022,38.16,38.65,37.92,38.37,52544
KHC,07/07/2022,38.25,38.43,37.92,38.08,49568
KHC,07/06/2022,38.00,38.47,37.89,38.20,49528
KHC,07/05/2022,38.48,38.51,37.47,38.12,73267
KHC,07/01/2022,38.13,38.70,37.97,38.64,63622
KHC,06/30/2022,37.79,38.58,37.58,38.14,71617
KHC,06/29/2022,37.88,38.37,37.68,37.98,63531
KHC,06/28/2022,38.66,39.01,37.55,37.73,61170
KHC,06/27/2022,38.37,38.92,38.29,38.66,50932
KHC,06/24/2022,38.00,38.50,37.65,38.40,67945
KHC,06/23/2022,37.20,37.98,37.07,37.85,83567
KHC,06/22/2022,37.27,37.97,36.74,37.05,129466
KHC,06/21/2022,35.91,36.77,35.65,36.61,69625
KHC,06/17/2022,35.86,36.11,34.83,35.58,149267
KHC,06/16/2022,35.74,36.31,35.48,36.03,76006
KHC,06/15/2022,36.36,36.59,35.90,36.18,67343
KHC,06/14/2022,36.25,36.34,35.82,36.14,82553
KHC,06/13/2022,37.07,37.34,35.91,36.04,91057
KHC,06/10/2022,36.91,37.65,36.79,37.45,77058
KHC,06/09/2022,37.45,38.06,37.25,37.27,84363
KHC,06/08/2022,37.04,37.52,36.88,37.40,84124
KHC,06/07/2022,36.59,37.17,36.26,37.08,101609
KHC,06/06/2022,36.53,36.85,36.21,36.69,93379
KHC,06/03/2022,36.48,36.91,35.92,36.30,120805
KHC,06/02/2022,36.93,37.02,34.76,36.39,273649
KHC,06/01/2022,37.91,37.95,37.00,37.25,103520
KHC,05/31/2022,37.83,38.18,37.31,37.83,108300
KHC,05/27/2022,37.09,37.85,36.60,37.83,128106
KHC,05/26/2022,36.53,37.28,35.20,37.07,239309
KHC,05/25/2022,39.56,40.00,39.35,39.88,54081
KHC,05/24/2022,38.96,39.68,38.56,39.61,61840
KHC,05/23/2022,38.88,39.46,38.62,38.99,62594
KHC,05/20/2022,38.73,38.85,37.75,38.37,97974
KHC,05/19/2022,38.78,38.90,37.90,38.56,86166
KHC,05/18/2022,42.95,43.09,38.86,39.04,136028
KHC,05/17/2022,43.99,44.03,42.70,43.16,75578
KHC,05/16/2022,44.42,44.53,43.99,44.08,57928
KHC,05/13/2022,43.08,44.31,43.01,44.29,75644
KHC,05/12/2022,43.45,43.66,42.61,43.05,64029
KHC,05/11/2022,43.32,44.13,43.23,43.50,63705
KHC,05/10/2022,44.24,44.87,43.14,43.46,72024
KHC,05/09/2022,43.50,44.65,43.29,44.19,92636
KHC,05/06/2022,43.10,43.67,42.97,43.59,61908
KHC,05/05/2022,42.98,43.52,42.90,43.14,69282
KHC,05/04/2022,42.36,43.35,42.21,43.32,60897
KHC,05/03/2022,42.00,42.66,41.50,42.38,59059
KHC,05/02/2022,42.78,43.05,41.29,41.98,73484
KHC,04/29/2022,43.41,43.72,42.56,42.63,64511
KHC,04/28/2022,43.05,43.88,42.83,43.61,72410
KHC,04/27/2022,42.18,43.30,41.78,42.88,77701
KHC,04/26/2022,42.92,43.34,42.25,42.31,71391
KHC,04/25/2022,43.05,43.17,42.07,43.04,62206
KHC,04/22/2022,44.01,44.29,43.15,43.18,71488
KHC,04/21/2022,43.34,44.48,43.24,44.00,87090
KHC,04/20/2022,42.67,43.45,42.56,43.35,53189
KHC,04/19/2022,42.09,42.72,41.97,42.61,54454
KHC,04/18/2022,42.22,42.41,41.89,42.16,55370
KHC,04/14/2022,42.03,42.43,41.95,42.29,71264
KHC,04/13/2022,41.12,42.06,41.05,42.00,80265
KHC,04/12/2022,41.19,41.53,40.89,41.12,47919
KHC,04/11/2022,41.30,41.66,40.98,41.25,70442
KHC,04/08/2022,40.50,41.12,40.22,40.94,62235
KHC,04/07/2022,40.14,41.99,39.82,40.31,77236
KHC,04/06/2022,39.60,40.33,39.53,40.04,52266
KHC,04/05/2022,39.90,40.26,39.49,39.59,51935
KHC,04/04/2022,39.80,39.95,38.90,39.89,37677
KHC,04/01/2022,39.56,39.96,39.08,39.93,44172
KHC,03/31/2022,39.40,39.67,39.18,39.39,49680
KHC,03/30/2022,39.27,39.41,38.89,39.40,42108
KHC,03/29/2022,39.42,39.56,38.99,39.37,49353
KHC,03/28/2022,39.16,39.42,38.76,39.39,34891
KHC,03/25/2022,38.68,39.36,38.60,39.29,49632
KHC,03/24/2022,38.27,38.73,38.11,38.63,44894
KHC,03/23/2022,38.28,38.65,38.00,38.28,57580
KHC,03/22/2022,37.84,37.98,37.53,37.95,53475
KHC,03/21/2022,37.59,37.94,37.45,37.62,50259
KHC,03/18/2022,37.51,37.67,37.08,37.62,84089
KHC,03/17/2022,37.56,37.88,37.24,37.75,41792
KHC,03/16/2022,37.74,37.81,37.16,37.68,56215
KHC,03/15/2022,37.77,38.35,37.49,37.82,72429
KHC,03/14/2022,37.58,37.96,37.32,37.69,61220
KHC,03/11/2022,37.73,38.17,37.33,37.36,45812
KHC,03/10/2022,37.55,37.84,37.15,37.54,50880
KHC,03/09/2022,39.11,39.29,38.08,38.18,101786
KHC,03/08/2022,39.98,40.46,38.60,38.66,89732
KHC,03/07/2022,39.49,40.87,39.26,40.15,97006
KHC,03/04/2022,39.45,40.17,39.14,39.84,64439
KHC,03/03/2022,39.32,40.06,39.30,39.95,90495
KHC,03/02/2022,38.63,39.31,38.21,39.07,69763
KHC,03/01/2022,38.98,39.24,38.38,38.68,68076
KHC,02/28/2022,38.75,39.29,38.75,39.22,71142
KHC,02/25/2022,39.18,40.09,39.18,39.73,73448
KHC,02/24/2022,39.48,39.68,38.12,38.98,127315
KHC,02/23/2022,40.40,40.58,39.85,40.10,136810
KHC,02/22/2022,38.43,40.44,38.06,40.40,206534
KHC,02/18/2022,37.86,39.09,37.82,38.46,141757
KHC,02/17/2022,36.59,37.84,36.30,37.79,149789
KHC,02/16/2022,35.30,37.15,35.05,36.62,139718
KHC,02/15/2022,34.72,34.96,34.47,34.68,74698
KHC,02/14/2022,34.80,34.96,34.07,34.59,69064
