KIM,06/23/2023,18.70,18.79,18.62,18.69,2430
KIM,06/22/2023,19.19,19.21,18.63,18.85,31702
KIM,06/21/2023,19.16,19.22,18.98,19.10,33001
KIM,06/20/2023,19.40,19.43,19.00,19.23,42467
KIM,06/16/2023,19.45,19.53,19.30,19.45,44370
KIM,06/15/2023,19.23,19.38,19.04,19.38,30629
KIM,06/14/2023,19.41,19.64,19.14,19.30,34921
KIM,06/13/2023,19.36,19.65,19.26,19.27,45927
KIM,06/12/2023,19.44,19.47,19.23,19.37,34670
KIM,06/09/2023,19.18,19.43,19.13,19.40,39686
KIM,06/08/2023,19.33,19.38,18.97,19.22,39746
KIM,06/07/2023,18.89,19.51,18.80,19.41,48127
KIM,06/06/2023,18.70,18.99,18.69,18.95,38527
KIM,06/05/2023,18.68,18.98,18.67,18.70,29894
KIM,06/02/2023,18.48,18.84,18.38,18.76,45136
KIM,06/01/2023,18.43,18.43,18.01,18.21,44807
KIM,05/31/2023,18.15,18.42,17.96,18.38,69702
KIM,05/30/2023,18.13,18.27,18.00,18.15,38995
KIM,05/26/2023,17.89,18.10,17.76,18.07,31234
KIM,05/25/2023,17.93,18.01,17.60,17.89,50435
KIM,05/24/2023,18.06,18.18,17.95,18.03,33245
KIM,05/23/2023,18.81,18.94,18.40,18.42,26435
KIM,05/22/2023,18.30,18.80,18.30,18.78,41508
KIM,05/19/2023,18.52,18.53,18.12,18.32,38032
KIM,05/18/2023,18.43,18.53,18.22,18.38,53296
KIM,05/17/2023,18.20,18.59,18.07,18.56,43381
KIM,05/16/2023,18.70,18.70,18.02,18.06,43582
KIM,05/15/2023,18.37,18.84,18.33,18.69,43558
KIM,05/12/2023,18.07,18.30,17.88,18.27,54809
KIM,05/11/2023,17.97,18.06,17.82,18.00,43638
KIM,05/10/2023,18.40,18.44,18.06,18.13,27879
KIM,05/09/2023,18.31,18.33,17.98,18.16,52656
KIM,05/08/2023,18.68,18.81,18.41,18.50,52867
KIM,05/05/2023,18.56,18.82,18.51,18.81,43411
KIM,05/04/2023,18.30,18.58,18.12,18.44,51876
KIM,05/03/2023,18.58,18.96,18.42,18.45,62576
KIM,05/02/2023,18.73,18.82,18.39,18.53,48527
KIM,05/01/2023,19.13,19.23,18.75,18.85,43828
KIM,04/28/2023,18.98,19.38,18.92,19.19,46787
KIM,04/27/2023,18.87,19.11,18.59,18.99,39485
KIM,04/26/2023,18.80,18.96,18.59,18.66,38779
KIM,04/25/2023,18.69,18.92,18.61,18.86,49711
KIM,04/24/2023,19.23,19.25,18.76,18.82,40632
KIM,04/21/2023,19.12,19.23,18.90,19.18,35587
KIM,04/20/2023,19.10,19.14,18.93,19.03,34856
KIM,04/19/2023,18.97,19.27,18.91,19.20,30834
KIM,04/18/2023,19.12,19.21,19.00,19.10,39930
KIM,04/17/2023,18.75,19.14,18.72,19.12,58062
KIM,04/14/2023,19.00,19.07,18.55,18.70,38168
KIM,04/13/2023,18.91,18.95,18.54,18.83,42167
KIM,04/12/2023,19.53,19.56,18.96,18.97,28586
KIM,04/11/2023,19.28,19.48,19.17,19.29,33961
KIM,04/10/2023,19.03,19.20,18.83,19.19,28431
KIM,04/06/2023,19.20,19.20,18.89,19.07,31686
KIM,04/05/2023,19.15,19.24,18.98,19.12,33805
KIM,04/04/2023,19.55,19.58,19.09,19.34,31935
KIM,04/03/2023,19.55,19.93,19.34,19.47,49715
KIM,03/31/2023,18.94,19.55,18.91,19.53,63049
KIM,03/30/2023,18.96,19.03,18.77,18.81,37947
KIM,03/29/2023,18.50,18.63,18.37,18.60,46806
KIM,03/28/2023,17.92,18.30,17.92,18.23,30522
KIM,03/27/2023,18.20,18.30,17.99,18.17,63016
KIM,03/24/2023,17.40,18.05,17.38,18.01,53647
KIM,03/23/2023,17.60,17.92,17.34,17.51,51687
KIM,03/22/2023,17.99,18.17,17.56,17.57,43051
KIM,03/21/2023,18.40,18.53,18.14,18.22,43108
KIM,03/20/2023,17.79,18.20,17.65,18.10,57094
KIM,03/17/2023,18.22,18.28,17.61,17.67,82136
KIM,03/16/2023,18.50,18.63,18.05,18.35,97551
KIM,03/15/2023,18.86,18.86,18.31,18.67,63578
KIM,03/14/2023,19.34,19.43,19.00,19.20,47929
KIM,03/13/2023,18.58,19.14,18.53,18.96,59722
KIM,03/10/2023,19.50,19.54,18.64,18.78,47663
KIM,03/09/2023,19.97,20.03,19.57,19.58,36477
KIM,03/08/2023,19.51,20.03,19.45,20.00,51355
KIM,03/07/2023,20.47,20.48,19.58,19.71,49111
KIM,03/06/2023,20.80,20.80,20.42,20.48,39710
KIM,03/03/2023,20.60,20.74,20.43,20.66,45746
KIM,03/02/2023,20.39,20.55,20.28,20.45,57123
KIM,03/01/2023,20.37,20.62,20.13,20.50,34374
KIM,02/28/2023,20.62,20.90,20.57,20.61,38617
KIM,02/27/2023,20.95,21.02,20.57,20.63,36329
KIM,02/24/2023,20.33,20.70,20.27,20.64,48347
KIM,02/23/2023,20.57,20.66,20.28,20.60,36985
KIM,02/22/2023,20.49,20.64,20.29,20.38,40653
KIM,02/21/2023,20.98,21.03,20.40,20.45,35015
KIM,02/17/2023,21.14,21.20,20.78,21.15,28110
KIM,02/16/2023,21.01,21.32,20.90,21.12,45228
KIM,02/15/2023,21.25,21.42,21.18,21.30,65799
KIM,02/14/2023,21.73,21.88,21.35,21.42,63944
KIM,02/13/2023,21.72,21.91,21.68,21.80,33522
KIM,02/10/2023,21.44,21.74,21.19,21.67,43778
KIM,02/09/2023,21.99,22.14,21.26,21.41,70776
KIM,02/08/2023,22.22,22.38,22.08,22.16,39459
KIM,02/07/2023,22.15,22.56,21.94,22.36,51461
KIM,02/06/2023,22.25,22.38,21.97,22.29,29118
KIM,02/03/2023,22.75,22.80,22.38,22.53,46398
KIM,02/02/2023,22.71,23.27,22.69,23.07,54067
KIM,02/01/2023,22.32,22.76,22.00,22.53,46821
KIM,01/31/2023,22.15,22.55,22.01,22.46,101176
KIM,01/30/2023,22.48,22.65,22.09,22.11,36310
KIM,01/27/2023,22.09,22.70,22.06,22.65,30473
KIM,01/26/2023,22.20,22.30,21.98,22.12,25188
KIM,01/25/2023,21.86,22.13,21.69,22.09,26971
KIM,01/24/2023,21.80,22.04,21.63,21.94,26608
KIM,01/23/2023,21.51,21.91,21.37,21.86,35454
KIM,01/20/2023,21.23,21.47,20.85,21.44,41216
KIM,01/19/2023,21.13,21.43,21.07,21.14,41706
KIM,01/18/2023,21.98,22.08,21.31,21.35,47690
KIM,01/17/2023,21.33,22.09,21.24,21.95,64030
KIM,01/13/2023,21.44,21.51,21.23,21.35,44414
KIM,01/12/2023,21.20,21.73,20.92,21.70,56253
KIM,01/11/2023,20.56,21.06,20.38,21.03,80819
KIM,01/10/2023,20.70,20.83,20.09,20.38,57210
KIM,01/09/2023,21.32,21.60,21.00,21.09,40192
KIM,01/06/2023,21.09,21.58,21.04,21.53,35355
KIM,01/05/2023,21.41,21.49,20.84,20.97,37082
KIM,01/04/2023,21.41,21.80,21.37,21.65,28907
KIM,01/03/2023,21.39,21.54,21.01,21.24,32347
KIM,12/30/2022,21.03,21.23,20.93,21.18,29203
KIM,12/29/2022,21.01,21.24,20.94,21.16,23237
KIM,12/28/2022,21.30,21.40,20.85,20.88,39050
KIM,12/27/2022,21.25,21.43,21.14,21.30,23727
KIM,12/23/2022,20.85,21.28,20.77,21.27,26190
KIM,12/22/2022,20.91,21.06,20.50,20.90,28384
KIM,12/21/2022,21.19,21.42,21.04,21.10,26631
KIM,12/20/2022,20.86,21.02,20.64,20.92,42004
KIM,12/19/2022,21.25,21.30,20.83,20.98,27605
KIM,12/16/2022,21.09,21.44,20.90,21.23,100134
KIM,12/15/2022,21.73,21.83,21.46,21.53,37124
KIM,12/14/2022,21.90,22.38,21.79,22.01,58629
KIM,12/13/2022,22.49,22.54,21.64,21.95,51774
KIM,12/12/2022,21.73,21.84,21.52,21.82,45203
KIM,12/09/2022,21.68,21.92,21.59,21.71,33401
KIM,12/08/2022,21.96,22.15,21.71,21.75,44541
KIM,12/07/2022,22.04,22.41,21.92,21.99,51218
KIM,12/06/2022,22.24,22.35,21.92,22.09,40349
KIM,12/05/2022,22.39,22.39,22.00,22.11,35190
KIM,12/02/2022,22.40,22.76,22.31,22.61,44232
KIM,12/01/2022,23.00,23.18,22.45,22.65,44992
KIM,11/30/2022,22.61,22.93,22.35,22.92,43055
KIM,11/29/2022,22.13,22.74,22.04,22.72,32447
KIM,11/28/2022,22.56,22.68,21.99,22.07,22547
KIM,11/25/2022,22.57,22.79,22.57,22.72,10818
KIM,11/23/2022,22.69,22.87,22.55,22.63,22618
KIM,11/22/2022,22.46,22.79,22.30,22.76,30508
KIM,11/21/2022,22.10,22.40,22.04,22.23,28145
KIM,11/18/2022,22.37,22.40,22.05,22.15,32555
KIM,11/17/2022,21.40,22.04,21.33,22.01,39744
KIM,11/16/2022,21.94,22.06,21.65,21.73,36123
KIM,11/15/2022,22.14,22.39,21.81,22.09,43577
KIM,11/14/2022,22.01,22.28,21.81,21.81,37380
KIM,11/11/2022,22.40,22.54,22.05,22.18,36197
KIM,11/10/2022,21.68,22.57,21.61,22.31,59908
KIM,11/09/2022,21.02,21.33,20.76,20.77,47566
KIM,11/08/2022,21.51,21.61,20.96,21.11,49154
KIM,11/07/2022,21.56,21.73,21.12,21.49,42831
KIM,11/04/2022,20.94,21.58,20.92,21.42,48761
KIM,11/03/2022,20.49,20.98,20.25,20.75,46521
KIM,11/02/2022,21.34,21.57,20.75,20.83,59758
KIM,11/01/2022,21.55,21.64,21.32,21.52,44029
KIM,10/31/2022,20.90,21.49,20.78,21.38,48655
KIM,10/28/2022,20.61,21.15,20.53,21.11,35043
KIM,10/27/2022,21.00,21.19,20.56,20.70,57651
KIM,10/26/2022,20.52,20.68,20.36,20.50,93849
KIM,10/25/2022,19.95,20.72,19.92,20.50,114849
KIM,10/24/2022,19.83,19.94,19.64,19.90,70118
KIM,10/21/2022,19.22,19.69,19.12,19.69,53080
KIM,10/20/2022,19.23,19.50,19.14,19.22,44538
KIM,10/19/2022,19.53,19.60,18.97,19.10,37222
KIM,10/18/2022,19.68,19.84,19.41,19.67,61660
KIM,10/17/2022,19.43,19.64,19.15,19.28,69452
KIM,10/14/2022,19.65,19.78,18.92,18.96,68233
KIM,10/13/2022,18.53,19.45,18.21,19.34,123037
KIM,10/12/2022,18.85,18.99,18.68,18.87,40454
KIM,10/11/2022,18.66,19.06,18.47,18.88,48501
KIM,10/10/2022,18.81,18.91,18.52,18.64,25721
KIM,10/07/2022,19.02,19.14,18.46,18.63,54395
KIM,10/06/2022,19.24,19.44,18.98,19.16,38202
KIM,10/05/2022,19.01,19.44,18.77,19.30,51883
KIM,10/04/2022,18.98,19.42,18.98,19.34,41616
KIM,10/03/2022,18.76,18.85,18.30,18.74,45451
KIM,09/30/2022,18.31,18.55,18.10,18.41,62247
KIM,09/29/2022,18.36,18.38,17.71,18.08,45483
KIM,09/28/2022,18.24,18.73,18.13,18.64,46321
KIM,09/27/2022,18.19,18.36,17.93,18.16,48057
KIM,09/26/2022,18.54,18.57,17.78,18.04,76500
KIM,09/23/2022,18.86,18.98,18.54,18.81,45167
KIM,09/22/2022,19.80,19.80,19.10,19.17,31333
KIM,09/21/2022,20.45,20.53,19.80,19.80,35721
KIM,09/20/2022,20.58,20.62,20.08,20.25,40992
KIM,09/19/2022,20.50,20.86,20.41,20.86,30387
KIM,09/16/2022,20.71,20.75,20.25,20.74,60282
KIM,09/15/2022,20.86,21.12,20.65,20.68,26349
KIM,09/14/2022,21.08,21.22,20.70,20.82,45888
KIM,09/13/2022,21.81,21.88,21.22,21.28,47098
KIM,09/12/2022,22.23,22.40,22.07,22.30,34411
KIM,09/09/2022,21.78,22.11,21.70,22.01,37379
KIM,09/08/2022,21.32,21.71,21.28,21.66,45626
KIM,09/07/2022,21.26,21.87,21.24,21.75,38346
KIM,09/06/2022,21.39,21.47,21.03,21.29,29815
KIM,09/02/2022,21.57,21.63,21.08,21.23,31588
KIM,09/01/2022,20.97,21.32,20.67,21.30,28134
KIM,08/31/2022,21.56,21.62,21.06,21.08,42032
KIM,08/30/2022,21.51,21.74,21.39,21.44,29109
KIM,08/29/2022,21.57,21.71,21.36,21.43,27652
KIM,08/26/2022,22.52,22.52,21.69,21.72,32865
KIM,08/25/2022,22.21,22.46,22.12,22.44,16027
KIM,08/24/2022,22.04,22.22,21.91,22.10,23599
KIM,08/23/2022,22.13,22.15,21.86,21.98,23325
KIM,08/22/2022,22.38,22.39,21.97,22.00,31464
KIM,08/19/2022,23.24,23.37,22.62,22.73,62324
KIM,08/18/2022,23.42,23.54,23.24,23.38,21122
KIM,08/17/2022,23.49,23.60,23.26,23.39,24170
KIM,08/16/2022,23.51,23.89,23.51,23.73,19956
KIM,08/15/2022,23.35,23.72,23.25,23.61,47712
KIM,08/12/2022,23.06,23.39,22.92,23.35,31207
KIM,08/11/2022,22.81,23.07,22.70,22.85,24700
KIM,08/10/2022,22.46,22.63,22.34,22.62,22458
KIM,08/09/2022,21.97,22.06,21.77,22.04,26912
KIM,08/08/2022,21.63,22.00,21.62,21.87,21861
KIM,08/05/2022,21.19,21.41,21.10,21.41,16426
KIM,08/04/2022,21.39,21.51,21.24,21.34,24057
KIM,08/03/2022,21.53,21.91,21.42,21.43,34165
KIM,08/02/2022,21.56,21.69,21.36,21.37,27927
KIM,08/01/2022,21.93,21.95,21.58,21.69,40487
KIM,07/29/2022,21.93,22.25,21.82,22.11,85471
KIM,07/28/2022,21.72,21.96,21.53,21.86,40168
KIM,07/27/2022,21.27,21.57,21.18,21.50,36917
KIM,07/26/2022,21.42,21.56,21.14,21.17,36811
KIM,07/25/2022,21.47,21.54,21.32,21.51,36520
KIM,07/22/2022,21.53,21.69,21.34,21.45,19660
KIM,07/21/2022,21.26,21.42,21.03,21.41,27598
KIM,07/20/2022,20.95,21.60,20.92,21.41,48095
KIM,07/19/2022,20.63,21.07,20.55,21.01,28630
KIM,07/18/2022,20.23,20.42,20.19,20.36,31505
KIM,07/15/2022,19.89,20.32,19.60,20.12,37263
KIM,07/14/2022,19.38,19.63,19.30,19.48,52144
KIM,07/13/2022,19.93,20.07,19.70,19.88,31140
KIM,07/12/2022,19.73,20.31,19.72,20.19,42901
KIM,07/11/2022,19.63,19.85,19.55,19.82,22876
KIM,07/08/2022,20.05,20.08,19.65,19.82,30001
KIM,07/07/2022,20.10,20.26,19.97,20.05,25944
KIM,07/06/2022,20.15,20.40,19.73,19.91,39208
KIM,07/05/2022,19.91,20.13,19.59,20.11,44352
KIM,07/01/2022,19.79,20.28,19.67,20.21,41917
KIM,06/30/2022,19.91,20.14,19.61,19.77,55595
KIM,06/29/2022,20.29,20.32,19.98,20.18,35461
KIM,06/28/2022,20.56,20.93,20.27,20.37,60665
KIM,06/27/2022,20.08,20.40,19.92,20.30,59837
KIM,06/24/2022,19.79,20.18,19.67,20.14,79567
KIM,06/23/2022,19.16,19.61,19.07,19.56,56387
KIM,06/22/2022,18.68,19.31,18.59,19.02,51580
KIM,06/21/2022,19.20,19.41,19.01,19.02,46917
KIM,06/17/2022,18.83,19.25,18.78,18.94,82017
KIM,06/16/2022,18.85,18.96,18.52,18.75,51828
KIM,06/15/2022,19.40,19.70,19.06,19.31,78453
KIM,06/14/2022,19.54,19.65,19.00,19.20,46774
KIM,06/13/2022,20.12,20.17,19.39,19.48,44147
KIM,06/10/2022,21.00,21.18,20.64,20.65,54063
KIM,06/09/2022,22.14,22.17,21.32,21.33,29297
KIM,06/08/2022,22.64,22.71,22.18,22.20,26170
KIM,06/07/2022,22.43,23.05,22.34,23.03,39033
KIM,06/06/2022,23.14,23.14,22.61,22.64,32519
KIM,06/03/2022,23.20,23.25,22.79,22.95,57978
KIM,06/02/2022,22.83,23.33,22.64,23.32,30584
KIM,06/01/2022,23.72,23.73,22.59,22.94,46269
KIM,05/31/2022,23.58,23.86,23.45,23.65,80036
KIM,05/27/2022,23.29,23.75,23.28,23.74,29228
KIM,05/26/2022,22.95,23.29,22.93,23.13,41200
KIM,05/25/2022,22.25,22.89,22.19,22.77,50299
KIM,05/24/2022,22.02,22.50,21.42,22.48,54543
KIM,05/23/2022,22.22,22.46,21.72,22.09,40760
KIM,05/20/2022,22.88,22.89,21.36,22.01,67774
KIM,05/19/2022,22.74,23.17,22.55,22.57,63937
KIM,05/18/2022,23.92,23.96,22.91,22.98,53098
KIM,05/17/2022,23.61,24.09,23.47,24.09,48478
KIM,05/16/2022,23.23,23.42,23.06,23.24,41762
KIM,05/13/2022,22.68,23.28,22.39,23.25,65394
KIM,05/12/2022,22.20,22.75,22.04,22.50,85080
KIM,05/11/2022,22.84,23.33,22.14,22.19,59731
KIM,05/10/2022,23.58,23.74,22.67,22.73,54637
KIM,05/09/2022,23.66,23.80,23.22,23.35,63198
KIM,05/06/2022,24.02,24.27,23.65,23.99,53908
KIM,05/05/2022,25.25,25.28,23.93,24.20,58177
KIM,05/04/2022,25.03,25.36,24.69,25.31,60585
KIM,05/03/2022,24.72,25.20,24.34,25.05,43213
KIM,05/02/2022,25.40,25.52,24.01,24.62,64596
KIM,04/29/2022,26.15,26.30,25.26,25.33,72244
KIM,04/28/2022,25.26,26.56,25.17,26.35,46178
KIM,04/27/2022,25.37,25.68,25.02,25.24,47426
KIM,04/26/2022,25.58,25.85,25.12,25.18,44810
KIM,04/25/2022,25.34,25.70,24.80,25.62,40287
KIM,04/22/2022,25.89,25.92,25.42,25.44,32817
KIM,04/21/2022,26.41,26.53,25.93,25.96,34426
KIM,04/20/2022,25.95,26.33,25.94,26.22,41789
KIM,04/19/2022,25.24,25.90,25.24,25.80,44923
KIM,04/18/2022,25.15,25.32,24.97,25.11,22035
KIM,04/14/2022,25.15,25.38,25.06,25.13,33850
KIM,04/13/2022,24.41,25.09,24.41,25.05,32757
KIM,04/12/2022,24.42,24.76,24.31,24.41,28947
KIM,04/11/2022,24.34,24.57,24.24,24.47,40483
KIM,04/08/2022,24.13,24.39,23.99,24.35,21207
KIM,04/07/2022,24.03,24.21,23.57,24.03,50509
KIM,04/06/2022,24.04,24.28,23.77,24.17,35820
KIM,04/05/2022,24.54,24.86,24.05,24.15,37800
KIM,04/04/2022,24.75,24.89,24.38,24.61,25840
KIM,04/01/2022,24.85,24.89,24.44,24.79,38264
KIM,03/31/2022,25.08,25.21,24.70,24.70,54118
KIM,03/30/2022,25.11,25.27,24.89,25.00,28663
KIM,03/29/2022,24.75,25.36,24.55,25.36,51220
KIM,03/28/2022,24.38,24.50,24.10,24.38,43427
KIM,03/25/2022,24.15,24.49,24.12,24.38,40286
KIM,03/24/2022,24.02,24.13,23.84,24.09,34220
KIM,03/23/2022,24.28,24.40,23.99,24.02,31951
KIM,03/22/2022,24.25,24.57,24.21,24.41,38228
KIM,03/21/2022,24.11,24.20,23.75,23.95,31050
KIM,03/18/2022,23.71,24.03,23.57,24.02,60863
KIM,03/17/2022,23.63,23.95,23.55,23.88,27947
KIM,03/16/2022,23.96,24.19,23.23,23.87,42187
KIM,03/15/2022,23.53,23.67,23.27,23.65,41637
KIM,03/14/2022,24.05,24.18,23.15,23.25,33414
KIM,03/11/2022,24.08,24.21,23.68,23.71,31658
KIM,03/10/2022,23.63,23.90,23.31,23.85,28800
KIM,03/09/2022,24.07,24.31,23.91,23.93,39192
KIM,03/08/2022,23.26,23.99,23.14,23.68,54337
KIM,03/07/2022,23.67,23.81,23.17,23.17,49855
KIM,03/04/2022,23.46,23.75,23.22,23.73,46521
KIM,03/03/2022,23.91,24.02,23.60,23.88,46568
KIM,03/02/2022,23.12,23.94,23.05,23.77,66480
KIM,03/01/2022,23.40,23.55,22.72,22.92,81989
KIM,02/28/2022,24.08,24.35,23.41,23.53,393469
KIM,02/25/2022,23.93,24.44,23.82,24.42,70537
KIM,02/24/2022,22.60,23.94,22.49,23.82,99447
KIM,02/23/2022,23.84,24.11,23.11,23.18,59079
KIM,02/22/2022,23.76,24.01,23.41,23.67,76222
KIM,02/18/2022,23.80,24.24,23.64,23.80,65708
KIM,02/17/2022,24.11,24.29,23.81,23.88,49097
KIM,02/16/2022,23.82,24.28,23.72,24.27,55999
KIM,02/15/2022,23.60,23.90,23.50,23.73,62902
KIM,02/14/2022,23.96,24.10,23.23,23.30,62104
