KR,06/23/2023,46.27,46.56,46.20,46.52,6314
KR,06/22/2023,45.81,46.08,45.31,46.07,40452
KR,06/21/2023,45.76,46.20,45.50,45.68,53850
KR,06/20/2023,46.22,46.62,45.78,45.83,55750
KR,06/16/2023,45.94,46.34,45.49,46.17,104602
KR,06/15/2023,44.40,46.06,43.56,45.94,181130
KR,06/14/2023,46.97,47.50,46.71,47.21,64851
KR,06/13/2023,46.52,46.97,46.28,46.86,51166
KR,06/12/2023,46.25,46.39,45.83,46.38,40980
KR,06/09/2023,45.73,46.61,45.69,46.17,37884
KR,06/08/2023,45.37,45.88,45.29,45.76,41489
KR,06/07/2023,45.85,45.94,45.18,45.46,79400
KR,06/06/2023,46.12,46.15,45.51,46.07,42212
KR,06/05/2023,45.99,46.44,45.99,46.15,46155
KR,06/02/2023,44.53,45.92,44.53,45.92,61962
KR,06/01/2023,45.18,45.41,44.43,44.66,85528
KR,05/31/2023,45.98,46.15,45.24,45.33,132558
KR,05/30/2023,46.98,47.30,45.88,45.96,64996
KR,05/26/2023,48.50,48.78,47.27,47.31,79333
KR,05/25/2023,49.29,49.61,48.88,48.90,118700
KR,05/24/2023,49.39,50.08,49.20,49.56,58373
KR,05/23/2023,49.75,49.96,49.09,49.10,49731
KR,05/22/2023,49.71,50.36,49.49,49.98,47387
KR,05/19/2023,49.45,49.69,49.25,49.64,44500
KR,05/18/2023,49.23,49.37,48.77,49.33,45275
KR,05/17/2023,49.08,49.34,48.67,49.25,43757
KR,05/16/2023,49.07,49.50,48.69,48.93,44595
KR,05/15/2023,49.43,49.43,48.69,49.07,48358
KR,05/12/2023,48.97,49.44,48.96,49.18,39941
KR,05/11/2023,49.28,49.30,48.74,49.16,36606
KR,05/10/2023,49.32,49.35,48.49,49.12,50548
KR,05/09/2023,48.99,49.45,48.92,49.16,38418
KR,05/08/2023,49.18,49.55,48.99,49.15,31250
KR,05/05/2023,48.43,49.27,48.34,49.23,37464
KR,05/04/2023,49.06,49.06,48.25,48.28,33724
KR,05/03/2023,49.46,49.59,48.90,48.94,46591
KR,05/02/2023,49.71,49.99,48.76,49.44,41670
KR,05/01/2023,48.88,49.38,48.43,49.28,44797
KR,04/28/2023,48.41,48.97,48.35,48.63,49684
KR,04/27/2023,47.97,48.37,47.82,48.34,24407
KR,04/26/2023,47.57,48.05,47.49,47.82,28918
KR,04/25/2023,48.18,48.58,47.93,47.97,38493
KR,04/24/2023,47.83,48.28,47.76,48.24,46314
KR,04/21/2023,48.05,48.35,47.78,47.92,37754
KR,04/20/2023,47.61,47.82,47.23,47.80,39155
KR,04/19/2023,47.82,47.99,47.37,47.45,45185
KR,04/18/2023,47.72,48.02,47.40,47.85,51131
KR,04/17/2023,46.90,47.82,46.80,47.81,58517
KR,04/14/2023,47.04,47.43,46.38,46.65,39033
KR,04/13/2023,47.31,47.45,46.66,47.05,54807
KR,04/12/2023,47.61,47.91,47.02,47.32,71009
KR,04/11/2023,48.81,48.81,47.83,47.96,66724
KR,04/10/2023,48.32,48.91,48.30,48.90,44655
KR,04/06/2023,48.04,48.57,47.92,48.52,43794
KR,04/05/2023,49.52,49.60,47.60,48.06,74436
KR,04/04/2023,49.80,49.97,49.28,49.46,39266
KR,04/03/2023,49.57,49.99,49.46,49.94,61162
KR,03/31/2023,49.20,49.48,48.99,49.37,47356
KR,03/30/2023,48.97,49.31,48.81,49.06,37420
KR,03/29/2023,49.01,49.14,48.73,49.04,51557
KR,03/28/2023,48.53,49.16,48.48,48.92,46831
KR,03/27/2023,49.09,49.44,48.62,48.63,64987
KR,03/24/2023,48.71,49.44,48.62,49.05,67444
KR,03/23/2023,48.00,49.03,48.00,48.52,85071
KR,03/22/2023,47.94,48.68,47.87,48.04,73956
KR,03/21/2023,47.50,47.85,47.45,47.76,45177
KR,03/20/2023,47.40,47.98,47.30,47.35,57743
KR,03/17/2023,47.14,47.40,46.47,46.78,144080
KR,03/16/2023,48.30,48.40,46.95,47.13,71397
KR,03/15/2023,47.01,48.35,46.82,48.29,71728
KR,03/14/2023,46.71,47.24,46.51,47.18,65726
KR,03/13/2023,47.04,48.07,46.57,46.85,86302
KR,03/10/2023,46.95,47.33,46.72,47.10,73252
KR,03/09/2023,47.65,47.73,47.04,47.25,63517
KR,03/08/2023,46.75,47.56,46.70,47.45,73187
KR,03/07/2023,46.53,47.14,46.27,46.91,82589
KR,03/06/2023,45.70,46.53,45.50,46.48,62309
KR,03/03/2023,46.64,46.76,45.54,45.98,80337
KR,03/02/2023,45.01,46.62,44.21,45.73,128994
KR,03/01/2023,42.96,43.43,42.81,43.38,69673
KR,02/28/2023,43.15,43.46,42.93,43.14,59187
KR,02/27/2023,43.85,44.15,43.30,43.41,54362
KR,02/24/2023,43.80,43.95,43.45,43.75,50320
KR,02/23/2023,44.50,44.56,43.72,43.91,50752
KR,02/22/2023,44.46,45.17,44.03,44.62,46531
KR,02/21/2023,43.93,44.76,43.57,44.62,59630
KR,02/17/2023,43.96,44.14,43.79,44.00,41898
KR,02/16/2023,43.92,44.08,43.71,43.85,44907
KR,02/15/2023,43.76,44.28,43.67,44.27,39837
KR,02/14/2023,44.77,44.77,43.59,43.63,49233
KR,02/13/2023,44.84,44.95,44.50,44.89,44750
KR,02/10/2023,44.23,45.19,44.18,44.80,37117
KR,02/09/2023,44.35,44.48,43.93,44.09,36561
KR,02/08/2023,44.36,44.56,44.00,44.27,46063
KR,02/07/2023,44.50,44.65,44.14,44.47,34843
KR,02/06/2023,44.53,44.61,44.08,44.54,44128
KR,02/03/2023,44.92,45.02,44.15,44.42,50208
KR,02/02/2023,44.78,45.28,44.56,44.97,47998
KR,02/01/2023,44.41,45.39,44.08,45.18,53766
KR,01/31/2023,44.05,44.63,43.74,44.63,49955
KR,01/30/2023,44.69,44.89,44.06,44.21,45419
KR,01/27/2023,44.60,45.30,44.46,45.05,36274
KR,01/26/2023,44.80,44.92,44.33,44.46,31039
KR,01/25/2023,44.30,44.91,44.27,44.90,33199
KR,01/24/2023,45.00,45.00,44.15,44.26,26960
KR,01/23/2023,44.45,45.03,44.29,44.70,35553
KR,01/20/2023,44.01,44.49,43.62,44.45,38467
KR,01/19/2023,45.32,45.44,43.99,44.00,44155
KR,01/18/2023,46.22,46.39,45.10,45.26,40040
KR,01/17/2023,45.36,46.49,45.35,46.18,38295
KR,01/13/2023,45.50,45.67,44.85,45.22,34274
KR,01/12/2023,45.73,45.83,45.18,45.67,33059
KR,01/11/2023,46.19,46.28,45.08,45.61,49440
KR,01/10/2023,46.29,46.64,45.79,45.98,33990
KR,01/09/2023,45.99,46.45,45.79,46.19,46588
KR,01/06/2023,45.32,45.97,45.26,45.74,43858
KR,01/05/2023,44.78,45.24,44.21,45.16,47439
KR,01/04/2023,44.40,45.51,44.07,44.97,42666
KR,01/03/2023,44.48,44.99,44.22,44.47,35696
KR,12/30/2022,44.49,44.83,44.24,44.58,36247
KR,12/29/2022,44.68,44.78,44.41,44.62,27667
KR,12/28/2022,45.94,46.16,44.57,44.58,42134
KR,12/27/2022,45.92,46.36,45.83,45.95,44001
KR,12/23/2022,45.25,46.06,45.25,45.89,46896
KR,12/22/2022,44.56,45.26,44.22,45.25,43374
KR,12/21/2022,44.55,44.81,44.31,44.46,34812
KR,12/20/2022,44.27,44.97,44.20,44.58,43647
KR,12/19/2022,44.31,44.77,43.99,44.40,44503
KR,12/16/2022,43.26,44.44,43.06,44.32,128271
KR,12/15/2022,44.26,44.45,43.32,43.49,69453
KR,12/14/2022,45.37,45.66,44.58,44.76,56116
KR,12/13/2022,46.64,46.89,45.43,45.45,62170
KR,12/12/2022,46.54,46.82,46.04,46.71,42505
KR,12/09/2022,47.19,47.50,46.45,46.47,51555
KR,12/08/2022,46.83,47.54,46.42,47.46,37867
KR,12/07/2022,46.46,47.06,46.36,46.94,47410
KR,12/06/2022,46.33,46.73,45.92,46.33,41006
KR,12/05/2022,47.21,47.41,45.55,46.07,72376
KR,12/02/2022,48.35,48.57,47.28,47.57,51351
KR,12/01/2022,50.35,50.41,47.65,48.41,105486
KR,11/30/2022,48.96,49.42,48.43,49.19,102856
KR,11/29/2022,49.00,49.74,48.71,49.35,57631
KR,11/28/2022,48.92,49.39,48.48,48.83,57698
KR,11/25/2022,47.90,49.04,47.90,49.04,24387
KR,11/23/2022,48.17,48.25,47.61,47.84,40641
KR,11/22/2022,48.54,48.66,47.96,48.08,35928
KR,11/21/2022,48.11,48.40,47.60,48.12,35243
KR,11/18/2022,48.65,48.86,47.85,48.26,46425
KR,11/17/2022,47.53,48.43,47.50,48.18,44270
KR,11/16/2022,47.01,48.12,46.83,47.83,66315
KR,11/15/2022,47.03,47.27,46.27,46.87,52701
KR,11/14/2022,47.25,47.58,46.52,46.56,53762
KR,11/11/2022,48.15,48.15,45.91,47.10,84748
KR,11/10/2022,48.50,48.64,46.96,48.11,56942
KR,11/09/2022,48.28,49.57,47.98,48.06,64630
KR,11/08/2022,46.80,47.36,46.69,47.12,38094
KR,11/07/2022,46.62,46.95,46.31,46.85,28551
KR,11/04/2022,47.43,47.62,45.62,46.40,43334
KR,11/03/2022,46.31,47.30,46.01,47.22,40938
KR,11/02/2022,47.04,47.65,46.55,46.56,39450
KR,11/01/2022,47.63,47.79,46.81,47.17,38152
KR,10/31/2022,46.76,47.48,46.73,47.29,46188
KR,10/28/2022,45.95,47.41,45.90,46.77,40509
KR,10/27/2022,45.62,46.01,45.49,45.68,36150
KR,10/26/2022,44.93,45.90,44.92,45.44,65621
KR,10/25/2022,43.83,44.93,43.75,44.77,47260
KR,10/24/2022,43.73,44.17,42.84,43.99,54076
KR,10/21/2022,42.34,43.97,42.15,43.63,70845
KR,10/20/2022,42.94,43.09,42.09,42.17,60762
KR,10/19/2022,43.31,43.65,42.91,42.94,71528
KR,10/18/2022,42.50,43.31,42.36,43.16,87653
KR,10/17/2022,43.44,43.48,41.81,42.11,110177
KR,10/14/2022,45.15,46.24,42.36,43.16,196857
KR,10/13/2022,45.76,48.36,44.78,46.57,274790
KR,10/12/2022,45.79,46.69,45.63,46.04,74387
KR,10/11/2022,44.24,45.97,44.09,45.68,73757
KR,10/10/2022,43.51,44.34,43.44,44.26,42040
KR,10/07/2022,43.66,43.78,42.81,43.00,52663
KR,10/06/2022,44.59,44.84,43.67,43.72,38358
KR,10/05/2022,44.49,44.96,44.01,44.60,40847
KR,10/04/2022,44.16,44.84,44.02,44.70,49555
KR,10/03/2022,43.83,44.08,43.29,43.75,82075
KR,09/30/2022,44.78,44.88,43.56,43.75,56247
KR,09/29/2022,45.21,45.53,44.52,44.68,40428
KR,09/28/2022,44.46,45.65,43.81,45.45,62758
KR,09/27/2022,45.18,45.30,44.18,44.29,45282
KR,09/26/2022,44.80,45.27,44.38,45.00,57842
KR,09/23/2022,45.02,45.08,44.11,44.86,59183
KR,09/22/2022,45.11,45.87,45.01,45.50,52068
KR,09/21/2022,47.02,47.15,45.27,45.27,61297
KR,09/20/2022,47.12,47.25,46.47,46.92,45476
KR,09/19/2022,46.99,47.79,46.70,47.45,59960
KR,09/16/2022,47.76,47.97,46.99,47.28,136307
KR,09/15/2022,49.19,49.19,47.47,47.88,62920
KR,09/14/2022,49.50,49.65,48.31,48.94,59316
KR,09/13/2022,50.27,51.74,49.13,49.37,69594
KR,09/12/2022,51.81,51.81,50.22,50.54,93696
KR,09/09/2022,49.23,52.00,48.56,51.94,138594
KR,09/08/2022,49.70,50.14,47.93,48.36,92447
KR,09/07/2022,48.72,49.90,48.72,49.82,59923
KR,09/06/2022,48.88,49.56,48.38,48.52,61879
KR,09/02/2022,48.90,49.35,48.29,48.43,40670
KR,09/01/2022,47.92,49.40,47.91,48.61,72349
KR,08/31/2022,47.58,48.19,47.48,47.94,53255
KR,08/30/2022,48.33,48.41,47.40,47.51,35634
KR,08/29/2022,48.12,48.51,47.72,48.30,28371
KR,08/26/2022,49.40,49.53,48.34,48.38,28702
KR,08/25/2022,49.60,49.60,48.43,49.32,49922
KR,08/24/2022,49.61,49.78,49.24,49.66,43442
KR,08/23/2022,50.12,50.34,49.16,49.60,57445
KR,08/22/2022,49.57,50.17,49.55,50.12,43891
KR,08/19/2022,49.71,50.29,49.32,49.50,64249
KR,08/18/2022,48.62,49.68,48.62,49.62,56855
KR,08/17/2022,48.92,49.34,48.46,48.55,75460
KR,08/16/2022,47.76,49.38,47.76,49.08,85995
KR,08/15/2022,47.12,47.70,46.76,47.52,45505
KR,08/12/2022,47.04,47.26,46.62,47.21,40372
KR,08/11/2022,46.94,47.79,46.71,47.19,37475
KR,08/10/2022,47.17,47.32,46.64,46.79,62271
KR,08/09/2022,47.09,47.58,46.62,46.87,42886
KR,08/08/2022,47.31,47.60,46.96,47.09,29733
KR,08/05/2022,46.98,47.31,46.82,47.25,35167
KR,08/04/2022,47.01,47.66,46.63,46.70,48804
KR,08/03/2022,46.82,47.18,46.35,46.97,34842
KR,08/02/2022,46.92,47.15,46.11,46.78,37852
KR,08/01/2022,46.26,47.37,46.26,46.74,43156
KR,07/29/2022,45.77,46.48,45.52,46.44,41491
KR,07/28/2022,45.88,46.33,45.84,46.04,36024
KR,07/27/2022,45.88,45.98,45.14,45.94,45264
KR,07/26/2022,44.86,46.10,44.34,46.02,73040
KR,07/25/2022,46.25,46.44,45.42,45.71,59979
KR,07/22/2022,46.30,46.67,46.03,46.24,44486
KR,07/21/2022,47.05,47.17,45.79,46.28,51983
KR,07/20/2022,47.30,47.48,46.77,47.20,53300
KR,07/19/2022,47.99,48.07,47.17,47.30,43511
KR,07/18/2022,47.99,48.39,47.40,47.53,36669
KR,07/15/2022,47.85,48.07,47.52,47.75,36565
KR,07/14/2022,47.31,47.92,46.69,47.50,52159
KR,07/13/2022,47.64,48.49,47.64,47.95,51843
KR,07/12/2022,47.90,48.47,47.44,47.60,41951
KR,07/11/2022,48.00,48.38,47.82,47.90,33841
KR,07/08/2022,49.01,49.25,47.72,48.02,40705
KR,07/07/2022,47.69,48.84,47.54,48.74,49685
KR,07/06/2022,47.19,47.68,46.99,47.40,43784
KR,07/05/2022,48.33,48.49,46.78,47.23,43522
KR,07/01/2022,47.61,48.14,47.08,48.14,40816
KR,06/30/2022,47.72,47.99,47.11,47.33,64463
KR,06/29/2022,48.87,49.56,48.00,48.11,46313
KR,06/28/2022,49.04,49.39,48.36,48.43,36803
KR,06/27/2022,48.57,49.20,48.33,48.70,42891
KR,06/24/2022,48.05,48.71,47.72,48.45,107591
KR,06/23/2022,48.18,48.42,47.38,47.73,61580
KR,06/22/2022,48.09,48.51,47.29,47.34,51352
KR,06/21/2022,46.08,48.65,45.90,48.40,86520
KR,06/17/2022,50.14,50.25,45.72,46.20,210724
KR,06/16/2022,48.34,50.91,48.33,49.82,130993
KR,06/15/2022,50.63,51.49,50.39,50.88,61237
KR,06/14/2022,50.45,51.12,50.10,50.39,55670
KR,06/13/2022,50.57,51.02,50.11,50.33,54411
KR,06/10/2022,50.14,51.49,49.99,51.09,48360
KR,06/09/2022,51.08,51.76,50.39,50.43,38350
KR,06/08/2022,52.24,52.27,51.17,51.22,40483
KR,06/07/2022,51.35,52.06,51.12,52.03,33824
KR,06/06/2022,52.93,52.98,52.14,52.15,33785
KR,06/03/2022,53.06,53.38,52.45,52.54,36091
KR,06/02/2022,51.64,52.90,51.44,52.88,45522
KR,06/01/2022,53.35,53.35,50.73,51.35,59936
KR,05/31/2022,52.62,53.47,52.33,52.97,170849
KR,05/27/2022,51.93,53.20,51.73,52.96,62100
KR,05/26/2022,52.15,52.58,51.82,52.14,58539
KR,05/25/2022,51.33,51.62,50.34,51.16,67935
KR,05/24/2022,49.79,51.52,49.65,51.51,59882
KR,05/23/2022,48.66,50.82,48.50,50.22,61892
KR,05/20/2022,48.30,49.11,47.66,48.66,80239
KR,05/19/2022,47.49,48.56,46.79,48.00,90451
KR,05/18/2022,49.62,49.87,47.35,47.90,102619
KR,05/17/2022,52.19,52.37,50.76,51.23,117530
KR,05/16/2022,53.87,54.04,52.65,53.20,46871
KR,05/13/2022,54.51,54.70,53.26,53.39,53481
KR,05/12/2022,55.06,55.79,53.97,54.22,46007
KR,05/11/2022,55.44,55.83,54.08,54.33,64172
KR,05/10/2022,54.66,55.26,54.42,55.19,65000
KR,05/09/2022,53.43,55.00,53.14,54.84,66755
KR,05/06/2022,53.65,55.15,53.38,53.85,50786
KR,05/05/2022,55.25,55.31,53.39,53.85,70342
KR,05/04/2022,54.25,55.97,54.25,55.77,69754
KR,05/03/2022,54.28,55.27,53.73,54.79,60066
KR,05/02/2022,54.65,54.88,53.22,53.72,71533
KR,04/29/2022,55.77,55.95,53.79,53.96,68316
KR,04/28/2022,55.64,55.77,55.09,55.49,49130
KR,04/27/2022,56.08,56.31,55.23,55.58,52912
KR,04/26/2022,56.61,56.78,55.48,55.72,57139
KR,04/25/2022,56.93,57.24,55.84,56.69,75883
KR,04/22/2022,58.81,58.97,56.97,57.00,55645
KR,04/21/2022,57.51,58.70,57.28,58.18,54353
KR,04/20/2022,58.00,58.30,57.37,57.70,67677
KR,04/19/2022,58.00,58.40,57.55,57.79,52546
KR,04/18/2022,57.91,58.59,57.61,57.82,31356
KR,04/14/2022,58.46,59.13,58.20,58.32,52469
KR,04/13/2022,58.50,58.95,57.63,58.34,60439
KR,04/12/2022,59.98,60.03,58.38,58.75,82544
KR,04/11/2022,61.94,62.35,60.45,60.65,48755
KR,04/08/2022,62.00,62.78,61.12,61.67,105055
KR,04/07/2022,59.06,60.29,58.80,59.88,64253
KR,04/06/2022,57.60,59.15,57.28,58.73,73657
KR,04/05/2022,57.47,59.13,57.30,57.65,56753
KR,04/04/2022,57.60,58.95,57.08,57.44,47612
KR,04/01/2022,57.50,57.88,56.62,57.48,41151
KR,03/31/2022,56.35,57.94,56.31,57.37,84081
KR,03/30/2022,56.40,56.77,56.03,56.37,40787
KR,03/29/2022,56.95,57.25,54.89,56.39,93858
KR,03/28/2022,56.99,57.45,56.62,57.00,39682
KR,03/25/2022,56.62,57.37,56.48,57.00,50229
KR,03/24/2022,56.60,57.88,56.42,56.75,82609
KR,03/23/2022,56.74,57.20,56.17,56.45,52050
KR,03/22/2022,56.00,56.80,55.13,56.57,69763
KR,03/21/2022,55.98,57.61,55.61,55.68,64415
KR,03/18/2022,56.05,56.39,55.16,55.82,96476
KR,03/17/2022,55.35,56.18,54.69,55.66,53573
KR,03/16/2022,55.86,56.75,54.42,54.99,70915
KR,03/15/2022,55.74,56.23,54.65,56.19,60731
KR,03/14/2022,55.59,55.89,54.28,55.42,55241
KR,03/11/2022,56.50,57.49,55.86,55.89,56066
KR,03/10/2022,55.79,57.40,55.20,57.09,96899
KR,03/09/2022,55.10,56.05,54.47,55.34,101421
KR,03/08/2022,57.38,58.84,55.66,55.71,107563
KR,03/07/2022,58.44,62.58,57.26,57.82,230776
KR,03/04/2022,54.25,58.98,54.21,58.94,214697
KR,03/03/2022,52.25,55.50,52.25,55.10,274222
KR,03/02/2022,48.09,49.49,48.09,49.37,97980
KR,03/01/2022,48.00,48.75,47.43,48.35,120654
KR,02/28/2022,45.76,47.17,45.76,46.80,85555
KR,02/25/2022,45.50,46.65,44.99,46.46,66514
KR,02/24/2022,44.44,45.31,43.14,44.44,68776
KR,02/23/2022,45.25,45.39,44.40,44.53,40684
KR,02/22/2022,45.45,45.85,44.83,45.04,52206
KR,02/18/2022,45.10,45.69,44.91,45.59,45014
KR,02/17/2022,44.45,45.66,44.35,45.23,110781
KR,02/16/2022,46.23,46.90,44.26,44.57,83869
KR,02/15/2022,45.78,46.63,45.31,46.41,57030
KR,02/14/2022,45.99,46.18,44.70,45.69,56663
