LBTYA,06/23/2023,16.43,16.79,16.40,16.73,13663
LBTYA,06/22/2023,16.14,16.50,15.96,16.41,21517
LBTYA,06/21/2023,16.65,16.69,16.20,16.21,17169
LBTYA,06/20/2023,17.18,17.23,16.47,16.73,37711
LBTYA,06/16/2023,17.50,17.55,17.15,17.23,17537
LBTYA,06/15/2023,17.23,17.68,16.99,17.42,36351
LBTYA,06/14/2023,16.42,17.31,16.41,17.22,29560
LBTYA,06/13/2023,16.86,16.93,16.32,16.35,21272
LBTYA,06/12/2023,16.69,16.84,16.45,16.76,16375
LBTYA,06/09/2023,17.19,17.19,16.49,16.76,14672
LBTYA,06/08/2023,17.02,17.16,16.75,17.12,14311
LBTYA,06/07/2023,16.52,17.21,16.49,17.14,15269
LBTYA,06/06/2023,16.20,16.46,16.10,16.42,9153
LBTYA,06/05/2023,16.29,16.49,16.18,16.28,13821
LBTYA,06/02/2023,16.03,16.37,15.88,16.23,17885
LBTYA,06/01/2023,16.31,16.38,15.88,15.95,23873
LBTYA,05/31/2023,16.33,16.43,16.15,16.30,32058
LBTYA,05/30/2023,16.40,16.64,16.30,16.35,16119
LBTYA,05/26/2023,16.23,16.45,16.17,16.34,12912
LBTYA,05/25/2023,16.68,16.80,16.11,16.12,20616
LBTYA,05/24/2023,17.01,17.16,16.64,16.74,21067
LBTYA,05/23/2023,17.00,17.46,17.00,17.19,20707
LBTYA,05/22/2023,17.09,17.29,16.75,17.00,11747
LBTYA,05/19/2023,17.39,17.48,16.94,17.00,11436
LBTYA,05/18/2023,17.27,17.44,17.16,17.32,10753
LBTYA,05/17/2023,17.23,17.40,16.95,17.33,22585
LBTYA,05/16/2023,17.34,17.46,16.98,17.12,16276
LBTYA,05/15/2023,17.25,17.51,17.19,17.51,12914
LBTYA,05/12/2023,17.46,17.46,17.14,17.23,17349
LBTYA,05/11/2023,17.49,17.63,17.28,17.35,21548
LBTYA,05/10/2023,19.00,19.07,17.33,17.64,35269
LBTYA,05/09/2023,18.97,19.30,18.70,18.70,13871
LBTYA,05/08/2023,18.96,19.01,18.64,18.99,9122
LBTYA,05/05/2023,18.66,19.09,18.56,18.97,10032
LBTYA,05/04/2023,18.47,18.70,18.43,18.57,9287
LBTYA,05/03/2023,18.85,19.12,18.61,18.63,12165
LBTYA,05/02/2023,19.04,19.08,18.56,18.69,8711
LBTYA,05/01/2023,19.44,19.63,19.17,19.17,15827
LBTYA,04/28/2023,19.19,19.63,19.15,19.51,9905
LBTYA,04/27/2023,18.80,19.32,18.71,19.29,10995
LBTYA,04/26/2023,18.12,18.57,18.04,18.44,11428
LBTYA,04/25/2023,18.37,18.44,18.05,18.12,26630
LBTYA,04/24/2023,18.77,18.88,18.50,18.55,13934
LBTYA,04/21/2023,18.67,18.89,18.62,18.76,9657
LBTYA,04/20/2023,18.65,18.81,18.56,18.71,10328
LBTYA,04/19/2023,18.81,19.02,18.71,18.83,20192
LBTYA,04/18/2023,19.43,19.47,18.88,18.96,11465
LBTYA,04/17/2023,19.10,19.39,18.91,19.35,25829
LBTYA,04/14/2023,19.21,19.48,18.93,19.01,16691
LBTYA,04/13/2023,19.30,19.37,19.17,19.21,18423
LBTYA,04/12/2023,19.81,19.88,19.22,19.25,11017
LBTYA,04/11/2023,19.56,19.69,19.44,19.62,8109
LBTYA,04/10/2023,19.54,19.64,19.46,19.60,6754
LBTYA,04/06/2023,19.75,19.84,19.57,19.68,8046
LBTYA,04/05/2023,19.45,19.72,19.31,19.65,11490
LBTYA,04/04/2023,19.94,19.97,19.23,19.41,10874
LBTYA,04/03/2023,19.51,19.90,19.50,19.90,9938
LBTYA,03/31/2023,19.23,19.51,19.23,19.50,7286
LBTYA,03/30/2023,19.21,19.25,18.61,19.23,7135
LBTYA,03/29/2023,19.10,19.15,18.97,19.02,7642
LBTYA,03/28/2023,18.62,19.02,18.57,18.82,12537
LBTYA,03/27/2023,18.62,18.84,18.49,18.70,9317
LBTYA,03/24/2023,18.45,18.65,18.36,18.52,9026
LBTYA,03/23/2023,18.67,19.10,18.50,18.63,11049
LBTYA,03/22/2023,19.21,19.28,18.53,18.54,10962
LBTYA,03/21/2023,19.46,19.61,19.00,19.29,12968
LBTYA,03/20/2023,18.96,19.42,18.90,19.23,15439
LBTYA,03/17/2023,18.81,18.93,18.63,18.90,27860
LBTYA,03/16/2023,18.21,18.91,18.19,18.89,16613
LBTYA,03/15/2023,17.84,18.51,17.83,18.48,18732
LBTYA,03/14/2023,18.49,18.72,18.17,18.26,19880
LBTYA,03/13/2023,18.25,18.59,18.18,18.21,15245
LBTYA,03/10/2023,18.84,19.17,18.38,18.51,13823
LBTYA,03/09/2023,19.08,19.11,18.74,18.83,15827
LBTYA,03/08/2023,19.24,19.25,18.98,19.08,14063
LBTYA,03/07/2023,20.03,20.24,19.20,19.25,12750
LBTYA,03/06/2023,20.28,20.45,20.01,20.02,9684
LBTYA,03/03/2023,20.45,20.58,20.30,20.37,7838
LBTYA,03/02/2023,20.17,20.47,20.11,20.34,9012
LBTYA,03/01/2023,20.51,20.93,20.22,20.33,14235
LBTYA,02/28/2023,20.88,20.96,20.28,20.49,27534
LBTYA,02/27/2023,20.77,21.09,20.69,20.92,9710
LBTYA,02/24/2023,21.03,21.08,20.45,20.52,15972
LBTYA,02/23/2023,20.19,21.53,20.13,21.28,17058
LBTYA,02/22/2023,20.37,20.70,20.37,20.69,12253
LBTYA,02/21/2023,20.65,20.72,20.35,20.41,12627
LBTYA,02/17/2023,20.70,20.96,20.52,20.94,14393
LBTYA,02/16/2023,20.87,21.09,20.70,20.72,10567
LBTYA,02/15/2023,20.79,21.22,20.71,21.18,12081
LBTYA,02/14/2023,21.03,21.13,20.81,21.02,9015
LBTYA,02/13/2023,21.24,21.44,20.74,21.08,16924
LBTYA,02/10/2023,21.16,21.35,21.00,21.27,9734
LBTYA,02/09/2023,21.62,21.89,21.22,21.22,11029
LBTYA,02/08/2023,21.16,21.55,20.99,21.39,19834
LBTYA,02/07/2023,20.76,21.04,20.55,20.98,15079
LBTYA,02/06/2023,20.93,20.99,20.24,20.76,23119
LBTYA,02/03/2023,21.54,21.73,21.02,21.16,17287
LBTYA,02/02/2023,21.90,22.09,21.67,21.90,12734
LBTYA,02/01/2023,21.55,21.73,21.37,21.65,10231
LBTYA,01/31/2023,21.27,21.69,21.17,21.69,10111
LBTYA,01/30/2023,21.21,21.45,21.21,21.34,9236
LBTYA,01/27/2023,21.56,21.56,21.32,21.39,7534
LBTYA,01/26/2023,21.53,21.64,21.28,21.45,7169
LBTYA,01/25/2023,21.08,21.49,21.03,21.47,10895
LBTYA,01/24/2023,21.47,21.60,21.16,21.18,18901
LBTYA,01/23/2023,21.61,21.65,21.34,21.53,13571
LBTYA,01/20/2023,20.87,21.67,20.82,21.59,22881
LBTYA,01/19/2023,20.59,20.94,20.52,20.81,18192
LBTYA,01/18/2023,20.98,21.10,20.73,20.74,13476
LBTYA,01/17/2023,21.26,21.30,20.92,20.95,19447
LBTYA,01/13/2023,21.12,21.38,21.05,21.26,13312
LBTYA,01/12/2023,20.88,21.38,20.71,21.21,19177
LBTYA,01/11/2023,20.96,21.45,20.89,21.36,24573
LBTYA,01/10/2023,20.80,20.98,20.73,20.81,15084
LBTYA,01/09/2023,21.02,21.12,20.87,20.89,11832
LBTYA,01/06/2023,20.65,21.20,20.46,20.87,28318
LBTYA,01/05/2023,20.32,20.56,20.20,20.47,15377
LBTYA,01/04/2023,20.06,20.47,20.06,20.26,18965
LBTYA,01/03/2023,19.13,19.97,19.00,19.82,17457
LBTYA,12/30/2022,18.85,19.01,18.68,18.93,7435
LBTYA,12/29/2022,18.76,19.15,18.64,19.05,11678
LBTYA,12/28/2022,18.81,18.95,18.62,18.63,8619
LBTYA,12/27/2022,19.02,19.07,18.76,18.82,9899
LBTYA,12/23/2022,18.90,19.06,18.79,19.04,10630
LBTYA,12/22/2022,18.94,19.00,18.64,18.96,11461
LBTYA,12/21/2022,18.62,19.11,18.62,19.11,11095
LBTYA,12/20/2022,18.37,18.62,18.29,18.48,9340
LBTYA,12/19/2022,18.73,18.74,18.13,18.41,13673
LBTYA,12/16/2022,18.36,18.72,18.27,18.70,28690
LBTYA,12/15/2022,18.79,18.89,18.51,18.67,18626
LBTYA,12/14/2022,18.88,19.26,18.81,18.98,18452
LBTYA,12/13/2022,19.66,19.99,19.35,19.58,17907
LBTYA,12/12/2022,19.04,19.28,18.97,19.22,10273
LBTYA,12/09/2022,18.88,19.07,18.76,19.03,11528
LBTYA,12/08/2022,18.93,19.09,18.81,18.91,10620
LBTYA,12/07/2022,19.01,19.05,18.78,18.94,14150
LBTYA,12/06/2022,19.39,19.43,18.71,19.06,23271
LBTYA,12/05/2022,19.30,19.64,19.17,19.46,17864
LBTYA,12/02/2022,19.60,19.80,19.47,19.63,11915
LBTYA,12/01/2022,19.84,20.20,19.73,19.88,18400
LBTYA,11/30/2022,19.66,20.11,19.32,20.08,41451
LBTYA,11/29/2022,19.48,19.83,19.46,19.72,9684
LBTYA,11/28/2022,19.91,20.01,19.41,19.53,12980
LBTYA,11/25/2022,19.64,20.10,19.64,20.06,6277
LBTYA,11/23/2022,19.54,19.91,19.35,19.77,8795
LBTYA,11/22/2022,19.34,19.71,19.28,19.66,16343
LBTYA,11/21/2022,19.20,19.39,19.10,19.28,15910
LBTYA,11/18/2022,19.87,19.94,19.23,19.30,9621
LBTYA,11/17/2022,19.48,19.65,19.20,19.62,21813
LBTYA,11/16/2022,20.27,20.27,19.77,19.84,18652
LBTYA,11/15/2022,20.27,20.42,20.09,20.22,19244
LBTYA,11/14/2022,20.38,20.55,20.07,20.07,19917
LBTYA,11/11/2022,19.36,20.67,19.34,20.50,34918
LBTYA,11/10/2022,18.90,19.26,18.83,19.12,17200
LBTYA,11/09/2022,18.33,18.44,18.26,18.33,18039
LBTYA,11/08/2022,18.44,18.63,18.26,18.45,18734
LBTYA,11/07/2022,17.68,18.48,17.66,18.44,14106
LBTYA,11/04/2022,17.52,18.01,17.45,17.60,17526
LBTYA,11/03/2022,17.58,18.20,17.16,17.26,24494
LBTYA,11/02/2022,17.20,18.35,16.81,17.79,30571
LBTYA,11/01/2022,17.05,17.21,16.87,17.02,14037
LBTYA,10/31/2022,16.87,16.93,16.55,16.86,16438
LBTYA,10/28/2022,16.70,16.96,16.57,16.94,15218
LBTYA,10/27/2022,16.97,17.05,16.61,16.63,13519
LBTYA,10/26/2022,17.02,17.11,16.80,16.81,17300
LBTYA,10/25/2022,16.61,17.23,16.59,16.89,27965
LBTYA,10/24/2022,16.62,16.79,16.51,16.60,14814
LBTYA,10/21/2022,16.33,16.57,16.28,16.51,13953
LBTYA,10/20/2022,16.53,16.83,16.40,16.43,14980
LBTYA,10/19/2022,16.75,16.83,16.44,16.57,13485
LBTYA,10/18/2022,16.81,17.04,16.55,16.71,16694
LBTYA,10/17/2022,16.20,16.65,16.20,16.47,15847
LBTYA,10/14/2022,16.26,16.48,15.89,15.91,15774
LBTYA,10/13/2022,15.35,16.42,15.22,16.18,30434
LBTYA,10/12/2022,15.88,15.94,15.61,15.62,15461
LBTYA,10/11/2022,15.80,16.23,15.66,15.85,23537
LBTYA,10/10/2022,16.06,16.22,15.82,15.86,12970
LBTYA,10/07/2022,16.24,16.29,15.90,16.00,17442
LBTYA,10/06/2022,16.32,16.48,16.17,16.36,19527
LBTYA,10/05/2022,16.59,16.59,16.25,16.46,15167
LBTYA,10/04/2022,16.79,17.03,16.71,16.94,19963
LBTYA,10/03/2022,15.74,16.64,15.70,16.51,29119
LBTYA,09/30/2022,15.80,16.02,15.58,15.59,22626
LBTYA,09/29/2022,15.88,15.99,15.63,15.80,32821
LBTYA,09/28/2022,15.81,16.43,15.81,16.25,43480
LBTYA,09/27/2022,16.07,16.22,15.76,15.82,28976
LBTYA,09/26/2022,16.46,16.69,15.86,15.98,25827
LBTYA,09/23/2022,16.73,16.78,16.28,16.51,42983
LBTYA,09/22/2022,17.05,17.18,16.86,16.94,25284
LBTYA,09/21/2022,17.75,17.75,16.99,17.07,27570
LBTYA,09/20/2022,18.06,18.20,17.49,17.58,19029
LBTYA,09/19/2022,18.00,18.37,17.88,18.37,12695
LBTYA,09/16/2022,18.22,18.46,18.12,18.12,25785
LBTYA,09/15/2022,18.79,19.05,18.50,18.55,8712
LBTYA,09/14/2022,19.02,19.08,18.60,18.82,16037
LBTYA,09/13/2022,19.30,19.57,18.98,19.02,16627
LBTYA,09/12/2022,19.71,20.07,19.62,19.81,7620
LBTYA,09/09/2022,19.16,19.64,19.04,19.59,11315
LBTYA,09/08/2022,19.18,19.41,18.96,19.02,13648
LBTYA,09/07/2022,19.00,19.53,18.82,19.41,20311
LBTYA,09/06/2022,20.04,20.12,19.08,19.09,26197
LBTYA,09/02/2022,19.99,20.39,19.86,19.96,14283
LBTYA,09/01/2022,20.04,20.08,19.52,19.86,16605
LBTYA,08/31/2022,20.71,20.73,20.17,20.20,18887
LBTYA,08/30/2022,20.28,20.57,20.09,20.49,12006
LBTYA,08/29/2022,20.03,20.33,19.89,20.20,8467
LBTYA,08/26/2022,20.86,20.92,20.13,20.13,6120
LBTYA,08/25/2022,20.64,20.87,20.46,20.86,6005
LBTYA,08/24/2022,20.41,20.66,20.31,20.51,7967
LBTYA,08/23/2022,20.45,20.69,20.42,20.45,8211
LBTYA,08/22/2022,20.69,20.74,20.44,20.47,8283
LBTYA,08/19/2022,21.02,21.18,20.86,20.95,8323
LBTYA,08/18/2022,21.33,21.37,20.98,21.30,9186
LBTYA,08/17/2022,21.80,21.92,21.16,21.31,13111
LBTYA,08/16/2022,21.98,22.27,21.92,22.09,10847
LBTYA,08/15/2022,21.95,22.07,21.67,21.91,8234
LBTYA,08/12/2022,21.89,22.04,21.79,22.03,7735
LBTYA,08/11/2022,21.75,21.85,21.62,21.79,9198
LBTYA,08/10/2022,21.54,21.81,21.42,21.62,9701
LBTYA,08/09/2022,21.57,21.57,21.06,21.20,9850
LBTYA,08/08/2022,21.60,21.97,21.48,21.54,7362
LBTYA,08/05/2022,21.51,21.74,21.37,21.55,7796
LBTYA,08/04/2022,21.54,21.75,21.40,21.61,6215
LBTYA,08/03/2022,21.68,21.81,21.51,21.59,5993
LBTYA,08/02/2022,21.98,22.27,21.59,21.64,12703
LBTYA,08/01/2022,21.68,22.38,21.63,22.04,27789
LBTYA,07/29/2022,21.05,22.03,20.97,21.76,23796
LBTYA,07/28/2022,21.23,21.32,20.61,20.88,16538
LBTYA,07/27/2022,21.09,21.53,21.08,21.44,12832
LBTYA,07/26/2022,21.24,21.38,20.86,20.92,9270
LBTYA,07/25/2022,21.84,21.97,21.25,21.40,7711
LBTYA,07/22/2022,21.56,21.78,21.40,21.77,15591
LBTYA,07/21/2022,21.27,21.58,21.10,21.50,11308
LBTYA,07/20/2022,21.14,21.55,21.00,21.49,11380
LBTYA,07/19/2022,21.28,21.51,21.05,21.12,11789
LBTYA,07/18/2022,20.99,21.33,20.91,21.07,11749
LBTYA,07/15/2022,20.72,21.04,20.60,20.80,12089
LBTYA,07/14/2022,20.37,20.57,20.21,20.50,8156
LBTYA,07/13/2022,20.50,20.83,20.39,20.74,11706
LBTYA,07/12/2022,20.29,21.02,20.18,20.69,13693
LBTYA,07/11/2022,20.94,21.08,20.33,20.37,10354
LBTYA,07/08/2022,21.00,21.27,20.84,21.15,11521
LBTYA,07/07/2022,21.02,21.18,20.89,21.02,7075
LBTYA,07/06/2022,21.24,21.42,20.67,20.94,11919
LBTYA,07/05/2022,20.93,21.42,20.76,21.29,12355
LBTYA,07/01/2022,21.04,21.62,21.00,21.54,12351
LBTYA,06/30/2022,21.89,21.90,20.99,21.05,15775
LBTYA,06/29/2022,21.95,22.41,21.84,22.28,11099
LBTYA,06/28/2022,22.65,22.82,22.02,22.05,9998
LBTYA,06/27/2022,22.15,22.57,21.93,22.43,14057
LBTYA,06/24/2022,22.07,22.39,21.85,22.08,10463
LBTYA,06/23/2022,22.14,22.34,21.72,21.90,9118
LBTYA,06/22/2022,21.56,22.20,21.50,22.02,9487
LBTYA,06/21/2022,21.67,22.20,21.67,21.88,13176
LBTYA,06/17/2022,21.14,21.55,20.87,21.42,16671
LBTYA,06/16/2022,21.60,21.92,20.93,21.11,15592
LBTYA,06/15/2022,21.57,22.41,21.46,22.04,13351
LBTYA,06/14/2022,21.27,21.68,21.21,21.45,11248
LBTYA,06/13/2022,21.93,22.00,21.17,21.27,12892
LBTYA,06/10/2022,22.64,22.86,22.43,22.43,8095
LBTYA,06/09/2022,23.61,23.74,23.03,23.05,5091
LBTYA,06/08/2022,24.02,24.20,23.66,23.73,5527
LBTYA,06/07/2022,24.58,24.58,23.64,24.25,10321
LBTYA,06/06/2022,24.25,24.42,23.94,24.07,7899
LBTYA,06/03/2022,24.02,24.31,23.87,24.14,5879
LBTYA,06/02/2022,24.18,24.37,23.85,24.25,7487
LBTYA,06/01/2022,24.56,24.69,23.81,24.04,11921
LBTYA,05/31/2022,24.94,25.00,24.26,24.32,16260
LBTYA,05/27/2022,24.58,25.13,24.58,25.02,9585
LBTYA,05/26/2022,24.45,24.84,24.39,24.63,7897
LBTYA,05/25/2022,23.40,24.56,23.40,24.43,15541
LBTYA,05/24/2022,23.04,23.51,22.81,23.40,9801
LBTYA,05/23/2022,23.06,23.36,22.81,23.22,6290
LBTYA,05/20/2022,23.18,23.34,22.53,22.96,8036
LBTYA,05/19/2022,22.76,23.34,22.72,22.87,8012
LBTYA,05/18/2022,23.40,23.68,22.90,22.93,10806
LBTYA,05/17/2022,23.38,23.76,23.12,23.71,21329
LBTYA,05/16/2022,22.87,23.41,22.87,23.09,9407
LBTYA,05/13/2022,22.06,23.05,21.93,23.00,13776
LBTYA,05/12/2022,21.79,21.98,21.41,21.94,15143
LBTYA,05/11/2022,21.71,22.85,21.51,21.94,11368
LBTYA,05/10/2022,21.91,22.14,21.55,21.88,14355
LBTYA,05/09/2022,22.34,22.55,21.69,21.85,11779
LBTYA,05/06/2022,23.16,23.29,22.48,22.59,9663
LBTYA,05/05/2022,23.56,23.63,23.06,23.32,11084
LBTYA,05/04/2022,23.28,23.82,23.06,23.77,10659
LBTYA,05/03/2022,22.87,23.52,22.87,23.25,9788
LBTYA,05/02/2022,22.74,23.13,22.40,22.84,16322
LBTYA,04/29/2022,23.51,23.72,22.72,22.76,14054
LBTYA,04/28/2022,23.79,23.85,22.98,23.62,16448
LBTYA,04/27/2022,23.48,23.69,23.30,23.48,17150
LBTYA,04/26/2022,23.75,24.06,23.37,23.42,14460
LBTYA,04/25/2022,23.85,24.14,23.26,23.98,11048
LBTYA,04/22/2022,24.24,24.63,24.03,24.08,10951
LBTYA,04/21/2022,25.22,25.28,24.22,24.39,12372
LBTYA,04/20/2022,25.52,25.60,24.88,25.06,7900
LBTYA,04/19/2022,24.98,25.67,24.98,25.49,8905
LBTYA,04/18/2022,25.09,25.43,24.95,25.04,6240
LBTYA,04/14/2022,25.53,25.66,25.21,25.22,5690
LBTYA,04/13/2022,24.98,25.42,24.80,25.37,5814
LBTYA,04/12/2022,25.50,25.65,24.92,24.97,9487
LBTYA,04/11/2022,25.38,25.83,25.29,25.45,8518
LBTYA,04/08/2022,25.03,25.56,24.78,25.46,8667
LBTYA,04/07/2022,25.09,25.21,24.73,24.95,13247
LBTYA,04/06/2022,25.09,25.25,24.89,24.96,12292
LBTYA,04/05/2022,25.76,25.95,25.24,25.35,7719
LBTYA,04/04/2022,25.95,26.08,25.66,25.87,7180
LBTYA,04/01/2022,25.67,26.02,25.53,25.95,10122
LBTYA,03/31/2022,25.76,26.03,25.50,25.51,10634
LBTYA,03/30/2022,26.24,26.46,25.47,25.91,10269
LBTYA,03/29/2022,26.23,26.47,25.74,26.43,13633
LBTYA,03/28/2022,25.81,25.96,25.65,25.88,8913
LBTYA,03/25/2022,25.85,26.03,25.67,25.88,10433
LBTYA,03/24/2022,25.80,26.13,25.54,25.85,22331
LBTYA,03/23/2022,25.39,25.62,25.09,25.25,12158
LBTYA,03/22/2022,25.28,25.71,25.25,25.56,7259
LBTYA,03/21/2022,25.37,25.49,24.87,25.14,11146
LBTYA,03/18/2022,25.06,25.34,24.97,25.31,17320
LBTYA,03/17/2022,25.15,25.44,25.02,25.37,5908
LBTYA,03/16/2022,24.90,25.43,24.84,25.31,9315
LBTYA,03/15/2022,24.40,24.93,24.40,24.75,9935
LBTYA,03/14/2022,24.34,24.69,24.25,24.36,7687
LBTYA,03/11/2022,24.29,24.61,24.16,24.22,7124
LBTYA,03/10/2022,24.39,24.39,23.91,24.21,9989
LBTYA,03/09/2022,24.14,24.58,24.01,24.57,28858
LBTYA,03/08/2022,23.40,24.13,23.05,23.67,35736
LBTYA,03/07/2022,23.94,24.05,23.00,23.23,33847
LBTYA,03/04/2022,24.81,25.01,23.82,24.00,20395
LBTYA,03/03/2022,26.24,26.25,24.92,25.10,19691
LBTYA,03/02/2022,25.27,26.34,25.27,26.07,11150
LBTYA,03/01/2022,25.87,25.93,25.00,25.14,14232
LBTYA,02/28/2022,25.75,26.62,25.52,25.78,14623
LBTYA,02/25/2022,26.24,26.47,25.71,26.17,7172
LBTYA,02/24/2022,25.07,26.05,24.90,26.02,11888
LBTYA,02/23/2022,26.09,26.33,25.80,25.83,7633
LBTYA,02/22/2022,26.30,26.70,25.89,26.05,10101
LBTYA,02/18/2022,28.48,28.48,26.47,26.55,21002
LBTYA,02/17/2022,28.14,28.53,28.06,28.14,14008
LBTYA,02/16/2022,28.34,29.08,28.34,28.99,11009
LBTYA,02/15/2022,27.92,28.53,27.74,28.47,9944
LBTYA,02/14/2022,27.84,28.08,27.43,27.68,7895
