LECO,06/23/2023,191.71,192.80,190.11,190.48,312
LECO,06/22/2023,195.13,195.13,192.30,192.88,3416
LECO,06/21/2023,193.16,196.28,192.80,195.07,3271
LECO,06/20/2023,195.00,195.70,193.13,194.45,2538
LECO,06/16/2023,196.48,197.26,194.69,195.93,6075
LECO,06/15/2023,193.16,196.80,193.16,196.09,3224
LECO,06/14/2023,195.40,195.45,192.92,194.56,3904
LECO,06/13/2023,192.32,196.49,192.32,195.26,3321
LECO,06/12/2023,190.17,192.42,189.14,192.04,2558
LECO,06/09/2023,190.08,190.77,188.04,190.52,2278
LECO,06/08/2023,188.47,191.75,188.20,190.61,3655
LECO,06/07/2023,183.82,189.54,182.98,189.14,2968
LECO,06/06/2023,180.39,184.56,179.41,183.66,2345
LECO,06/05/2023,181.19,181.22,177.01,180.68,2815
LECO,06/02/2023,176.88,182.29,176.78,181.80,5638
LECO,06/01/2023,170.13,175.47,169.85,175.25,4276
LECO,05/31/2023,174.42,175.36,169.50,169.66,3790
LECO,05/30/2023,174.79,176.55,174.08,175.34,4118
LECO,05/26/2023,171.33,174.33,170.68,173.64,2191
LECO,05/25/2023,169.19,172.13,168.23,170.99,3277
LECO,05/24/2023,169.50,169.55,167.58,168.55,9158
LECO,05/23/2023,170.89,171.99,168.89,169.77,4395
LECO,05/22/2023,170.69,171.94,169.18,171.28,2072
LECO,05/19/2023,171.85,172.61,169.74,170.20,2274
LECO,05/18/2023,168.90,171.18,168.18,170.40,2048
LECO,05/17/2023,168.33,169.48,167.45,169.12,2189
LECO,05/16/2023,168.82,169.36,166.59,167.44,3251
LECO,05/15/2023,168.33,169.82,167.45,169.73,2273
LECO,05/12/2023,167.88,168.83,166.56,168.33,2386
LECO,05/11/2023,167.57,167.57,165.96,167.03,1939
LECO,05/10/2023,170.09,170.26,165.20,168.09,2508
LECO,05/09/2023,168.94,170.03,168.33,169.22,2119
LECO,05/08/2023,170.63,171.82,168.92,169.50,1932
LECO,05/05/2023,168.83,171.13,167.29,170.46,2947
LECO,05/04/2023,170.05,170.05,166.00,166.67,3129
LECO,05/03/2023,170.68,173.22,169.88,169.96,3184
LECO,05/02/2023,170.53,171.37,167.19,170.18,3844
LECO,05/01/2023,167.53,171.58,167.53,170.62,4394
LECO,04/28/2023,164.61,169.55,162.08,167.80,8176
LECO,04/27/2023,159.11,164.37,156.80,163.81,7993
LECO,04/26/2023,157.52,159.37,155.22,156.05,11240
LECO,04/25/2023,160.22,160.59,158.39,158.39,5040
LECO,04/24/2023,159.98,161.72,159.52,160.73,3214
LECO,04/21/2023,160.07,160.29,157.86,160.04,3163
LECO,04/20/2023,159.69,160.58,158.84,159.79,2204
LECO,04/19/2023,161.01,161.01,158.95,160.33,1668
LECO,04/18/2023,161.01,161.72,159.62,161.08,1778
LECO,04/17/2023,159.43,160.61,159.43,160.17,2235
LECO,04/14/2023,159.08,161.74,158.38,159.00,2322
LECO,04/13/2023,159.73,159.98,156.45,159.54,3189
LECO,04/12/2023,161.35,161.68,159.91,160.21,3664
LECO,04/11/2023,160.37,161.40,159.47,160.38,2357
LECO,04/10/2023,153.38,159.68,152.36,159.55,6015
LECO,04/06/2023,158.63,158.63,153.59,154.18,7108
LECO,04/05/2023,161.39,161.87,157.18,158.86,4402
LECO,04/04/2023,168.69,168.69,161.62,162.58,4046
LECO,04/03/2023,168.71,170.63,167.56,169.13,2805
LECO,03/31/2023,168.67,169.64,167.80,169.10,2773
LECO,03/30/2023,167.58,168.44,166.86,167.79,2509
LECO,03/29/2023,165.21,167.01,164.56,166.87,2481
LECO,03/28/2023,162.66,165.10,162.50,164.87,2800
LECO,03/27/2023,161.86,163.63,160.68,162.28,3237
LECO,03/24/2023,162.11,162.63,158.74,160.77,5251
LECO,03/23/2023,163.26,165.52,162.04,163.72,3952
LECO,03/22/2023,166.67,167.03,162.81,163.06,4179
LECO,03/21/2023,165.99,167.20,165.00,167.08,2933
LECO,03/20/2023,161.54,164.61,161.54,163.92,3536
LECO,03/17/2023,162.09,162.09,159.41,160.59,11051
LECO,03/16/2023,161.26,163.57,160.82,162.79,6427
LECO,03/15/2023,165.77,166.32,160.74,163.02,3614
LECO,03/14/2023,168.03,170.17,166.98,169.40,2897
LECO,03/13/2023,164.48,167.32,164.10,165.47,1828
LECO,03/10/2023,170.94,170.94,166.24,166.53,4234
LECO,03/09/2023,172.10,173.89,171.08,171.33,3830
LECO,03/08/2023,170.00,172.04,170.00,171.73,2045
LECO,03/07/2023,170.51,171.16,169.77,170.34,3937
LECO,03/06/2023,173.01,174.12,169.75,170.74,4164
LECO,03/03/2023,172.62,174.12,171.07,173.44,2695
LECO,03/02/2023,168.76,171.90,168.02,171.90,3121
LECO,03/01/2023,167.01,170.00,166.80,169.20,2805
LECO,02/28/2023,168.51,169.87,167.45,167.93,3885
LECO,02/27/2023,167.08,170.75,166.99,168.02,5402
LECO,02/24/2023,165.00,166.23,162.70,165.91,3042
LECO,02/23/2023,164.93,166.79,163.30,166.31,9106
LECO,02/22/2023,164.56,165.55,162.03,164.05,7323
LECO,02/21/2023,168.71,173.00,163.11,163.34,9118
LECO,02/17/2023,174.26,176.52,173.42,176.29,5927
LECO,02/16/2023,173.92,176.00,173.07,174.38,4354
LECO,02/15/2023,173.31,176.19,173.31,175.97,2266
LECO,02/14/2023,173.97,174.65,172.53,174.31,2462
LECO,02/13/2023,172.05,174.20,172.05,173.90,2767
LECO,02/10/2023,171.98,172.63,171.05,172.34,1839
LECO,02/09/2023,173.66,174.27,171.69,171.98,1792
LECO,02/08/2023,172.72,173.54,172.14,172.32,3278
LECO,02/07/2023,171.80,173.93,171.02,173.70,4295
LECO,02/06/2023,172.80,174.00,171.53,172.50,3329
LECO,02/03/2023,171.51,174.62,171.17,174.50,6165
LECO,02/02/2023,169.77,172.84,169.16,172.15,3234
LECO,02/01/2023,166.60,170.75,165.90,169.57,3341
LECO,01/31/2023,162.79,167.31,162.40,166.87,4812
LECO,01/30/2023,163.20,163.50,161.93,162.79,3377
LECO,01/27/2023,160.13,163.96,160.09,163.10,3490
LECO,01/26/2023,158.23,160.78,157.50,160.71,3310
LECO,01/25/2023,157.41,158.49,156.00,157.93,9465
LECO,01/24/2023,158.68,159.96,157.00,158.25,4297
LECO,01/23/2023,157.00,158.17,156.24,157.95,3577
LECO,01/20/2023,154.82,156.96,153.77,156.73,2938
LECO,01/19/2023,156.46,156.52,154.04,154.30,4282
LECO,01/18/2023,159.36,159.79,155.62,156.59,3849
LECO,01/17/2023,158.22,159.40,157.34,159.00,2307
LECO,01/13/2023,156.74,158.79,152.19,158.07,2165
LECO,01/12/2023,157.98,158.93,156.48,157.18,2289
LECO,01/11/2023,155.78,157.75,155.54,157.18,2025
LECO,01/10/2023,154.15,155.71,153.30,155.24,4727
LECO,01/09/2023,153.65,156.60,153.38,154.27,3956
LECO,01/06/2023,149.85,154.80,149.85,153.65,3776
LECO,01/05/2023,148.62,149.22,147.75,148.35,2197
LECO,01/04/2023,147.27,149.02,146.61,148.86,3651
LECO,01/03/2023,144.94,146.68,143.76,146.18,2646
LECO,12/30/2022,144.52,145.07,143.52,144.49,2048
LECO,12/29/2022,142.89,145.91,141.98,145.47,2496
LECO,12/28/2022,146.74,147.48,142.47,142.66,5834
LECO,12/27/2022,145.94,148.21,145.69,146.55,3778
LECO,12/23/2022,143.95,145.51,143.36,145.05,2221
LECO,12/22/2022,142.98,144.95,141.73,143.95,3558
LECO,12/21/2022,141.40,144.30,141.20,144.14,2849
LECO,12/20/2022,140.13,142.98,139.94,140.50,2294
LECO,12/19/2022,141.84,143.42,139.92,140.50,1963
LECO,12/16/2022,141.67,143.51,141.01,142.09,7975
LECO,12/15/2022,144.81,144.81,141.71,143.06,3648
LECO,12/14/2022,148.42,149.48,145.65,146.15,2189
LECO,12/13/2022,150.15,150.34,147.28,147.73,1998
LECO,12/12/2022,146.37,147.89,144.72,147.67,1600
LECO,12/09/2022,147.76,148.50,145.53,145.76,1888
LECO,12/08/2022,147.43,148.44,146.11,147.82,2448
LECO,12/07/2022,143.82,146.91,143.82,146.63,3161
LECO,12/06/2022,146.60,146.83,142.09,143.82,2893
LECO,12/05/2022,147.48,147.57,145.87,146.59,1612
LECO,12/02/2022,147.28,149.10,146.38,148.23,2272
LECO,12/01/2022,149.11,149.99,146.86,148.17,2501
LECO,11/30/2022,145.18,148.09,142.84,147.88,3597
LECO,11/29/2022,145.06,146.24,144.39,144.79,1741
LECO,11/28/2022,147.83,148.32,145.13,145.54,1771
LECO,11/25/2022,149.01,149.79,148.35,148.95,903
LECO,11/23/2022,149.69,150.68,148.07,148.29,7882
LECO,11/22/2022,149.90,149.95,147.38,149.64,3036
LECO,11/21/2022,147.87,149.32,147.70,149.00,1648
LECO,11/18/2022,147.68,148.67,146.24,147.73,2848
LECO,11/17/2022,146.74,147.83,143.23,145.83,2687
LECO,11/16/2022,148.40,149.33,146.98,148.41,2481
LECO,11/15/2022,146.55,150.01,146.37,148.42,3087
LECO,11/14/2022,145.54,148.39,143.81,145.91,3526
LECO,11/11/2022,145.70,146.69,144.45,145.44,2440
LECO,11/10/2022,148.00,148.00,144.14,145.80,4827
LECO,11/09/2022,144.15,145.99,143.02,144.14,2416
LECO,11/08/2022,143.91,146.15,143.23,145.51,2417
LECO,11/07/2022,142.77,143.98,141.14,143.51,2321
LECO,11/04/2022,142.51,144.00,140.32,142.59,2179
LECO,11/03/2022,137.67,141.52,136.00,140.83,2600
LECO,11/02/2022,141.90,143.22,138.68,138.77,3461
LECO,11/01/2022,143.36,143.63,141.30,142.90,4006
LECO,10/31/2022,140.74,142.61,139.44,142.00,6240
LECO,10/28/2022,141.46,142.61,140.10,140.77,4078
LECO,10/27/2022,139.22,143.10,138.47,139.91,6149
LECO,10/26/2022,137.48,139.58,136.38,138.32,4759
LECO,10/25/2022,132.89,137.08,132.50,136.99,3655
LECO,10/24/2022,132.21,133.85,131.77,132.99,3597
LECO,10/21/2022,127.01,131.75,126.78,131.33,3976
LECO,10/20/2022,130.44,130.69,126.44,126.67,2496
LECO,10/19/2022,130.05,130.59,127.98,130.01,3216
LECO,10/18/2022,128.50,129.99,127.34,129.81,3340
LECO,10/17/2022,124.19,126.72,124.13,126.37,2887
LECO,10/14/2022,126.27,126.29,122.16,122.50,3304
LECO,10/13/2022,120.17,125.50,120.01,124.68,2704
LECO,10/12/2022,123.80,124.31,122.37,122.44,1859
LECO,10/11/2022,121.93,124.32,121.67,123.37,2561
LECO,10/10/2022,124.29,124.75,120.49,122.44,3533
LECO,10/07/2022,126.24,126.24,122.98,124.04,2348
LECO,10/06/2022,129.49,130.15,126.98,127.21,3231
LECO,10/05/2022,129.60,131.65,129.24,130.10,2955
LECO,10/04/2022,128.80,130.32,128.08,130.18,3638
LECO,10/03/2022,127.22,128.59,125.94,127.28,3472
LECO,09/30/2022,127.22,127.94,125.48,125.72,2840
LECO,09/29/2022,126.42,127.20,124.95,127.14,2407
LECO,09/28/2022,126.74,128.92,125.57,127.90,2907
LECO,09/27/2022,127.72,128.09,124.66,125.70,4621
LECO,09/26/2022,127.22,129.39,126.21,126.73,2899
LECO,09/23/2022,128.43,129.27,126.17,127.55,3816
LECO,09/22/2022,133.85,134.43,129.78,129.86,2687
LECO,09/21/2022,137.01,138.14,134.57,134.62,1157
LECO,09/20/2022,137.32,137.32,134.40,135.87,1615
LECO,09/19/2022,133.90,137.62,133.60,137.33,2922
LECO,09/16/2022,135.70,135.94,132.76,134.03,4110
LECO,09/15/2022,139.08,140.37,136.43,136.84,2494
LECO,09/14/2022,139.67,140.31,137.75,139.54,3050
LECO,09/13/2022,139.05,140.87,139.04,139.58,2463
LECO,09/12/2022,141.40,141.69,140.40,141.46,1896
LECO,09/09/2022,139.26,140.64,139.09,139.77,1874
LECO,09/08/2022,136.93,138.67,135.82,138.57,1459
LECO,09/07/2022,135.57,138.89,134.85,138.11,2017
LECO,09/06/2022,135.14,136.28,133.99,135.73,1555
LECO,09/02/2022,137.72,138.76,135.09,135.51,2384
LECO,09/01/2022,135.98,137.48,135.26,137.15,2240
LECO,08/31/2022,138.25,139.21,136.15,136.69,1517
LECO,08/30/2022,139.77,142.24,137.56,137.93,2500
LECO,08/29/2022,140.61,140.71,138.76,139.95,1184
LECO,08/26/2022,145.70,145.70,140.78,140.90,1582
LECO,08/25/2022,144.35,145.71,143.97,145.50,1691
LECO,08/24/2022,143.52,144.34,142.94,143.71,1548
LECO,08/23/2022,144.31,145.54,143.51,143.62,1702
LECO,08/22/2022,146.18,146.18,143.67,143.99,1518
LECO,08/19/2022,147.03,147.94,146.23,147.20,1394
LECO,08/18/2022,147.70,148.28,147.14,147.78,934
LECO,08/17/2022,147.05,147.84,146.22,147.35,1739
LECO,08/16/2022,147.55,148.50,147.00,147.99,1906
LECO,08/15/2022,146.82,148.42,145.95,148.07,1616
LECO,08/12/2022,145.35,147.30,143.68,147.30,1242
LECO,08/11/2022,145.20,146.18,143.47,144.84,1837
LECO,08/10/2022,143.93,145.07,143.50,144.00,2445
LECO,08/09/2022,142.30,142.69,138.93,141.53,2383
LECO,08/08/2022,142.75,143.70,141.56,141.90,1917
LECO,08/05/2022,140.20,142.62,140.20,142.61,2060
LECO,08/04/2022,139.60,141.65,138.90,141.35,2820
LECO,08/03/2022,139.09,140.25,137.74,139.57,1387
LECO,08/02/2022,140.51,140.68,138.42,138.73,1813
LECO,08/01/2022,140.27,141.94,139.81,140.72,2633
LECO,07/29/2022,138.10,142.00,133.44,141.44,4315
LECO,07/28/2022,134.55,137.61,133.61,136.58,3776
LECO,07/27/2022,130.25,134.47,129.81,133.71,3425
LECO,07/26/2022,129.35,130.46,126.96,130.21,2371
LECO,07/25/2022,128.22,129.49,127.14,129.14,2959
LECO,07/22/2022,128.76,129.49,126.88,127.66,2178
LECO,07/21/2022,127.51,128.64,124.06,128.55,1877
LECO,07/20/2022,126.41,127.73,125.30,127.30,1760
LECO,07/19/2022,123.48,126.89,123.37,126.49,1821
LECO,07/18/2022,122.66,123.68,121.77,122.12,1924
LECO,07/15/2022,121.14,123.74,119.98,122.65,4175
LECO,07/14/2022,119.89,119.93,118.17,119.60,3662
LECO,07/13/2022,121.00,123.43,119.92,121.08,1573
LECO,07/12/2022,122.84,124.69,121.86,122.18,2036
LECO,07/11/2022,122.22,123.82,122.22,122.84,1591
LECO,07/08/2022,124.90,125.04,123.30,123.46,1395
LECO,07/07/2022,123.21,125.20,123.21,125.00,2511
LECO,07/06/2022,121.87,123.03,120.54,122.11,3042
LECO,07/05/2022,122.09,122.41,118.95,121.73,4697
LECO,07/01/2022,123.23,125.03,121.80,124.24,1836
LECO,06/30/2022,121.85,123.79,121.33,123.36,2985
LECO,06/29/2022,124.65,124.65,122.12,122.77,2432
LECO,06/28/2022,127.56,128.90,124.65,124.98,3415
LECO,06/27/2022,126.35,127.69,125.07,127.56,2016
LECO,06/24/2022,123.02,125.80,122.49,125.78,4517
LECO,06/23/2022,123.76,124.90,120.35,121.77,3001
LECO,06/22/2022,122.57,124.83,121.98,124.29,2797
LECO,06/21/2022,123.39,124.31,121.01,123.95,3199
LECO,06/17/2022,124.87,124.91,121.94,122.32,6127
LECO,06/16/2022,125.86,126.07,121.84,124.00,5162
LECO,06/15/2022,128.71,129.08,126.38,127.69,2738
LECO,06/14/2022,129.62,130.97,126.37,127.82,3356
LECO,06/13/2022,132.31,132.59,129.18,129.72,2860
LECO,06/10/2022,136.57,136.60,134.13,134.67,2410
LECO,06/09/2022,138.71,140.70,137.84,138.56,3230
LECO,06/08/2022,139.81,139.81,138.07,138.40,1604
LECO,06/07/2022,138.27,140.44,137.44,140.33,1649
LECO,06/06/2022,138.22,139.59,137.64,139.28,1633
LECO,06/03/2022,138.04,138.94,136.94,137.63,1580
LECO,06/02/2022,136.61,138.67,135.72,138.56,1718
LECO,06/01/2022,136.46,136.84,133.88,135.76,1551
LECO,05/31/2022,135.15,136.64,134.02,135.82,2618
LECO,05/27/2022,133.97,135.91,133.97,135.91,1618
LECO,05/26/2022,131.12,134.12,130.69,133.44,1606
LECO,05/25/2022,129.14,131.29,128.49,130.62,2043
LECO,05/24/2022,129.55,131.38,127.45,129.93,2095
LECO,05/23/2022,131.82,132.55,130.24,130.65,2999
LECO,05/20/2022,132.97,133.13,128.10,130.76,2493
LECO,05/19/2022,131.26,133.66,129.85,132.06,2045
LECO,05/18/2022,135.13,136.11,131.85,132.13,2819
LECO,05/17/2022,135.36,136.37,133.89,135.68,2697
LECO,05/16/2022,133.14,134.42,130.64,133.83,2178
LECO,05/13/2022,133.80,134.98,131.45,133.25,4478
LECO,05/12/2022,134.21,134.92,129.78,133.20,5230
LECO,05/11/2022,133.76,136.03,132.95,133.87,3757
LECO,05/10/2022,138.32,138.32,132.02,134.08,2913
LECO,05/09/2022,135.66,138.78,135.66,136.68,4002
LECO,05/06/2022,135.22,136.14,132.39,136.12,2903
LECO,05/05/2022,139.08,139.18,134.79,135.75,1909
LECO,05/04/2022,135.18,139.64,134.85,139.37,2012
LECO,05/03/2022,133.15,135.90,132.42,135.18,2602
LECO,05/02/2022,135.25,135.92,131.20,133.10,3614
LECO,04/29/2022,134.94,138.13,134.48,134.73,5570
LECO,04/28/2022,136.16,137.55,133.15,135.85,5401
LECO,04/27/2022,127.39,129.34,126.83,128.35,2828
LECO,04/26/2022,128.81,129.72,126.84,126.93,2173
LECO,04/25/2022,129.73,130.12,126.61,129.93,2434
LECO,04/22/2022,132.26,132.98,129.54,130.06,2020
LECO,04/21/2022,134.68,134.90,132.75,133.16,2321
LECO,04/20/2022,133.48,135.43,132.97,133.25,2709
LECO,04/19/2022,129.32,132.61,129.32,132.61,2002
LECO,04/18/2022,129.01,130.59,128.69,129.37,3019
LECO,04/14/2022,128.99,130.33,128.79,129.47,1996
LECO,04/13/2022,127.39,129.68,127.39,129.53,1808
LECO,04/12/2022,127.31,129.18,126.80,127.58,2836
LECO,04/11/2022,129.55,130.47,127.13,127.26,2348
LECO,04/08/2022,130.74,132.06,129.71,129.89,1859
LECO,04/07/2022,130.46,131.30,129.09,130.48,2395
LECO,04/06/2022,131.02,131.66,128.71,131.07,3228
LECO,04/05/2022,135.07,135.89,131.55,131.57,5701
LECO,04/04/2022,137.44,137.78,135.50,135.77,3850
LECO,04/01/2022,138.20,139.16,136.97,137.44,3256
LECO,03/31/2022,138.44,139.66,136.77,137.81,2524
LECO,03/30/2022,138.97,139.55,137.17,138.54,2770
LECO,03/29/2022,135.75,139.84,135.42,139.46,4433
LECO,03/28/2022,134.52,135.40,133.54,134.91,1978
LECO,03/25/2022,133.47,134.72,132.84,134.72,2214
LECO,03/24/2022,134.12,135.06,133.11,133.46,2683
LECO,03/23/2022,135.34,135.53,133.31,133.37,2827
LECO,03/22/2022,134.41,135.33,133.88,135.11,3178
LECO,03/21/2022,134.64,135.10,133.46,134.25,2378
LECO,03/18/2022,132.71,134.89,131.00,134.18,4791
LECO,03/17/2022,131.85,132.75,130.92,132.51,1847
LECO,03/16/2022,129.83,132.21,129.03,131.76,3552
LECO,03/15/2022,127.39,129.65,127.39,129.34,2254
LECO,03/14/2022,126.41,127.87,125.95,127.25,2691
LECO,03/11/2022,126.48,127.80,125.50,125.69,2524
LECO,03/10/2022,125.79,126.28,124.77,125.90,2082
LECO,03/09/2022,128.35,129.34,126.44,126.99,4138
LECO,03/08/2022,126.76,130.78,126.30,126.50,6858
LECO,03/07/2022,128.67,129.73,125.44,126.00,4524
LECO,03/04/2022,129.05,129.50,127.21,128.42,2629
LECO,03/03/2022,129.16,131.12,128.73,130.13,2934
LECO,03/02/2022,126.54,129.40,125.92,128.38,2783
LECO,03/01/2022,127.82,128.50,124.09,125.47,2771
LECO,02/28/2022,126.19,127.82,125.55,127.46,3713
LECO,02/25/2022,126.42,128.04,125.77,127.47,3234
LECO,02/24/2022,123.60,126.45,122.58,126.14,3155
LECO,02/23/2022,127.85,128.12,125.29,125.53,2321
LECO,02/22/2022,127.47,128.58,126.62,127.28,2962
LECO,02/18/2022,126.81,129.51,126.81,127.38,3375
LECO,02/17/2022,127.01,127.81,126.26,126.87,2012
LECO,02/16/2022,126.87,128.66,126.26,128.03,1980
LECO,02/15/2022,128.19,129.25,126.90,127.43,2504
LECO,02/14/2022,126.46,127.51,125.30,126.76,2791
