LNT,06/23/2023,52.95,53.04,52.44,52.86,487
LNT,06/22/2023,53.34,53.50,52.58,52.73,7440
LNT,06/21/2023,52.77,53.38,52.02,53.27,8669
LNT,06/20/2023,53.70,53.81,52.89,52.96,10156
LNT,06/16/2023,53.90,54.37,53.68,53.74,20392
LNT,06/15/2023,53.46,53.88,53.30,53.75,9006
LNT,06/14/2023,53.27,53.88,53.02,53.13,9174
LNT,06/13/2023,52.95,53.25,52.70,53.08,9317
LNT,06/12/2023,53.34,53.49,52.85,53.26,7940
LNT,06/09/2023,53.52,53.52,53.13,53.23,8800
LNT,06/08/2023,53.51,53.59,52.89,53.47,13078
LNT,06/07/2023,52.49,53.63,52.09,53.40,16376
LNT,06/06/2023,52.54,52.87,52.07,52.31,16873
LNT,06/05/2023,52.03,52.86,51.97,52.28,15548
LNT,06/02/2023,50.69,52.23,50.51,51.98,21937
LNT,06/01/2023,51.70,51.73,50.27,50.91,24814
LNT,05/31/2023,51.16,51.81,50.86,51.46,15150
LNT,05/30/2023,51.19,51.57,50.95,51.01,16908
LNT,05/26/2023,50.90,51.07,50.45,50.97,9884
LNT,05/25/2023,51.90,51.93,50.77,51.06,9915
LNT,05/24/2023,52.23,52.62,51.90,51.95,11175
LNT,05/23/2023,52.45,53.06,52.35,52.44,11803
LNT,05/22/2023,52.86,53.04,52.27,52.59,9651
LNT,05/19/2023,52.92,53.39,52.51,52.61,17110
LNT,05/18/2023,52.35,52.73,52.03,52.64,10431
LNT,05/17/2023,53.24,53.35,52.45,52.76,9259
LNT,05/16/2023,53.96,54.06,53.22,53.27,12508
LNT,05/15/2023,55.18,55.20,53.80,54.00,10395
LNT,05/12/2023,54.86,55.37,54.66,55.03,10270
LNT,05/11/2023,54.97,55.35,54.39,54.60,8828
LNT,05/10/2023,54.54,55.27,54.31,55.16,14152
LNT,05/09/2023,54.44,54.97,54.17,54.40,12367
LNT,05/08/2023,54.94,55.30,54.59,54.76,8707
LNT,05/05/2023,53.77,55.11,53.77,55.11,14324
LNT,05/04/2023,54.38,55.31,53.77,54.80,13818
LNT,05/03/2023,54.87,55.35,54.23,54.43,10749
LNT,05/02/2023,55.04,55.24,54.22,54.54,11776
LNT,05/01/2023,54.98,55.83,54.87,55.29,17292
LNT,04/28/2023,55.03,55.31,54.69,55.14,15573
LNT,04/27/2023,54.35,55.11,54.19,55.10,12636
LNT,04/26/2023,55.36,55.78,54.62,54.70,9736
LNT,04/25/2023,55.35,55.95,55.35,55.75,9357
LNT,04/24/2023,55.21,55.66,54.89,55.54,8593
LNT,04/21/2023,55.33,55.69,55.00,55.29,10738
LNT,04/20/2023,55.35,55.56,54.77,55.03,13642
LNT,04/19/2023,54.95,55.59,54.81,55.29,18707
LNT,04/18/2023,54.59,54.93,54.14,54.34,10569
LNT,04/17/2023,54.58,54.99,54.13,54.72,9763
LNT,04/14/2023,54.24,54.47,53.73,54.36,14200
LNT,04/13/2023,54.53,54.89,53.60,54.79,11327
LNT,04/12/2023,55.34,55.54,54.64,54.74,11327
LNT,04/11/2023,54.92,55.29,54.79,55.06,9053
LNT,04/10/2023,54.76,54.95,54.13,54.92,9581
LNT,04/06/2023,55.18,55.38,54.52,55.05,12696
LNT,04/05/2023,53.15,54.90,53.15,54.82,15710
LNT,04/04/2023,52.66,53.21,52.48,52.94,18514
LNT,04/03/2023,53.05,53.21,52.50,52.72,16939
LNT,03/31/2023,53.08,53.63,52.79,53.40,13052
LNT,03/30/2023,53.08,53.32,52.77,52.91,10838
LNT,03/29/2023,52.21,52.90,52.12,52.82,12846
LNT,03/28/2023,51.41,52.49,51.33,51.97,15741
LNT,03/27/2023,52.24,52.48,51.20,51.32,17790
LNT,03/24/2023,50.14,51.85,49.94,51.83,13830
LNT,03/23/2023,50.45,51.11,49.84,50.04,13935
LNT,03/22/2023,51.82,52.00,50.63,50.65,19853
LNT,03/21/2023,53.80,53.88,51.25,52.01,18850
LNT,03/20/2023,53.12,53.92,53.12,53.76,15965
LNT,03/17/2023,53.00,53.51,52.66,53.17,38214
LNT,03/16/2023,52.90,54.01,52.80,53.49,20384
LNT,03/15/2023,52.09,53.57,51.70,53.10,23720
LNT,03/14/2023,51.79,52.46,51.41,52.06,17319
LNT,03/13/2023,50.36,52.60,49.78,51.48,20404
LNT,03/10/2023,51.28,51.49,49.99,50.19,10825
LNT,03/09/2023,51.74,52.49,51.20,51.26,12941
LNT,03/08/2023,51.04,51.74,50.92,51.57,13372
LNT,03/07/2023,51.95,52.27,50.81,50.99,11018
LNT,03/06/2023,51.93,52.21,51.79,51.96,13420
LNT,03/03/2023,51.67,52.10,50.95,52.07,18112
LNT,03/02/2023,50.16,51.60,50.03,51.59,19038
LNT,03/01/2023,50.87,51.14,49.66,50.25,16961
LNT,02/28/2023,51.33,52.07,50.76,51.27,39799
LNT,02/27/2023,50.82,52.76,50.82,51.46,34849
LNT,02/24/2023,51.79,53.00,51.35,52.72,15122
LNT,02/23/2023,53.09,53.33,52.64,52.99,10757
LNT,02/22/2023,53.07,53.90,53.07,53.26,11720
LNT,02/21/2023,53.90,53.98,53.20,53.34,11271
LNT,02/17/2023,53.37,54.36,53.12,53.97,10315
LNT,02/16/2023,52.84,53.57,52.41,53.14,11186
LNT,02/15/2023,53.03,53.47,52.76,53.44,10793
LNT,02/14/2023,53.75,54.00,53.22,53.29,9641
LNT,02/13/2023,53.28,53.95,53.20,53.79,12863
LNT,02/10/2023,52.21,53.32,52.13,53.23,11062
LNT,02/09/2023,52.70,52.99,51.90,52.06,8578
LNT,02/08/2023,53.11,53.27,52.40,52.62,10440
LNT,02/07/2023,53.76,53.77,52.77,53.54,11489
LNT,02/06/2023,53.34,53.97,53.02,53.93,11859
LNT,02/03/2023,54.33,54.61,52.34,53.34,16849
LNT,02/02/2023,54.69,55.55,54.26,54.76,13892
LNT,02/01/2023,53.79,55.09,53.38,54.74,19191
LNT,01/31/2023,53.82,54.10,52.72,54.03,16036
LNT,01/30/2023,53.83,54.31,53.52,53.65,12400
LNT,01/27/2023,54.30,54.75,54.01,54.42,13756
LNT,01/26/2023,54.22,54.57,54.02,54.45,8356
LNT,01/25/2023,54.08,54.55,53.68,54.41,11937
LNT,01/24/2023,54.04,54.51,53.23,54.33,9125
LNT,01/23/2023,53.12,54.30,52.99,53.88,11354
LNT,01/20/2023,53.19,53.93,52.41,53.89,12602
LNT,01/19/2023,53.75,53.90,53.19,53.21,10048
LNT,01/18/2023,55.08,55.11,53.68,53.71,10258
LNT,01/17/2023,55.61,56.15,54.89,55.08,11133
LNT,01/13/2023,55.76,55.76,55.13,55.51,8622
LNT,01/12/2023,55.94,56.26,55.54,55.80,11217
LNT,01/11/2023,55.14,55.95,55.04,55.94,13196
LNT,01/10/2023,55.12,55.32,54.46,54.97,10382
LNT,01/09/2023,54.93,55.58,54.60,55.44,12201
LNT,01/06/2023,54.78,55.62,54.72,55.35,9282
LNT,01/05/2023,55.42,55.47,54.05,54.13,8671
LNT,01/04/2023,55.48,56.26,55.06,55.79,13249
LNT,01/03/2023,55.24,55.54,54.13,55.37,10874
LNT,12/30/2022,56.03,56.29,54.74,55.21,9834
LNT,12/29/2022,55.52,56.46,55.28,56.03,10001
LNT,12/28/2022,56.11,56.34,55.14,55.21,7338
LNT,12/27/2022,55.28,56.15,54.98,56.03,7186
LNT,12/23/2022,54.66,55.37,54.53,55.30,7926
LNT,12/22/2022,54.94,54.94,53.82,54.77,8300
LNT,12/21/2022,54.38,55.12,54.18,55.08,11168
LNT,12/20/2022,54.38,54.52,53.70,54.15,10880
LNT,12/19/2022,54.42,54.93,54.06,54.29,9719
LNT,12/16/2022,55.09,55.17,53.91,54.61,23917
LNT,12/15/2022,55.77,55.89,55.09,55.39,8021
LNT,12/14/2022,56.54,57.26,55.73,56.05,14001
LNT,12/13/2022,57.19,57.52,55.81,56.42,20182
LNT,12/12/2022,55.60,56.59,55.33,56.57,9316
LNT,12/09/2022,55.39,55.90,55.09,55.31,9847
LNT,12/08/2022,54.45,55.56,54.30,55.47,10918
LNT,12/07/2022,54.87,55.37,54.17,54.50,9340
LNT,12/06/2022,54.47,55.33,54.00,55.31,9854
LNT,12/05/2022,54.32,54.84,54.06,54.54,11748
LNT,12/02/2022,54.85,55.14,54.24,54.80,10986
LNT,12/01/2022,56.86,57.31,55.17,55.53,19136
LNT,11/30/2022,54.99,56.52,54.76,56.30,14260
LNT,11/29/2022,55.32,55.55,54.61,55.07,16132
LNT,11/28/2022,55.96,56.21,55.51,55.78,12293
LNT,11/25/2022,56.25,56.67,56.21,56.45,3188
LNT,11/23/2022,55.36,56.01,55.22,55.97,8635
LNT,11/22/2022,55.48,55.83,53.82,55.42,14032
LNT,11/21/2022,55.38,55.89,55.13,55.34,10523
LNT,11/18/2022,54.33,55.41,54.29,55.26,14738
LNT,11/17/2022,54.02,54.12,53.19,53.77,11129
LNT,11/16/2022,53.63,54.72,53.63,54.51,11420
LNT,11/15/2022,53.77,54.02,52.88,53.63,11477
LNT,11/14/2022,54.04,54.25,53.32,53.32,12173
LNT,11/11/2022,55.14,55.41,53.84,53.93,21193
LNT,11/10/2022,54.68,55.63,53.71,55.52,26701
LNT,11/09/2022,52.89,54.12,52.77,53.34,20307
LNT,11/08/2022,51.50,53.42,51.06,52.98,29073
LNT,11/07/2022,52.89,52.95,50.83,51.57,19398
LNT,11/04/2022,52.15,52.82,51.69,52.73,11985
LNT,11/03/2022,51.74,52.49,51.14,52.15,13496
LNT,11/02/2022,52.28,53.68,52.11,52.12,16742
LNT,11/01/2022,52.43,52.72,51.81,52.63,14952
LNT,10/31/2022,52.39,52.51,51.74,52.17,16201
LNT,10/28/2022,50.89,52.47,50.82,52.37,12784
LNT,10/27/2022,51.18,51.93,50.83,50.90,16579
LNT,10/26/2022,51.16,51.40,50.44,50.63,18600
LNT,10/25/2022,49.91,50.94,49.83,50.72,24080
LNT,10/24/2022,50.11,50.61,49.40,49.81,15268
LNT,10/21/2022,48.99,50.12,48.52,49.76,21531
LNT,10/20/2022,49.86,50.05,48.50,48.70,24901
LNT,10/19/2022,50.24,50.60,49.84,50.35,10561
LNT,10/18/2022,50.31,51.22,50.30,50.92,13591
LNT,10/17/2022,49.78,50.39,49.53,49.74,17075
LNT,10/14/2022,49.91,50.20,48.37,48.93,21924
LNT,10/13/2022,47.46,49.67,47.19,49.49,21126
LNT,10/12/2022,50.11,50.13,48.03,48.06,21475
LNT,10/11/2022,49.62,50.97,49.58,50.28,21946
LNT,10/10/2022,50.14,50.48,49.80,49.87,15902
LNT,10/07/2022,51.24,51.39,49.26,49.65,26055
LNT,10/06/2022,52.94,52.94,51.20,51.25,25354
LNT,10/05/2022,54.43,54.43,52.60,53.05,22222
LNT,10/04/2022,54.52,55.51,54.32,55.01,21719
LNT,10/03/2022,53.75,54.84,53.32,54.33,18351
LNT,09/30/2022,54.77,55.03,52.81,52.99,21517
LNT,09/29/2022,56.88,56.97,54.47,54.54,15355
LNT,09/28/2022,57.29,57.68,56.45,57.21,11837
LNT,09/27/2022,58.04,58.31,56.57,56.84,11626
LNT,09/26/2022,59.19,59.37,57.59,58.03,11014
LNT,09/23/2022,59.63,59.73,58.66,59.52,11181
LNT,09/22/2022,60.14,60.55,59.74,60.01,10343
LNT,09/21/2022,61.55,62.05,60.29,60.29,9523
LNT,09/20/2022,61.50,61.50,60.44,61.13,9960
LNT,09/19/2022,60.79,61.91,60.47,61.89,15366
LNT,09/16/2022,60.42,61.01,60.23,60.86,27268
LNT,09/15/2022,61.41,61.49,60.19,60.23,12499
LNT,09/14/2022,61.53,62.20,61.20,61.92,12730
LNT,09/13/2022,63.26,63.27,61.02,61.42,12433
LNT,09/12/2022,63.28,63.60,62.90,63.48,14822
LNT,09/09/2022,62.97,63.37,62.61,63.07,6353
LNT,09/08/2022,62.88,63.46,62.51,62.84,10283
LNT,09/07/2022,61.57,63.25,61.57,63.11,8547
LNT,09/06/2022,61.49,62.34,60.95,61.16,13852
LNT,09/02/2022,62.18,62.84,61.37,61.49,12950
LNT,09/01/2022,61.18,62.11,60.89,62.06,11053
LNT,08/31/2022,61.71,61.92,60.99,61.04,14060
LNT,08/30/2022,62.48,62.54,61.29,61.55,7669
LNT,08/29/2022,62.05,62.95,61.57,62.50,7803
LNT,08/26/2022,63.30,63.42,62.23,62.27,8201
LNT,08/25/2022,62.89,63.19,62.37,63.11,6468
LNT,08/24/2022,62.81,62.97,62.39,62.72,6776
LNT,08/23/2022,63.28,63.28,62.56,62.80,8496
LNT,08/22/2022,63.95,64.09,63.16,63.32,8945
LNT,08/19/2022,64.04,64.35,63.77,64.04,14191
LNT,08/18/2022,64.44,64.62,63.91,64.17,9854
LNT,08/17/2022,63.82,64.51,63.82,64.26,13738
LNT,08/16/2022,63.83,64.39,63.57,64.06,9786
LNT,08/15/2022,63.40,63.90,63.16,63.85,11508
LNT,08/12/2022,62.68,63.37,62.36,63.35,18519
LNT,08/11/2022,61.97,62.80,61.47,61.64,17629
LNT,08/10/2022,62.21,62.35,61.53,61.94,13546
LNT,08/09/2022,61.08,61.94,60.98,61.85,11971
LNT,08/08/2022,61.80,62.11,60.73,61.05,14073
LNT,08/05/2022,61.05,61.39,59.90,61.28,17756
LNT,08/04/2022,61.36,61.72,60.80,61.15,13058
LNT,08/03/2022,60.69,61.43,59.23,61.27,17250
LNT,08/02/2022,61.16,61.39,60.60,60.79,17065
LNT,08/01/2022,60.82,61.02,60.25,60.90,14195
LNT,07/29/2022,59.72,61.27,59.59,60.93,11126
LNT,07/28/2022,58.95,60.11,58.73,60.03,10398
LNT,07/27/2022,58.43,58.88,58.00,58.71,9598
LNT,07/26/2022,58.07,58.75,57.93,58.65,7849
LNT,07/25/2022,57.35,57.99,57.20,57.90,7910
LNT,07/22/2022,56.83,57.44,56.65,57.43,8708
LNT,07/21/2022,56.49,56.56,56.05,56.55,15963
LNT,07/20/2022,57.30,57.42,56.41,56.42,13228
LNT,07/19/2022,57.27,57.32,56.84,57.17,15622
LNT,07/18/2022,58.05,58.12,56.75,56.81,10719
LNT,07/15/2022,57.78,58.34,57.34,58.16,8121
LNT,07/14/2022,56.87,57.99,56.86,57.88,6986
LNT,07/13/2022,57.57,58.26,57.25,57.77,6832
LNT,07/12/2022,57.96,58.53,57.53,57.82,9615
LNT,07/11/2022,57.35,58.14,57.15,57.92,7938
LNT,07/08/2022,57.86,57.86,57.22,57.34,9038
LNT,07/07/2022,58.48,59.01,57.80,57.81,10302
LNT,07/06/2022,57.98,58.92,57.51,58.38,13950
LNT,07/05/2022,59.85,60.28,56.76,57.92,13826
LNT,07/01/2022,58.73,60.24,58.55,60.07,14084
LNT,06/30/2022,57.88,59.04,57.50,58.61,16558
LNT,06/29/2022,57.99,58.73,57.82,57.97,11834
LNT,06/28/2022,58.15,58.68,57.98,58.03,12203
LNT,06/27/2022,57.12,57.96,56.97,57.93,14650
LNT,06/24/2022,56.71,57.49,56.46,57.32,22714
LNT,06/23/2022,55.62,56.71,55.51,56.53,13546
LNT,06/22/2022,54.98,55.96,54.98,55.52,13663
LNT,06/21/2022,54.91,55.47,54.58,55.22,14541
LNT,06/17/2022,54.83,55.63,54.20,54.75,25296
LNT,06/16/2022,55.16,55.41,54.29,54.97,16458
LNT,06/15/2022,56.01,56.96,54.97,55.74,19434
LNT,06/14/2022,57.59,57.85,55.09,55.61,10553
LNT,06/13/2022,58.66,58.83,57.08,57.38,14068
LNT,06/10/2022,59.01,59.84,58.40,59.32,13374
LNT,06/09/2022,60.99,61.57,59.60,59.63,11057
LNT,06/08/2022,62.87,62.89,61.02,61.12,12782
LNT,06/07/2022,62.46,63.19,62.27,63.17,19180
LNT,06/06/2022,62.48,63.43,62.40,62.53,14592
LNT,06/03/2022,62.22,62.75,62.07,62.11,12075
LNT,06/02/2022,63.47,63.62,61.42,62.40,14855
LNT,06/01/2022,63.89,63.89,62.62,63.19,23392
LNT,05/31/2022,63.21,63.89,62.37,63.82,106371
LNT,05/27/2022,62.27,63.79,61.86,63.78,27311
LNT,05/26/2022,61.48,62.86,61.27,62.46,33325
LNT,05/25/2022,61.18,61.42,60.66,61.25,27506
LNT,05/24/2022,59.27,61.41,59.02,61.32,27537
LNT,05/23/2022,59.09,59.37,58.21,59.00,17562
LNT,05/20/2022,58.50,59.37,57.91,58.67,29755
LNT,05/19/2022,58.81,58.95,57.89,58.50,16973
LNT,05/18/2022,60.25,60.53,58.77,58.94,15641
LNT,05/17/2022,59.49,59.85,58.56,59.75,16382
LNT,05/16/2022,58.53,59.06,58.06,58.86,17182
LNT,05/13/2022,58.19,58.58,57.17,58.44,16035
LNT,05/12/2022,58.25,58.70,57.17,58.02,14292
LNT,05/11/2022,57.88,59.37,57.88,58.21,19421
LNT,05/10/2022,58.99,59.79,57.72,58.03,17016
LNT,05/09/2022,58.68,59.28,57.81,58.72,12165
LNT,05/06/2022,58.81,59.22,58.04,58.74,15417
LNT,05/05/2022,59.16,59.92,58.35,58.86,16694
LNT,05/04/2022,57.93,59.27,57.80,59.21,18966
LNT,05/03/2022,58.24,58.74,57.46,57.80,18936
LNT,05/02/2022,58.93,59.35,57.17,57.85,25933
LNT,04/29/2022,61.47,61.56,58.65,58.81,22235
LNT,04/28/2022,60.38,61.36,60.29,61.23,17142
LNT,04/27/2022,61.78,62.02,60.71,60.82,14244
LNT,04/26/2022,62.09,62.85,61.57,61.63,11855
LNT,04/25/2022,63.42,63.66,60.99,62.07,17487
LNT,04/22/2022,64.38,64.47,63.03,63.12,13992
LNT,04/21/2022,64.85,65.26,64.37,64.45,8841
LNT,04/20/2022,64.42,65.24,64.20,65.11,11294
LNT,04/19/2022,62.99,63.93,62.72,63.88,9588
LNT,04/18/2022,63.35,63.91,62.53,62.71,11023
LNT,04/14/2022,63.87,64.00,63.30,63.39,13283
LNT,04/13/2022,64.78,64.89,63.35,63.59,11868
LNT,04/12/2022,64.10,64.90,63.67,64.63,15095
LNT,04/11/2022,65.09,65.37,64.27,64.35,8562
LNT,04/08/2022,64.61,65.17,64.07,64.82,9598
LNT,04/07/2022,65.24,65.24,64.16,64.33,12083
LNT,04/06/2022,63.58,65.22,63.38,65.16,13840
LNT,04/05/2022,62.70,64.02,62.70,63.28,9470
LNT,04/04/2022,62.94,63.11,61.91,62.69,7352
LNT,04/01/2022,62.59,63.30,62.07,63.29,12710
LNT,03/31/2022,62.98,63.24,62.41,62.48,15109
LNT,03/30/2022,62.21,62.88,61.91,62.88,7075
LNT,03/29/2022,61.94,62.29,61.37,62.20,11835
LNT,03/28/2022,61.95,62.13,61.36,62.00,5031
LNT,03/25/2022,60.77,61.84,60.61,61.83,6862
LNT,03/24/2022,60.41,60.95,60.32,60.56,7886
LNT,03/23/2022,59.90,60.74,59.59,60.41,9662
LNT,03/22/2022,61.01,61.10,59.75,59.91,15026
LNT,03/21/2022,60.31,61.43,60.31,60.94,9445
LNT,03/18/2022,61.22,61.22,60.03,60.31,25790
LNT,03/17/2022,60.75,61.50,60.56,60.98,9720
LNT,03/16/2022,61.13,61.21,59.88,60.86,12508
LNT,03/15/2022,60.70,61.35,60.21,61.28,10492
LNT,03/14/2022,60.45,61.00,59.87,60.33,9053
LNT,03/11/2022,60.25,60.86,59.92,60.23,10328
LNT,03/10/2022,59.30,60.28,59.12,60.14,8207
LNT,03/09/2022,60.83,60.93,59.52,59.75,10288
LNT,03/08/2022,61.04,61.39,59.99,60.49,16129
LNT,03/07/2022,60.59,61.02,59.98,60.76,8774
LNT,03/04/2022,58.91,60.64,58.81,60.59,10026
LNT,03/03/2022,57.98,59.34,57.92,59.07,14057
LNT,03/02/2022,57.58,58.07,57.16,57.64,10670
LNT,03/01/2022,58.13,59.00,56.80,57.27,12212
LNT,02/28/2022,57.49,58.54,57.46,58.40,22999
LNT,02/25/2022,56.24,57.90,56.24,57.87,11801
LNT,02/24/2022,55.81,56.02,54.79,55.93,13109
LNT,02/23/2022,56.76,56.96,55.92,55.96,8948
LNT,02/22/2022,57.12,57.31,56.30,56.70,10297
LNT,02/18/2022,56.49,57.59,55.95,57.10,15407
LNT,02/17/2022,56.20,56.74,55.72,56.62,9759
LNT,02/16/2022,56.44,56.59,55.77,56.33,7780
LNT,02/15/2022,57.06,57.48,56.12,56.35,7947
LNT,02/14/2022,57.74,57.81,56.15,56.87,10026
