LOW,06/23/2023,213.92,216.00,213.10,215.39,3430
LOW,06/22/2023,214.48,215.37,211.62,214.82,27804
LOW,06/21/2023,215.64,215.81,213.86,214.25,33483
LOW,06/20/2023,215.71,216.75,214.42,215.46,30377
LOW,06/16/2023,219.04,219.49,216.85,217.08,67006
LOW,06/15/2023,215.80,219.60,215.79,218.93,31100
LOW,06/14/2023,216.90,218.28,213.75,214.86,30532
LOW,06/13/2023,214.66,217.48,214.09,217.35,29185
LOW,06/12/2023,210.20,213.85,209.20,213.36,23666
LOW,06/09/2023,211.26,211.49,208.77,209.12,20872
LOW,06/08/2023,212.00,213.79,210.26,210.46,23524
LOW,06/07/2023,208.60,211.85,208.00,211.21,32695
LOW,06/06/2023,205.83,208.50,205.63,207.16,27672
LOW,06/05/2023,208.49,208.54,206.27,206.78,24485
LOW,06/02/2023,206.00,210.30,205.50,209.81,27493
LOW,06/01/2023,200.73,204.74,197.48,203.92,27290
LOW,05/31/2023,202.55,204.12,199.50,201.13,37756
LOW,05/30/2023,207.00,207.44,203.78,205.70,25081
LOW,05/26/2023,202.06,206.78,201.22,206.52,30414
LOW,05/25/2023,203.00,204.01,200.90,201.04,29192
LOW,05/24/2023,207.74,208.92,202.10,203.63,28053
LOW,05/23/2023,203.15,209.75,202.44,206.65,62715
LOW,05/22/2023,206.70,208.37,202.91,203.15,35174
LOW,05/19/2023,208.34,208.53,204.94,206.27,26083
LOW,05/18/2023,207.83,209.26,205.50,209.16,22713
LOW,05/17/2023,199.26,207.43,198.75,207.20,37045
LOW,05/16/2023,196.02,199.96,193.59,199.22,46726
LOW,05/15/2023,202.45,202.95,199.35,201.55,29374
LOW,05/12/2023,203.09,204.50,201.25,203.26,22364
LOW,05/11/2023,204.00,204.44,201.84,203.30,30097
LOW,05/10/2023,207.89,208.76,201.98,204.32,27021
LOW,05/09/2023,204.10,207.18,203.24,207.12,22464
LOW,05/08/2023,205.60,206.12,203.03,204.05,15508
LOW,05/05/2023,204.05,206.52,203.31,205.81,23240
LOW,05/04/2023,205.24,206.63,201.27,202.80,22454
LOW,05/03/2023,206.38,210.32,205.15,205.31,23828
LOW,05/02/2023,207.99,208.50,203.24,205.97,21790
LOW,05/01/2023,207.56,208.92,207.14,208.22,22704
LOW,04/28/2023,205.05,207.88,204.34,207.83,24137
LOW,04/27/2023,201.10,204.83,200.63,204.53,24123
LOW,04/26/2023,205.19,205.71,200.10,200.80,33855
LOW,04/25/2023,211.12,211.24,205.78,205.88,27236
LOW,04/24/2023,210.66,212.03,210.09,211.04,27164
LOW,04/21/2023,211.94,212.50,210.01,211.04,28356
LOW,04/20/2023,208.50,212.37,208.45,209.76,29411
LOW,04/19/2023,207.13,209.05,206.26,208.83,24867
LOW,04/18/2023,206.28,208.63,205.75,208.10,26269
LOW,04/17/2023,202.50,205.03,202.41,205.00,24127
LOW,04/14/2023,201.52,203.88,201.10,202.18,20230
LOW,04/13/2023,199.77,201.84,196.24,201.47,26752
LOW,04/12/2023,203.26,204.71,199.41,199.77,25370
LOW,04/11/2023,201.00,202.94,200.76,201.34,24574
LOW,04/10/2023,197.60,201.17,196.21,199.78,22963
LOW,04/06/2023,197.87,199.48,195.50,198.57,22232
LOW,04/05/2023,202.92,203.35,198.65,199.43,24159
LOW,04/04/2023,203.63,204.28,200.75,203.00,24710
LOW,04/03/2023,201.07,204.23,200.97,203.99,34361
LOW,03/31/2023,194.09,200.23,193.65,199.97,30693
LOW,03/30/2023,194.86,195.20,192.30,192.65,21368
LOW,03/29/2023,190.95,191.99,190.00,191.94,24348
LOW,03/28/2023,190.46,192.44,189.62,190.15,18687
LOW,03/27/2023,190.18,191.94,188.90,190.53,24869
LOW,03/24/2023,188.75,190.27,187.44,189.46,26765
LOW,03/23/2023,192.79,193.10,188.07,189.69,33285
LOW,03/22/2023,196.90,197.49,191.36,191.57,30621
LOW,03/21/2023,198.50,198.77,195.18,196.79,29321
LOW,03/20/2023,197.33,197.89,195.41,196.79,24049
LOW,03/17/2023,201.30,201.30,195.79,197.36,66528
LOW,03/16/2023,197.73,200.08,196.44,199.67,31459
LOW,03/15/2023,196.23,200.45,194.61,198.59,36825
LOW,03/14/2023,199.79,200.09,193.82,196.83,39054
LOW,03/13/2023,195.00,201.39,194.73,197.55,31015
LOW,03/10/2023,199.10,201.69,196.09,196.66,29851
LOW,03/09/2023,202.25,204.05,198.54,199.05,24395
LOW,03/08/2023,198.43,202.08,197.69,201.14,25814
LOW,03/07/2023,202.49,202.49,197.26,197.41,32691
LOW,03/06/2023,200.58,203.71,200.06,201.57,31564
LOW,03/03/2023,195.80,200.55,195.06,199.73,34249
LOW,03/02/2023,192.03,195.45,192.03,195.10,38954
LOW,03/01/2023,204.02,205.64,191.27,194.31,97250
LOW,02/28/2023,203.30,208.28,203.30,205.75,43508
LOW,02/27/2023,204.00,206.49,203.44,204.24,27618
LOW,02/24/2023,199.49,202.59,198.46,201.54,21614
LOW,02/23/2023,202.55,203.75,199.13,202.21,23309
LOW,02/22/2023,201.36,204.44,200.06,202.63,26664
LOW,02/21/2023,205.39,206.90,201.22,201.85,39333
LOW,02/17/2023,213.24,213.71,208.90,212.75,31485
LOW,02/16/2023,210.20,216.07,209.62,214.01,24756
LOW,02/15/2023,212.05,215.50,211.27,215.03,18435
LOW,02/14/2023,212.01,215.12,211.14,213.76,23123
LOW,02/13/2023,209.30,214.30,207.43,214.14,23363
LOW,02/10/2023,207.46,208.93,206.33,208.78,18330
LOW,02/09/2023,214.77,215.24,207.96,208.64,21832
LOW,02/08/2023,213.93,214.21,211.07,212.76,24167
LOW,02/07/2023,211.91,215.57,210.42,214.73,25494
LOW,02/06/2023,215.18,216.84,214.06,215.87,21708
LOW,02/03/2023,217.14,218.39,214.82,215.97,30297
LOW,02/02/2023,216.50,223.31,215.98,221.56,41181
LOW,02/01/2023,207.93,215.14,204.39,213.56,33504
LOW,01/31/2023,203.27,208.33,202.50,208.25,34021
LOW,01/30/2023,201.97,204.56,201.15,201.91,27826
LOW,01/27/2023,201.15,203.42,200.44,202.49,28674
LOW,01/26/2023,205.75,208.77,201.64,201.81,32920
LOW,01/25/2023,204.52,206.29,201.84,206.11,22502
LOW,01/24/2023,202.61,206.58,202.61,206.41,27032
LOW,01/23/2023,203.48,206.91,201.79,205.11,34111
LOW,01/20/2023,200.54,204.99,198.67,204.53,34809
LOW,01/19/2023,207.04,207.90,201.19,202.13,34469
LOW,01/18/2023,210.72,214.18,208.11,208.50,33501
LOW,01/17/2023,212.17,214.98,209.25,209.52,29218
LOW,01/13/2023,207.81,213.56,207.81,212.16,38648
LOW,01/12/2023,210.05,211.57,206.59,210.26,26785
LOW,01/11/2023,203.05,208.72,202.15,208.59,27554
LOW,01/10/2023,199.92,201.67,198.54,201.40,21368
LOW,01/09/2023,202.42,204.13,199.34,199.44,27222
LOW,01/06/2023,199.97,201.79,194.45,200.97,31214
LOW,01/05/2023,199.30,201.44,197.48,200.77,19418
LOW,01/04/2023,201.39,202.35,197.51,201.39,25030
LOW,01/03/2023,201.16,202.30,197.14,199.04,25886
LOW,12/30/2022,200.03,200.50,197.21,199.24,21487
LOW,12/29/2022,201.68,203.12,201.30,202.26,12638
LOW,12/28/2022,201.96,203.50,199.63,200.06,14062
LOW,12/27/2022,201.69,203.99,201.31,201.71,20714
LOW,12/23/2022,198.42,202.32,197.02,201.88,14647
LOW,12/22/2022,198.52,200.23,195.27,199.15,24050
LOW,12/21/2022,202.93,203.62,200.27,202.43,23257
LOW,12/20/2022,200.59,202.13,197.69,200.86,23580
LOW,12/19/2022,205.35,205.94,201.99,203.17,24245
LOW,12/16/2022,206.10,207.36,203.32,206.14,89019
LOW,12/15/2022,208.61,209.72,205.49,208.02,33205
LOW,12/14/2022,210.95,216.63,210.06,212.11,36232
LOW,12/13/2022,215.00,217.83,208.92,211.22,41461
LOW,12/12/2022,202.59,205.10,201.04,205.08,26868
LOW,12/09/2022,200.28,204.61,200.20,201.77,32038
LOW,12/08/2022,205.00,206.41,202.46,203.56,31364
LOW,12/07/2022,203.48,209.99,202.26,206.89,39414
LOW,12/06/2022,205.21,205.71,199.00,201.91,35801
LOW,12/05/2022,210.91,211.61,205.40,206.18,32882
LOW,12/02/2022,212.40,216.60,211.50,214.84,32272
LOW,12/01/2022,214.80,216.72,212.71,215.48,27103
LOW,11/30/2022,206.11,212.97,203.25,212.55,42098
LOW,11/29/2022,208.00,208.65,206.62,207.47,19798
LOW,11/28/2022,210.39,211.47,208.52,209.04,21938
LOW,11/25/2022,211.36,211.83,210.01,210.97,9756
LOW,11/23/2022,215.23,215.70,210.02,211.02,25257
LOW,11/22/2022,211.65,215.53,211.07,214.47,27677
LOW,11/21/2022,210.13,210.81,208.23,210.27,23227
LOW,11/18/2022,211.82,211.84,206.41,209.93,25797
LOW,11/17/2022,212.50,212.99,205.37,208.40,34922
LOW,11/16/2022,212.92,221.42,211.60,215.13,81515
LOW,11/15/2022,207.47,211.25,203.82,208.84,50973
LOW,11/14/2022,208.43,210.47,204.23,204.66,41626
LOW,11/11/2022,205.09,211.26,204.51,209.02,42588
LOW,11/10/2022,197.20,204.74,195.30,204.32,47873
LOW,11/09/2022,187.31,191.27,186.31,186.63,30068
LOW,11/08/2022,188.06,190.01,185.78,188.36,28789
LOW,11/07/2022,183.57,187.80,181.04,186.56,27078
LOW,11/04/2022,181.16,187.85,178.30,182.15,45974
LOW,11/03/2022,180.36,182.86,178.71,179.82,41563
LOW,11/02/2022,193.19,194.68,185.53,185.71,45024
LOW,11/01/2022,198.38,199.74,192.28,193.55,32555
LOW,10/31/2022,196.99,197.97,194.36,194.95,34941
LOW,10/28/2022,193.50,199.74,192.85,198.73,32714
LOW,10/27/2022,195.24,196.48,192.53,193.66,24415
LOW,10/26/2022,194.23,195.61,191.28,193.55,25123
LOW,10/25/2022,189.90,195.08,188.89,193.85,32247
LOW,10/24/2022,183.58,188.51,183.58,187.61,36963
LOW,10/21/2022,178.14,182.67,176.50,182.37,33986
LOW,10/20/2022,183.39,185.40,177.47,178.30,40721
LOW,10/19/2022,187.28,188.47,180.22,183.94,53619
LOW,10/18/2022,196.20,198.57,192.56,193.20,37945
LOW,10/17/2022,192.25,195.22,192.09,194.09,35016
LOW,10/14/2022,194.84,196.96,188.73,188.96,30377
LOW,10/13/2022,189.83,194.93,185.48,193.16,48347
LOW,10/12/2022,197.79,198.38,193.78,193.87,23336
LOW,10/11/2022,194.94,198.37,193.97,196.43,25062
LOW,10/10/2022,195.64,196.96,192.71,194.90,24405
LOW,10/07/2022,198.02,198.51,195.34,197.21,28412
LOW,10/06/2022,198.45,202.29,198.32,199.98,29041
LOW,10/05/2022,195.32,200.32,194.00,199.03,31685
LOW,10/04/2022,196.97,199.66,196.33,197.42,39458
LOW,10/03/2022,191.48,195.80,191.03,193.92,42974
LOW,09/30/2022,189.24,191.08,185.96,187.81,44254
LOW,09/29/2022,192.00,192.43,188.81,190.46,36197
LOW,09/28/2022,192.62,195.47,190.14,194.53,48332
LOW,09/27/2022,187.94,190.85,186.21,187.67,36498
LOW,09/26/2022,188.00,190.00,185.69,186.02,29113
LOW,09/23/2022,187.04,189.16,185.56,188.13,30009
LOW,09/22/2022,188.00,189.78,186.51,188.12,28351
LOW,09/21/2022,191.91,194.81,188.32,188.36,28318
LOW,09/20/2022,192.62,194.18,188.68,190.41,35796
LOW,09/19/2022,190.91,195.90,190.67,195.10,32212
LOW,09/16/2022,189.49,193.07,188.75,191.81,96366
LOW,09/15/2022,193.32,194.49,190.01,191.04,32668
LOW,09/14/2022,194.55,195.22,190.21,192.39,39235
LOW,09/13/2022,202.27,202.89,192.95,193.63,43115
LOW,09/12/2022,205.91,209.41,205.50,206.40,31893
LOW,09/09/2022,203.98,206.53,203.32,205.65,30217
LOW,09/08/2022,200.01,204.51,198.73,204.38,35356
LOW,09/07/2022,193.71,201.94,193.58,201.30,38531
LOW,09/06/2022,196.17,196.81,191.25,192.96,31126
LOW,09/02/2022,197.40,199.03,194.29,195.51,30816
LOW,09/01/2022,193.79,195.95,192.61,195.76,34068
LOW,08/31/2022,197.10,197.43,194.00,194.14,51439
LOW,08/30/2022,202.46,203.30,196.41,197.22,33134
LOW,08/29/2022,200.12,203.61,199.08,201.07,32722
LOW,08/26/2022,211.73,212.63,200.94,200.99,33023
LOW,08/25/2022,208.59,211.17,207.95,210.96,25906
LOW,08/24/2022,206.81,210.55,205.78,208.41,26258
LOW,08/23/2022,210.00,211.36,207.28,207.47,24659
LOW,08/22/2022,208.71,212.58,208.48,209.99,34896
LOW,08/19/2022,215.50,215.84,209.85,211.36,33472
LOW,08/18/2022,215.39,218.09,214.57,216.47,29472
LOW,08/17/2022,212.50,221.19,211.50,215.37,80762
LOW,08/16/2022,206.66,217.39,206.50,214.12,58234
LOW,08/15/2022,206.00,209.02,204.90,208.04,34410
LOW,08/12/2022,203.35,206.60,201.73,206.47,29048
LOW,08/11/2022,200.96,204.29,200.07,202.18,31697
LOW,08/10/2022,199.27,201.66,198.60,201.43,40853
LOW,08/09/2022,200.53,200.75,193.72,195.20,38939
LOW,08/08/2022,200.00,204.31,199.78,201.84,30275
LOW,08/05/2022,195.89,199.23,195.33,199.08,24031
LOW,08/04/2022,195.76,199.05,195.42,197.16,35342
LOW,08/03/2022,190.09,195.98,189.63,195.42,32616
LOW,08/02/2022,193.27,193.40,187.87,187.95,33552
LOW,08/01/2022,191.55,195.26,191.28,194.09,33226
LOW,07/29/2022,189.81,192.49,188.72,191.53,44550
LOW,07/28/2022,187.85,191.72,183.74,190.80,60191
LOW,07/27/2022,188.60,190.89,183.70,189.92,37077
LOW,07/26/2022,188.43,190.97,187.61,188.60,35668
LOW,07/25/2022,195.85,195.85,193.17,194.80,24270
LOW,07/22/2022,195.00,199.12,194.24,195.58,33230
LOW,07/21/2022,191.24,193.78,189.42,193.56,32562
LOW,07/20/2022,188.39,191.44,187.99,191.03,24103
LOW,07/19/2022,186.57,189.56,184.82,188.78,26826
LOW,07/18/2022,186.66,189.08,185.19,185.79,29578
LOW,07/15/2022,185.71,186.14,183.96,185.00,27810
LOW,07/14/2022,179.41,182.95,178.69,182.66,29376
LOW,07/13/2022,178.77,183.77,177.55,182.37,29297
LOW,07/12/2022,182.05,185.40,180.10,181.00,31836
LOW,07/11/2022,181.64,183.00,179.66,180.11,22814
LOW,07/08/2022,180.90,182.96,179.42,181.63,20090
LOW,07/07/2022,179.87,182.08,178.83,181.57,29087
LOW,07/06/2022,180.78,182.95,177.44,179.06,21755
LOW,07/05/2022,175.05,179.94,174.48,179.88,32201
LOW,07/01/2022,175.83,178.59,174.64,177.36,30728
LOW,06/30/2022,172.04,176.08,170.76,174.67,44150
LOW,06/29/2022,174.97,177.39,174.16,176.10,27864
LOW,06/28/2022,184.48,185.61,174.57,174.72,49588
LOW,06/27/2022,183.00,185.32,182.13,184.22,28107
LOW,06/24/2022,177.76,182.94,177.13,182.84,49821
LOW,06/23/2022,174.52,176.44,173.60,176.33,36018
LOW,06/22/2022,171.07,175.37,170.12,173.60,43966
LOW,06/21/2022,176.09,176.42,171.39,172.38,47409
LOW,06/17/2022,170.89,175.28,170.14,172.47,81811
LOW,06/16/2022,174.50,174.93,170.48,171.61,54906
LOW,06/15/2022,179.60,181.02,176.30,179.01,40933
LOW,06/14/2022,180.83,182.86,176.43,177.94,40373
LOW,06/13/2022,182.37,184.50,180.11,181.26,38668
LOW,06/10/2022,188.88,192.24,186.15,186.33,35466
LOW,06/09/2022,192.11,198.74,191.90,194.28,29798
LOW,06/08/2022,194.27,194.71,191.38,192.45,27545
LOW,06/07/2022,190.26,196.20,189.01,195.65,32176
LOW,06/06/2022,196.00,198.78,194.20,196.77,26667
LOW,06/03/2022,193.97,197.95,193.25,195.45,22611
LOW,06/02/2022,192.56,196.22,191.75,196.13,33451
LOW,06/01/2022,196.39,197.14,191.64,191.72,32599
LOW,05/31/2022,197.60,198.75,194.39,195.30,45006
LOW,05/27/2022,196.72,199.66,195.87,199.63,27551
LOW,05/26/2022,191.00,197.05,190.28,195.53,33210
LOW,05/25/2022,182.60,189.89,182.26,188.55,39434
LOW,05/24/2022,185.19,187.80,182.39,184.62,44857
LOW,05/23/2022,186.50,186.83,181.39,186.25,35104
LOW,05/20/2022,188.93,189.26,179.22,184.69,56995
LOW,05/19/2022,182.68,191.81,182.68,187.86,50958
LOW,05/18/2022,188.00,191.46,179.76,183.82,78199
LOW,05/17/2022,199.00,199.47,187.87,194.03,81857
LOW,05/16/2022,192.57,196.22,189.50,194.73,44031
LOW,05/13/2022,191.27,197.41,190.35,194.00,28995
LOW,05/12/2022,187.87,194.84,187.23,191.70,42907
LOW,05/11/2022,192.84,195.19,187.30,187.77,45108
LOW,05/10/2022,198.11,199.04,190.25,192.13,36291
LOW,05/09/2022,189.59,198.47,188.25,196.07,39929
LOW,05/06/2022,194.17,195.45,189.66,192.29,38962
LOW,05/05/2022,203.91,204.61,193.52,195.92,42196
LOW,05/04/2022,200.73,207.96,198.25,207.16,44362
LOW,05/03/2022,202.47,204.93,200.21,201.63,29885
LOW,05/02/2022,198.25,204.65,197.72,203.14,36802
LOW,04/29/2022,203.49,205.18,197.08,197.73,41775
LOW,04/28/2022,201.62,207.15,200.03,205.14,32299
LOW,04/27/2022,199.25,203.46,198.97,199.57,30221
LOW,04/26/2022,199.20,204.37,198.24,199.59,39540
LOW,04/25/2022,196.41,200.74,194.67,200.38,38917
LOW,04/22/2022,204.12,204.31,196.10,197.06,41406
LOW,04/21/2022,210.42,210.85,204.28,205.03,36978
LOW,04/20/2022,205.84,210.06,205.19,208.74,38134
LOW,04/19/2022,198.17,203.51,197.70,203.04,33466
LOW,04/18/2022,200.62,202.00,197.33,198.52,37512
LOW,04/14/2022,206.23,207.30,201.03,201.28,39664
LOW,04/13/2022,203.63,206.85,203.22,205.51,27778
LOW,04/12/2022,209.20,210.59,203.40,204.14,43535
LOW,04/11/2022,204.43,208.45,203.35,204.59,35654
LOW,04/08/2022,201.03,207.72,200.54,206.66,50221
LOW,04/07/2022,199.11,204.20,197.55,202.64,43980
LOW,04/06/2022,200.47,202.85,196.64,200.65,63479
LOW,04/05/2022,203.60,208.14,201.67,204.87,47003
LOW,04/04/2022,200.93,204.26,199.77,204.12,49686
LOW,04/01/2022,203.00,204.16,201.40,202.40,47915
LOW,03/31/2022,205.75,208.74,201.99,202.19,72400
LOW,03/30/2022,215.38,217.15,208.93,209.49,70677
LOW,03/29/2022,218.71,221.34,216.54,219.57,48326
LOW,03/28/2022,211.38,213.90,207.42,213.78,64690
LOW,03/25/2022,220.52,220.96,211.39,212.92,64924
LOW,03/24/2022,220.83,221.96,217.96,219.17,33932
LOW,03/23/2022,227.00,227.95,219.83,220.92,36975
LOW,03/22/2022,227.65,229.87,225.36,228.47,31132
LOW,03/21/2022,236.50,238.37,225.69,227.60,43100
LOW,03/18/2022,233.71,236.26,229.93,235.67,88985
LOW,03/17/2022,230.00,234.41,228.32,234.38,33053
LOW,03/16/2022,233.13,234.43,226.79,231.33,34194
LOW,03/15/2022,227.80,232.35,227.51,231.07,34062
LOW,03/14/2022,223.98,227.71,221.08,226.51,36073
LOW,03/11/2022,223.90,227.56,221.99,222.21,25763
LOW,03/10/2022,222.77,224.39,219.09,224.17,32811
LOW,03/09/2022,227.98,230.28,225.59,225.88,31203
LOW,03/08/2022,222.26,229.62,222.08,223.26,37204
LOW,03/07/2022,224.03,227.98,222.08,222.26,40145
LOW,03/04/2022,224.58,226.69,221.75,224.07,31197
LOW,03/03/2022,229.12,230.72,225.06,226.28,31284
LOW,03/02/2022,220.60,230.01,220.11,228.66,44930
LOW,03/01/2022,221.38,224.44,220.23,221.50,39525
LOW,02/28/2022,217.26,221.30,215.82,221.06,51750
LOW,02/25/2022,214.27,219.69,210.21,219.18,45976
LOW,02/24/2022,209.18,214.26,206.24,213.41,57475
LOW,02/23/2022,221.75,227.75,214.13,215.09,88162
LOW,02/22/2022,217.32,221.45,210.76,214.59,75756
LOW,02/18/2022,222.95,225.72,220.42,222.69,42382
LOW,02/17/2022,225.93,227.22,223.25,223.79,24820
LOW,02/16/2022,226.52,228.17,223.51,227.01,24576
LOW,02/15/2022,228.31,230.06,226.98,228.10,18398
LOW,02/14/2022,223.77,227.02,223.12,225.95,20134
