LSI,06/23/2023,127.68,129.18,127.68,128.40,267
LSI,06/22/2023,130.83,130.83,127.28,128.04,1920
LSI,06/21/2023,128.48,130.62,127.01,130.38,3461
LSI,06/20/2023,128.85,129.37,127.03,128.28,7835
LSI,06/16/2023,130.77,131.47,129.03,129.78,7837
LSI,06/15/2023,128.00,130.85,127.50,130.22,4918
LSI,06/14/2023,128.48,129.42,127.80,127.97,4540
LSI,06/13/2023,127.07,129.58,125.91,128.71,5043
LSI,06/12/2023,127.65,128.84,125.37,128.53,3884
LSI,06/09/2023,129.09,129.09,126.48,127.70,5141
LSI,06/08/2023,131.03,131.71,128.42,129.14,5799
LSI,06/07/2023,127.31,132.46,126.27,132.00,6561
LSI,06/06/2023,127.79,128.32,126.04,126.59,6412
LSI,06/05/2023,128.49,129.76,127.48,127.64,4593
LSI,06/02/2023,127.35,129.78,126.63,129.06,6797
LSI,06/01/2023,126.75,127.45,124.86,126.54,4804
LSI,05/31/2023,129.51,130.13,126.58,127.39,7929
LSI,05/30/2023,130.05,131.48,128.35,129.18,5733
LSI,05/26/2023,128.96,129.65,127.89,129.48,3438
LSI,05/25/2023,130.21,130.21,127.65,128.53,5874
LSI,05/24/2023,130.17,131.50,128.72,129.48,7263
LSI,05/23/2023,131.04,131.77,130.41,130.65,2328
LSI,05/22/2023,131.25,131.95,129.94,131.27,8272
LSI,05/19/2023,132.56,132.84,130.30,130.65,6802
LSI,05/18/2023,130.88,132.15,130.75,131.60,2452
LSI,05/17/2023,132.09,132.80,130.78,131.40,6098
LSI,05/16/2023,134.15,134.18,131.46,131.48,3356
LSI,05/15/2023,135.61,135.89,133.73,134.21,6998
LSI,05/12/2023,134.63,135.34,133.64,135.31,2602
LSI,05/11/2023,137.31,137.79,134.01,134.52,6884
LSI,05/10/2023,138.91,139.23,136.77,138.07,10815
LSI,05/09/2023,137.50,138.47,135.44,138.17,11902
LSI,05/08/2023,134.94,138.60,134.94,138.15,6189
LSI,05/05/2023,132.98,136.42,132.97,136.27,11386
LSI,05/04/2023,130.55,133.81,130.36,132.91,7168
LSI,05/03/2023,132.41,132.97,128.71,130.19,16439
LSI,05/02/2023,133.37,134.34,132.10,133.34,7706
LSI,05/01/2023,134.23,134.72,132.88,134.46,3802
LSI,04/28/2023,133.61,134.96,132.66,134.38,4879
LSI,04/27/2023,131.78,133.58,131.78,133.13,3992
LSI,04/26/2023,132.38,133.47,131.27,131.75,4186
LSI,04/25/2023,133.64,134.43,132.45,132.45,7898
LSI,04/24/2023,133.55,134.26,132.75,133.92,5380
LSI,04/21/2023,134.27,134.97,132.69,132.94,9669
LSI,04/20/2023,134.73,135.01,132.51,133.72,10080
LSI,04/19/2023,136.41,137.13,134.64,134.72,11387
LSI,04/18/2023,137.47,138.07,134.69,136.68,13369
LSI,04/17/2023,137.26,138.33,135.68,137.83,9214
LSI,04/14/2023,140.31,142.29,136.33,137.00,14991
LSI,04/13/2023,142.71,143.68,138.01,140.22,14578
LSI,04/12/2023,146.44,146.66,144.47,144.55,12144
LSI,04/11/2023,145.38,146.01,144.53,145.42,12989
LSI,04/10/2023,142.92,145.12,142.08,145.08,13970
LSI,04/06/2023,141.58,143.84,140.46,143.73,15451
LSI,04/05/2023,141.44,142.13,139.38,140.79,15188
LSI,04/04/2023,136.02,141.46,136.02,140.88,42481
LSI,04/03/2023,133.86,136.86,132.17,135.73,115706
LSI,03/31/2023,129.13,131.21,128.64,131.09,8754
LSI,03/30/2023,128.21,128.97,127.59,128.22,6213
LSI,03/29/2023,125.62,127.31,125.33,127.15,6238
LSI,03/28/2023,123.98,125.38,123.58,124.46,6169
LSI,03/27/2023,125.95,126.95,124.87,125.13,6221
LSI,03/24/2023,122.43,125.68,122.40,125.45,12449
LSI,03/23/2023,123.31,125.29,122.47,122.91,9577
LSI,03/22/2023,122.86,129.99,120.22,122.69,22739
LSI,03/21/2023,126.13,126.86,122.04,123.88,9827
LSI,03/20/2023,121.77,125.85,121.18,125.78,12597
LSI,03/17/2023,119.51,122.70,119.27,121.19,17241
LSI,03/16/2023,117.90,120.88,116.74,120.09,10081
LSI,03/15/2023,119.29,120.06,116.96,118.40,10620
LSI,03/14/2023,121.13,121.60,118.35,120.28,15074
LSI,03/13/2023,117.37,121.67,117.37,118.94,17560
LSI,03/10/2023,125.48,125.50,117.96,117.99,8823
LSI,03/09/2023,127.94,129.06,125.13,125.27,4496
LSI,03/08/2023,127.79,129.38,127.34,127.72,6476
LSI,03/07/2023,128.30,129.00,127.02,127.80,7278
LSI,03/06/2023,127.65,128.66,126.85,128.57,7114
LSI,03/03/2023,125.72,128.46,125.72,127.37,16776
LSI,03/02/2023,121.92,125.41,121.54,124.74,14190
LSI,03/01/2023,119.97,122.62,119.03,122.00,14050
LSI,02/28/2023,120.14,123.04,120.10,120.52,13566
LSI,02/27/2023,120.59,121.81,119.88,120.46,7825
LSI,02/24/2023,120.81,121.73,118.94,119.31,13945
LSI,02/23/2023,121.80,122.91,120.60,121.95,9348
LSI,02/22/2023,123.61,124.45,119.91,121.69,18474
LSI,02/21/2023,122.85,124.48,122.35,123.97,11584
LSI,02/17/2023,121.56,123.69,121.32,123.11,16419
LSI,02/16/2023,121.74,124.07,121.60,122.22,10067
LSI,02/15/2023,122.99,123.38,122.12,123.08,12087
LSI,02/14/2023,124.13,125.78,122.87,123.65,15818
LSI,02/13/2023,123.11,125.92,122.29,124.52,9676
LSI,02/10/2023,121.77,124.18,121.27,123.11,16095
LSI,02/09/2023,122.14,123.94,121.27,122.34,22822
LSI,02/08/2023,120.63,123.01,119.81,122.03,20460
LSI,02/07/2023,120.71,123.01,120.12,121.80,21540
LSI,02/06/2023,123.01,125.06,121.82,123.05,43020
LSI,02/03/2023,110.28,110.79,108.93,110.58,4653
LSI,02/02/2023,109.40,112.78,109.26,111.78,5956
LSI,02/01/2023,107.74,109.01,106.13,108.19,4180
LSI,01/31/2023,104.46,108.41,104.39,108.04,8225
LSI,01/30/2023,105.10,106.29,104.20,104.44,4254
LSI,01/27/2023,104.99,106.56,104.67,106.00,3705
LSI,01/26/2023,103.99,105.03,103.17,105.00,4335
LSI,01/25/2023,102.46,103.74,101.90,103.50,6651
LSI,01/24/2023,101.98,103.84,101.17,102.73,8881
LSI,01/23/2023,101.92,102.40,100.76,101.82,7033
LSI,01/20/2023,101.00,101.74,99.74,101.60,6851
LSI,01/19/2023,100.49,101.78,100.31,101.08,3822
LSI,01/18/2023,102.72,103.97,100.89,101.16,6343
LSI,01/17/2023,102.07,103.26,101.51,102.81,5760
LSI,01/13/2023,102.45,103.08,100.50,101.57,19013
LSI,01/12/2023,102.92,103.67,101.88,103.44,4861
LSI,01/11/2023,99.25,103.29,99.12,103.09,5852
LSI,01/10/2023,98.57,99.11,97.07,98.01,6799
LSI,01/09/2023,96.38,99.52,95.86,99.00,7190
LSI,01/06/2023,95.36,96.94,95.13,96.32,4702
LSI,01/05/2023,95.70,95.75,94.02,95.23,6863
LSI,01/04/2023,97.06,98.42,96.00,96.60,7864
LSI,01/03/2023,99.00,99.46,95.18,96.22,6086
LSI,12/30/2022,99.24,100.01,97.56,98.50,4249
LSI,12/29/2022,98.95,100.55,98.92,99.94,6245
LSI,12/28/2022,100.60,101.13,98.42,98.42,2565
LSI,12/27/2022,99.83,100.28,98.77,100.15,4714
LSI,12/23/2022,98.26,100.10,97.67,99.88,5779
LSI,12/22/2022,99.45,99.60,96.95,98.54,5587
LSI,12/21/2022,100.20,101.18,99.25,100.06,7476
LSI,12/20/2022,98.67,100.36,97.68,99.46,6510
LSI,12/19/2022,101.02,101.02,98.30,99.25,6354
LSI,12/16/2022,103.58,103.58,98.80,101.13,14739
LSI,12/15/2022,104.73,105.49,103.37,104.86,8981
LSI,12/14/2022,107.33,108.66,105.73,105.87,8134
LSI,12/13/2022,110.09,110.70,106.72,107.49,7350
LSI,12/12/2022,107.60,107.94,106.58,107.14,5974
LSI,12/09/2022,107.12,108.26,106.59,107.25,5020
LSI,12/08/2022,105.20,108.56,105.20,107.19,6556
LSI,12/07/2022,104.39,106.88,104.34,104.97,7742
LSI,12/06/2022,104.74,105.37,103.13,104.53,9414
LSI,12/05/2022,105.05,106.53,104.72,104.97,8902
LSI,12/02/2022,105.30,106.66,104.44,105.80,7468
LSI,12/01/2022,108.19,109.10,104.58,106.23,5332
LSI,11/30/2022,102.74,107.51,102.67,107.49,10618
LSI,11/29/2022,102.57,103.64,102.30,103.47,10626
LSI,11/28/2022,105.97,106.37,101.76,102.56,9887
LSI,11/25/2022,106.84,106.95,105.75,106.37,2485
LSI,11/23/2022,107.00,107.69,105.78,106.24,3668
LSI,11/22/2022,107.43,107.60,106.06,107.30,4226
LSI,11/21/2022,106.88,108.12,106.00,107.23,2349
LSI,11/18/2022,106.54,107.73,105.69,107.48,5678
LSI,11/17/2022,105.52,105.94,104.05,105.26,2323
LSI,11/16/2022,105.95,107.39,105.55,106.30,2597
LSI,11/15/2022,107.80,107.89,105.11,106.25,5849
LSI,11/14/2022,107.16,107.66,106.11,106.30,5963
LSI,11/11/2022,108.99,109.86,106.11,106.99,6929
LSI,11/10/2022,105.22,109.35,105.22,109.20,4111
LSI,11/09/2022,102.97,103.97,101.48,101.57,3099
LSI,11/08/2022,101.74,104.24,101.74,102.75,4151
LSI,11/07/2022,103.73,104.64,100.03,101.46,6441
LSI,11/04/2022,103.18,103.59,100.15,103.40,7606
LSI,11/03/2022,98.11,104.46,97.50,102.67,12608
LSI,11/02/2022,108.93,109.03,101.32,101.97,10813
LSI,11/01/2022,111.30,111.88,109.30,110.27,4390
LSI,10/31/2022,110.45,112.30,109.94,110.61,8447
LSI,10/28/2022,105.50,112.10,105.43,111.56,5961
LSI,10/27/2022,107.35,107.76,105.46,106.02,5465
LSI,10/26/2022,105.71,107.80,105.65,106.35,7647
LSI,10/25/2022,101.05,106.23,101.05,106.18,5347
LSI,10/24/2022,103.36,103.97,101.00,101.17,4861
LSI,10/21/2022,102.75,102.80,100.36,102.23,4793
LSI,10/20/2022,103.35,104.66,102.10,102.72,5104
LSI,10/19/2022,104.99,105.66,102.69,103.03,5595
LSI,10/18/2022,105.97,107.52,105.00,106.48,4945
LSI,10/17/2022,102.37,105.48,101.83,104.61,7030
LSI,10/14/2022,104.80,105.20,100.39,100.55,5580
LSI,10/13/2022,100.82,104.19,99.78,103.52,6039
LSI,10/12/2022,105.64,106.21,103.89,103.91,5688
LSI,10/11/2022,103.52,105.99,103.20,105.71,6770
LSI,10/10/2022,103.93,104.53,103.24,103.99,4844
LSI,10/07/2022,107.68,108.28,102.76,103.63,7215
LSI,10/06/2022,112.53,112.80,108.14,108.27,4850
LSI,10/05/2022,111.33,112.38,108.55,112.18,8791
LSI,10/04/2022,111.68,113.43,111.32,112.62,6172
LSI,10/03/2022,111.70,111.70,109.10,110.67,6032
LSI,09/30/2022,109.65,111.54,109.46,110.76,7022
LSI,09/29/2022,109.51,109.51,106.43,108.81,9903
LSI,09/28/2022,109.47,111.10,107.72,110.49,7698
LSI,09/27/2022,109.95,110.27,107.00,107.88,4285
LSI,09/26/2022,111.26,111.26,107.99,108.57,6539
LSI,09/23/2022,111.91,112.97,109.53,111.26,5559
LSI,09/22/2022,113.24,113.50,111.31,112.79,5956
LSI,09/21/2022,115.21,116.95,114.00,114.00,4435
LSI,09/20/2022,115.70,115.70,113.33,114.34,5496
LSI,09/19/2022,116.69,117.02,114.73,116.69,5053
LSI,09/16/2022,117.70,117.84,115.27,117.64,14507
LSI,09/15/2022,122.35,122.37,117.47,117.66,5528
LSI,09/14/2022,122.27,123.03,121.22,122.35,5124
LSI,09/13/2022,125.38,125.94,122.39,123.06,6518
LSI,09/12/2022,128.51,128.99,126.97,127.74,8999
LSI,09/09/2022,129.79,130.30,128.44,128.51,7358
LSI,09/08/2022,130.32,131.49,128.27,130.00,6190
LSI,09/07/2022,130.23,131.45,129.76,131.20,5306
LSI,09/06/2022,128.18,130.84,127.66,129.75,5464
LSI,09/02/2022,129.94,130.49,127.55,127.71,7262
LSI,09/01/2022,127.11,129.68,126.54,129.68,6605
LSI,08/31/2022,128.11,129.37,125.70,127.25,8031
LSI,08/30/2022,131.50,131.57,127.22,127.68,6878
LSI,08/29/2022,131.86,133.29,130.75,131.51,6804
LSI,08/26/2022,136.55,137.17,134.07,134.08,5394
LSI,08/25/2022,135.04,136.45,134.70,136.40,4519
LSI,08/24/2022,133.47,135.56,133.47,134.38,5226
LSI,08/23/2022,133.99,134.64,132.47,133.08,5679
LSI,08/22/2022,135.42,135.66,134.15,134.33,3388
LSI,08/19/2022,136.64,137.34,136.10,136.44,3173
LSI,08/18/2022,138.53,138.96,136.77,136.94,4306
LSI,08/17/2022,134.77,138.09,134.77,138.00,3551
LSI,08/16/2022,136.52,137.15,135.74,136.11,3270
LSI,08/15/2022,135.49,136.80,134.98,136.76,3470
LSI,08/12/2022,133.81,135.65,133.57,135.57,3131
LSI,08/11/2022,132.90,134.59,132.26,132.95,4240
LSI,08/10/2022,132.63,133.36,131.63,132.44,5347
LSI,08/09/2022,130.32,131.47,129.77,131.08,5062
LSI,08/08/2022,128.90,131.03,128.60,130.00,5750
LSI,08/05/2022,126.08,128.83,125.88,128.66,4201
LSI,08/04/2022,126.02,128.79,125.09,127.44,6633
LSI,08/03/2022,123.73,125.91,123.54,124.10,7857
LSI,08/02/2022,124.40,124.82,122.24,122.33,4693
LSI,08/01/2022,125.89,126.09,123.87,124.40,5640
LSI,07/29/2022,124.38,126.27,124.23,125.89,4070
LSI,07/28/2022,120.68,124.73,120.17,124.73,9524
LSI,07/27/2022,118.43,119.84,117.46,119.68,4373
LSI,07/26/2022,117.86,119.34,117.53,118.66,4997
LSI,07/25/2022,117.42,118.13,116.80,117.96,4201
LSI,07/22/2022,117.23,118.49,116.44,117.69,3269
LSI,07/21/2022,116.45,117.22,115.26,117.13,4316
LSI,07/20/2022,115.61,117.54,114.86,116.20,6272
LSI,07/19/2022,113.47,115.82,112.85,115.54,7043
LSI,07/18/2022,113.49,113.95,112.00,112.27,5247
LSI,07/15/2022,112.78,113.71,111.27,112.80,4619
LSI,07/14/2022,109.32,111.95,109.11,111.11,5534
LSI,07/13/2022,110.43,113.04,109.88,111.97,3734
LSI,07/12/2022,113.17,114.05,110.23,111.48,4154
LSI,07/11/2022,113.73,115.11,113.35,113.79,6143
LSI,07/08/2022,114.03,115.07,113.80,114.16,6555
LSI,07/07/2022,115.83,116.44,114.43,114.80,3271
LSI,07/06/2022,115.06,117.05,114.08,115.75,7036
LSI,07/05/2022,114.71,114.71,111.53,114.17,5098
LSI,07/01/2022,111.51,115.69,111.51,115.54,5479
LSI,06/30/2022,111.06,113.73,110.38,111.66,5538
LSI,06/29/2022,111.96,113.06,111.52,112.05,4734
LSI,06/28/2022,113.16,114.21,111.82,112.14,5363
LSI,06/27/2022,112.24,114.25,111.66,112.64,4516
LSI,06/24/2022,110.54,113.07,109.41,112.80,7368
LSI,06/23/2022,108.46,110.74,108.46,109.66,4857
LSI,06/22/2022,105.78,109.54,105.78,108.05,5820
LSI,06/21/2022,104.88,107.68,104.64,106.20,6679
LSI,06/17/2022,105.61,107.16,104.24,105.23,14427
LSI,06/16/2022,104.40,106.98,104.40,105.34,13005
LSI,06/15/2022,103.56,108.73,103.53,107.00,10329
LSI,06/14/2022,103.10,104.11,100.66,102.42,6995
LSI,06/13/2022,105.48,106.54,102.18,102.94,7393
LSI,06/10/2022,109.48,109.95,107.96,108.06,6198
LSI,06/09/2022,111.80,113.18,110.31,110.39,5393
LSI,06/08/2022,116.77,116.77,111.98,112.29,5444
LSI,06/07/2022,114.11,117.34,114.11,117.16,3980
LSI,06/06/2022,118.14,118.14,114.81,115.01,4696
LSI,06/03/2022,117.19,119.04,116.10,116.88,4730
LSI,06/02/2022,117.39,118.49,115.54,118.31,5123
LSI,06/01/2022,116.84,118.75,115.32,117.86,6357
LSI,05/31/2022,117.01,117.80,115.97,116.76,8160
LSI,05/27/2022,115.03,118.19,114.86,117.77,5515
LSI,05/26/2022,113.61,114.84,112.88,113.74,7800
LSI,05/25/2022,112.38,113.27,111.73,112.57,6436
LSI,05/24/2022,112.32,113.62,110.95,113.12,4945
LSI,05/23/2022,111.32,113.16,109.23,112.51,5701
LSI,05/20/2022,110.71,110.88,107.93,109.81,5129
LSI,05/19/2022,108.14,110.77,108.14,109.38,7690
LSI,05/18/2022,114.02,114.41,110.11,110.74,6907
LSI,05/17/2022,116.18,116.20,113.48,114.65,4704
LSI,05/16/2022,115.90,116.66,115.16,115.54,5933
LSI,05/13/2022,113.40,115.33,112.46,115.24,6702
LSI,05/12/2022,113.28,113.53,110.81,112.37,6833
LSI,05/11/2022,113.69,116.37,112.89,113.37,6342
LSI,05/10/2022,112.94,116.15,112.00,114.04,9373
LSI,05/09/2022,119.29,119.70,110.95,111.60,11752
LSI,05/06/2022,125.00,125.41,118.72,120.72,6292
LSI,05/05/2022,131.99,132.07,125.11,126.04,6766
LSI,05/04/2022,128.89,132.91,128.15,131.75,6213
LSI,05/03/2022,128.05,129.61,126.01,129.11,5241
LSI,05/02/2022,133.25,133.96,124.38,127.92,6865
LSI,04/29/2022,141.67,141.87,132.17,132.49,8573
LSI,04/28/2022,139.96,142.33,138.74,142.06,3158
LSI,04/27/2022,139.90,142.06,139.26,139.35,4498
LSI,04/26/2022,143.96,144.25,139.93,139.94,3256
LSI,04/25/2022,144.32,145.42,141.11,143.64,5074
LSI,04/22/2022,147.73,147.73,144.95,144.95,3703
LSI,04/21/2022,150.95,151.16,148.00,148.22,3316
LSI,04/20/2022,148.50,151.76,148.32,150.41,5423
LSI,04/19/2022,145.58,148.30,145.18,147.73,3983
LSI,04/18/2022,144.67,145.83,144.01,144.98,3758
LSI,04/14/2022,145.64,146.50,144.11,145.47,4671
LSI,04/13/2022,145.50,146.37,144.15,144.96,2608
LSI,04/12/2022,144.82,147.60,144.19,146.12,5285
LSI,04/11/2022,147.10,147.87,143.90,144.19,5743
LSI,04/08/2022,146.96,148.30,146.30,147.04,5962
LSI,04/07/2022,144.90,147.88,143.62,146.81,5721
LSI,04/06/2022,141.71,145.99,141.04,145.45,5347
LSI,04/05/2022,141.78,144.22,141.32,142.09,3683
LSI,04/04/2022,144.38,144.86,139.83,141.63,3975
LSI,04/01/2022,140.66,144.36,140.47,144.19,4189
LSI,03/31/2022,143.02,144.31,140.35,140.43,6019
LSI,03/30/2022,142.18,142.99,141.52,142.51,3835
LSI,03/29/2022,139.51,143.03,138.20,142.50,6024
LSI,03/28/2022,136.54,138.93,135.93,138.22,6295
LSI,03/25/2022,135.65,136.48,134.10,136.14,8268
LSI,03/24/2022,133.94,134.85,133.23,134.82,2296
LSI,03/23/2022,134.25,134.95,132.59,133.55,3745
LSI,03/22/2022,136.00,137.58,133.55,134.26,6605
LSI,03/21/2022,134.78,135.82,133.76,135.62,5545
LSI,03/18/2022,135.32,136.84,133.62,134.36,10817
LSI,03/17/2022,132.09,135.18,132.09,134.63,5896
LSI,03/16/2022,130.68,132.75,129.25,132.35,4776
LSI,03/15/2022,132.00,132.19,128.72,130.08,3482
LSI,03/14/2022,131.68,132.21,129.65,130.32,3209
LSI,03/11/2022,133.08,133.34,130.81,131.16,2471
LSI,03/10/2022,130.90,133.31,130.28,132.20,3873
LSI,03/09/2022,133.21,133.21,130.82,131.93,3255
LSI,03/08/2022,132.00,133.73,130.35,130.70,3827
LSI,03/07/2022,134.20,135.77,132.65,132.97,3943
LSI,03/04/2022,131.77,135.29,131.29,135.11,5477
LSI,03/03/2022,129.93,132.28,129.23,131.97,6029
LSI,03/02/2022,127.85,129.61,127.85,129.30,4438
LSI,03/01/2022,126.24,128.65,126.00,127.26,4664
LSI,02/28/2022,128.82,129.49,124.40,126.59,9095
LSI,02/25/2022,126.62,131.58,125.49,130.18,7015
LSI,02/24/2022,123.41,127.63,120.03,126.75,6743
LSI,02/23/2022,127.91,129.38,125.93,126.01,6709
LSI,02/22/2022,125.52,127.37,124.91,126.15,5892
LSI,02/18/2022,127.39,129.05,126.68,126.75,2889
LSI,02/17/2022,129.41,129.99,127.83,127.96,3804
LSI,02/16/2022,130.76,131.74,128.03,129.96,4002
LSI,02/15/2022,133.07,133.62,129.91,130.58,4380
LSI,02/14/2022,133.58,135.27,131.43,132.17,6936
