MANH,06/23/2023,188.79,190.21,188.41,189.22,426
MANH,06/22/2023,189.37,191.30,188.29,190.40,2799
MANH,06/21/2023,190.83,191.26,189.00,189.71,2945
MANH,06/20/2023,190.99,192.41,188.08,191.17,3024
MANH,06/16/2023,194.49,194.80,191.24,191.81,5729
MANH,06/15/2023,192.00,194.27,190.62,193.72,3655
MANH,06/14/2023,190.39,192.41,189.99,192.20,3566
MANH,06/13/2023,190.90,192.51,188.84,191.22,2739
MANH,06/12/2023,186.89,190.15,185.82,189.96,2247
MANH,06/09/2023,185.67,187.76,183.62,185.81,3810
MANH,06/08/2023,182.78,185.79,180.88,185.50,3834
MANH,06/07/2023,184.24,185.93,180.68,183.25,3799
MANH,06/06/2023,184.95,185.04,181.77,184.70,3353
MANH,06/05/2023,183.88,185.34,182.94,184.99,5849
MANH,06/02/2023,183.64,185.74,182.26,185.46,3017
MANH,06/01/2023,180.57,184.01,179.01,183.43,3183
MANH,05/31/2023,178.75,181.91,178.74,181.42,5222
MANH,05/30/2023,180.94,181.86,176.53,179.06,3864
MANH,05/26/2023,176.00,180.18,176.00,179.26,5480
MANH,05/25/2023,177.21,179.63,175.39,175.81,2741
MANH,05/24/2023,171.30,175.14,171.30,174.72,4127
MANH,05/23/2023,176.36,177.69,172.15,172.47,3964
MANH,05/22/2023,177.31,179.73,176.82,177.89,3195
MANH,05/19/2023,176.81,177.87,175.36,177.09,3033
MANH,05/18/2023,172.37,176.24,172.37,176.24,2031
MANH,05/17/2023,171.00,172.79,170.75,172.20,4324
MANH,05/16/2023,171.28,171.99,170.63,170.95,3889
MANH,05/15/2023,172.44,174.30,171.90,172.25,2565
MANH,05/12/2023,170.35,173.23,170.15,172.82,2637
MANH,05/11/2023,172.00,172.00,169.80,170.62,2246
MANH,05/10/2023,170.00,172.00,169.38,171.68,2715
MANH,05/09/2023,168.67,169.68,167.29,168.91,3170
MANH,05/08/2023,168.50,169.93,168.18,169.50,1843
MANH,05/05/2023,169.19,170.20,167.93,168.92,2320
MANH,05/04/2023,167.24,169.20,166.82,168.30,2738
MANH,05/03/2023,168.76,170.54,167.36,167.54,3296
MANH,05/02/2023,168.96,170.96,165.37,167.60,2894
MANH,05/01/2023,166.07,170.45,166.05,169.16,3548
MANH,04/28/2023,168.00,168.11,164.55,165.68,4413
MANH,04/27/2023,165.68,169.09,165.68,168.64,6197
MANH,04/26/2023,166.00,175.00,163.44,165.71,9987
MANH,04/25/2023,154.30,154.85,152.32,152.68,4381
MANH,04/24/2023,158.50,159.90,155.15,155.75,2557
MANH,04/21/2023,156.89,158.91,156.63,158.78,2701
MANH,04/20/2023,157.01,158.60,155.45,156.23,3283
MANH,04/19/2023,157.34,158.81,156.96,157.99,1565
MANH,04/18/2023,158.31,160.00,156.90,157.79,2029
MANH,04/17/2023,156.56,157.42,155.45,157.21,1493
MANH,04/14/2023,154.62,156.82,154.41,156.37,1692
MANH,04/13/2023,153.57,155.93,152.99,155.90,1255
MANH,04/12/2023,154.33,154.55,152.74,153.01,1288
MANH,04/11/2023,152.52,154.16,152.20,152.79,1768
MANH,04/10/2023,152.09,155.68,152.00,155.31,1415
MANH,04/06/2023,151.73,154.21,150.91,153.59,1898
MANH,04/05/2023,153.75,153.96,150.96,152.84,2986
MANH,04/04/2023,156.89,157.78,154.38,154.97,2061
MANH,04/03/2023,153.65,156.93,153.64,156.64,2474
MANH,03/31/2023,152.46,155.63,151.90,154.85,2474
MANH,03/30/2023,151.45,152.24,150.53,152.00,1393
MANH,03/29/2023,149.87,150.85,149.04,150.34,1459
MANH,03/28/2023,147.86,149.11,146.81,148.81,1561
MANH,03/27/2023,147.64,149.14,147.50,148.29,1375
MANH,03/24/2023,145.58,147.50,143.95,147.30,1683
MANH,03/23/2023,145.68,148.63,144.65,146.40,1863
MANH,03/22/2023,146.84,148.30,144.19,144.36,1782
MANH,03/21/2023,146.33,148.13,146.00,147.28,2505
MANH,03/20/2023,144.28,146.39,143.11,146.09,2344
MANH,03/17/2023,143.78,144.96,142.44,143.46,3918
MANH,03/16/2023,140.20,143.92,139.64,143.49,2024
MANH,03/15/2023,141.13,142.15,139.38,141.42,2120
MANH,03/14/2023,138.66,142.88,137.99,142.76,3089
MANH,03/13/2023,135.88,138.17,133.81,137.08,3710
MANH,03/10/2023,140.17,141.25,136.75,137.34,2006
MANH,03/09/2023,143.50,144.79,140.61,140.61,1932
MANH,03/08/2023,143.07,143.89,142.16,143.09,1531
MANH,03/07/2023,145.80,146.99,142.89,143.00,2514
MANH,03/06/2023,146.82,149.13,145.81,145.99,2195
MANH,03/03/2023,147.28,148.37,146.03,147.14,2162
MANH,03/02/2023,143.28,147.00,143.02,146.79,2867
MANH,03/01/2023,143.51,145.30,142.60,143.87,2103
MANH,02/28/2023,143.60,147.04,143.55,143.75,2189
MANH,02/27/2023,144.63,145.65,143.84,144.47,1958
MANH,02/24/2023,142.37,144.04,141.93,143.37,2011
MANH,02/23/2023,143.39,145.01,142.04,144.77,2010
MANH,02/22/2023,142.86,144.38,141.87,142.70,2275
MANH,02/21/2023,143.37,144.21,142.79,143.04,1940
MANH,02/17/2023,144.47,145.31,142.77,145.31,2621
MANH,02/16/2023,145.26,147.54,143.01,145.51,3163
MANH,02/15/2023,144.82,148.86,144.23,148.19,2488
MANH,02/14/2023,145.23,148.60,144.43,145.52,2761
MANH,02/13/2023,143.61,145.77,142.12,145.77,3157
MANH,02/10/2023,142.41,144.00,141.07,143.01,3030
MANH,02/09/2023,145.99,148.20,143.03,143.61,3107
MANH,02/08/2023,145.51,147.05,143.34,144.39,3163
MANH,02/07/2023,144.41,146.58,142.22,146.03,4419
MANH,02/06/2023,147.40,149.67,143.86,144.77,4421
MANH,02/03/2023,150.66,158.61,144.91,149.81,6368
MANH,02/02/2023,138.35,140.98,136.70,138.73,5047
MANH,02/01/2023,131.04,136.96,130.54,136.43,4910
MANH,01/31/2023,126.74,130.56,126.74,130.36,3843
MANH,01/30/2023,126.36,127.73,125.52,126.75,2792
MANH,01/27/2023,125.33,128.16,125.33,127.68,1764
MANH,01/26/2023,125.56,126.81,124.26,126.36,1751
MANH,01/25/2023,122.54,123.96,118.92,123.81,1676
MANH,01/24/2023,124.93,125.95,123.37,124.10,1531
MANH,01/23/2023,122.96,125.29,121.71,125.13,5247
MANH,01/20/2023,120.72,123.19,120.72,122.65,2005
MANH,01/19/2023,121.32,122.90,119.67,120.72,2236
MANH,01/18/2023,123.73,125.24,121.88,122.40,2687
MANH,01/17/2023,122.85,124.70,121.98,123.23,2543
MANH,01/13/2023,120.44,122.58,120.42,122.40,2128
MANH,01/12/2023,122.37,124.45,119.48,121.70,3157
MANH,01/11/2023,120.44,121.71,118.32,121.49,5979
MANH,01/10/2023,118.84,119.87,116.55,119.52,4047
MANH,01/09/2023,120.11,124.07,118.88,119.77,4541
MANH,01/06/2023,116.38,118.84,113.43,118.61,2232
MANH,01/05/2023,119.09,120.44,114.25,115.18,3915
MANH,01/04/2023,121.85,122.38,119.25,120.57,2334
MANH,01/03/2023,122.93,124.81,119.62,121.00,1882
MANH,12/30/2022,120.02,121.60,119.51,121.40,1957
MANH,12/29/2022,119.33,122.46,118.34,121.65,1319
MANH,12/28/2022,120.55,122.38,118.04,118.04,1041
MANH,12/27/2022,119.44,120.60,117.84,120.10,1216
MANH,12/23/2022,119.12,120.10,117.76,119.95,1304
MANH,12/22/2022,120.50,122.15,117.45,119.47,2554
MANH,12/21/2022,120.36,124.28,120.05,122.31,2855
MANH,12/20/2022,118.73,121.29,118.12,120.29,2082
MANH,12/19/2022,118.58,119.32,117.13,118.94,2316
MANH,12/16/2022,119.06,120.36,116.07,119.04,4804
MANH,12/15/2022,121.59,122.18,119.62,119.64,2390
MANH,12/14/2022,123.56,125.41,121.05,123.60,2772
MANH,12/13/2022,126.97,127.50,121.75,123.30,2630
MANH,12/12/2022,119.36,121.70,118.41,120.06,3671
MANH,12/09/2022,119.48,120.68,118.78,119.43,1776
MANH,12/08/2022,118.99,121.73,117.71,120.39,2033
MANH,12/07/2022,117.14,118.48,116.21,118.06,2337
MANH,12/06/2022,121.51,122.03,116.17,117.01,3093
MANH,12/05/2022,124.76,125.62,120.59,121.43,2147
MANH,12/02/2022,124.79,128.25,123.56,126.46,1982
MANH,12/01/2022,125.75,128.33,125.29,127.04,1915
MANH,11/30/2022,119.32,126.15,118.02,125.94,2625
MANH,11/29/2022,120.98,121.30,118.82,119.50,1468
MANH,11/28/2022,122.37,123.78,120.71,121.25,1768
MANH,11/25/2022,123.16,124.02,122.09,123.77,1137
MANH,11/23/2022,122.70,124.80,121.80,123.75,1295
MANH,11/22/2022,120.62,122.88,119.26,122.69,1654
MANH,11/21/2022,121.26,122.62,120.07,120.25,1837
MANH,11/18/2022,123.20,123.20,119.87,121.54,1736
MANH,11/17/2022,121.98,123.07,120.07,120.81,1874
MANH,11/16/2022,127.22,129.10,123.80,124.27,2278
MANH,11/15/2022,127.45,129.86,125.16,128.27,3488
MANH,11/14/2022,122.65,125.15,121.17,123.42,2771
MANH,11/11/2022,121.75,125.54,121.15,124.04,3366
MANH,11/10/2022,116.91,121.08,116.91,120.95,6351
MANH,11/09/2022,110.53,110.53,107.77,108.50,3606
MANH,11/08/2022,111.32,113.28,108.02,110.85,3249
MANH,11/07/2022,110.24,111.52,107.51,111.18,4024
MANH,11/04/2022,111.62,111.62,107.18,109.34,2941
MANH,11/03/2022,111.76,113.38,110.00,110.13,2832
MANH,11/02/2022,118.11,118.14,112.77,112.83,3552
MANH,11/01/2022,123.87,124.41,117.58,117.58,3203
MANH,10/31/2022,120.19,123.79,119.93,121.67,3274
MANH,10/28/2022,119.22,120.33,117.58,120.31,4235
MANH,10/27/2022,118.57,122.62,118.32,118.83,6416
MANH,10/26/2022,120.00,127.14,114.41,118.34,13516
MANH,10/25/2022,129.01,133.61,129.01,133.59,4282
MANH,10/24/2022,128.62,129.06,126.06,128.50,4949
MANH,10/21/2022,124.66,127.66,121.33,127.53,3697
MANH,10/20/2022,127.81,129.75,124.40,125.47,2874
MANH,10/19/2022,129.29,129.97,124.86,126.96,2808
MANH,10/18/2022,131.44,133.11,129.38,131.37,3179
MANH,10/17/2022,125.27,128.27,124.80,127.50,3386
MANH,10/14/2022,128.96,130.07,122.01,122.21,4710
MANH,10/13/2022,123.42,128.79,122.07,127.63,4934
MANH,10/12/2022,129.32,130.38,127.52,127.64,2526
MANH,10/11/2022,132.15,132.15,128.61,129.32,2947
MANH,10/10/2022,135.13,135.13,131.14,132.59,1663
MANH,10/07/2022,138.63,138.63,134.02,135.43,2160
MANH,10/06/2022,137.99,141.07,137.99,140.49,2952
MANH,10/05/2022,136.33,138.68,135.18,138.17,2633
MANH,10/04/2022,138.27,140.16,136.12,137.67,5470
MANH,10/03/2022,134.39,136.66,131.94,135.59,3263
MANH,09/30/2022,133.99,136.62,132.76,133.03,3516
MANH,09/29/2022,132.83,134.36,131.84,134.23,3007
MANH,09/28/2022,132.20,135.16,131.27,134.23,3840
MANH,09/27/2022,132.08,133.61,129.64,131.20,2671
MANH,09/26/2022,129.52,133.26,129.11,130.55,3317
MANH,09/23/2022,130.36,130.69,128.19,129.63,2397
MANH,09/22/2022,132.42,133.87,130.38,131.33,2315
MANH,09/21/2022,136.11,137.83,133.53,133.53,2370
MANH,09/20/2022,136.67,141.74,134.25,135.32,2337
MANH,09/19/2022,136.69,138.21,135.58,137.50,2499
MANH,09/16/2022,138.71,138.71,135.83,137.74,7758
MANH,09/15/2022,140.33,141.84,139.23,140.10,3024
MANH,09/14/2022,140.91,141.82,139.12,141.51,2939
MANH,09/13/2022,141.18,142.95,139.95,140.77,2721
MANH,09/12/2022,145.97,147.41,145.31,146.47,2643
MANH,09/09/2022,142.46,146.76,142.33,145.31,3336
MANH,09/08/2022,138.06,141.32,137.51,141.28,1826
MANH,09/07/2022,137.28,139.72,136.61,139.51,2514
MANH,09/06/2022,136.64,137.49,134.90,137.04,2870
MANH,09/02/2022,141.63,142.13,136.16,136.88,2379
MANH,09/01/2022,139.56,140.21,137.30,140.09,2270
MANH,08/31/2022,142.88,143.23,141.12,141.26,1920
MANH,08/30/2022,141.64,142.41,139.87,141.43,1996
MANH,08/29/2022,141.20,142.76,140.31,140.81,1428
MANH,08/26/2022,147.82,148.18,142.26,142.45,1779
MANH,08/25/2022,146.72,148.51,145.68,148.35,1791
MANH,08/24/2022,145.32,146.46,144.66,145.68,1652
MANH,08/23/2022,145.19,147.68,143.91,144.48,1986
MANH,08/22/2022,146.65,147.76,144.88,146.01,2381
MANH,08/19/2022,150.36,150.36,147.96,148.93,2636
MANH,08/18/2022,154.41,154.41,151.54,152.04,3044
MANH,08/17/2022,153.06,155.81,152.83,154.01,4311
MANH,08/16/2022,152.25,155.30,151.74,155.00,3926
MANH,08/15/2022,149.89,153.83,149.89,153.61,2475
MANH,08/12/2022,148.73,150.06,147.73,149.99,2214
MANH,08/11/2022,150.11,150.31,147.24,147.94,2727
MANH,08/10/2022,148.69,150.51,147.58,148.31,3476
MANH,08/09/2022,144.97,146.00,143.49,145.02,2441
MANH,08/08/2022,145.99,148.34,145.31,146.10,2412
MANH,08/05/2022,141.81,145.18,141.45,145.00,2482
MANH,08/04/2022,145.17,145.21,141.37,143.64,3079
MANH,08/03/2022,140.11,145.21,139.68,144.97,3376
MANH,08/02/2022,138.67,141.05,138.23,139.35,3180
MANH,08/01/2022,139.11,141.85,137.68,140.16,2614
MANH,07/29/2022,139.45,141.69,137.66,140.67,2703
MANH,07/28/2022,135.21,140.09,133.80,139.06,5931
MANH,07/27/2022,121.77,139.26,121.29,137.44,9808
MANH,07/26/2022,119.19,119.19,115.36,116.62,4662
MANH,07/25/2022,118.48,119.66,117.43,118.96,2866
MANH,07/22/2022,120.31,121.91,117.96,118.73,2360
MANH,07/21/2022,118.97,120.85,118.43,120.72,2428
MANH,07/20/2022,115.02,119.88,114.92,118.94,2932
MANH,07/19/2022,114.88,115.68,113.43,114.75,5067
MANH,07/18/2022,113.06,114.52,112.43,112.90,2539
MANH,07/15/2022,110.97,112.75,109.76,112.29,2072
MANH,07/14/2022,110.81,112.28,106.02,108.95,5706
MANH,07/13/2022,113.76,114.13,110.90,111.92,4589
MANH,07/12/2022,122.40,123.34,115.41,115.50,5019
MANH,07/11/2022,122.26,123.03,120.56,122.05,1278
MANH,07/08/2022,122.81,124.72,122.29,123.69,1570
MANH,07/07/2022,121.50,125.04,121.50,124.21,1766
MANH,07/06/2022,121.55,123.03,120.61,121.56,3019
MANH,07/05/2022,115.75,121.20,115.39,120.66,2872
MANH,07/01/2022,115.05,117.23,112.59,117.23,2515
MANH,06/30/2022,115.26,115.71,111.74,114.60,3582
MANH,06/29/2022,116.31,117.11,114.83,117.04,2024
MANH,06/28/2022,118.88,120.00,115.54,115.77,1835
MANH,06/27/2022,120.11,120.14,118.04,118.73,1866
MANH,06/24/2022,116.82,120.69,116.82,120.32,3606
MANH,06/23/2022,112.37,115.85,111.10,115.27,2047
MANH,06/22/2022,110.03,112.69,109.95,110.82,2541
MANH,06/21/2022,112.42,114.14,111.14,111.35,2330
MANH,06/17/2022,111.05,112.85,109.62,111.27,6138
MANH,06/16/2022,110.99,111.72,107.82,108.72,4078
MANH,06/15/2022,112.62,114.82,111.45,113.62,4472
MANH,06/14/2022,111.81,112.35,108.94,110.62,4244
MANH,06/13/2022,114.40,116.09,110.35,110.88,4547
MANH,06/10/2022,120.85,120.85,117.63,118.50,2397
MANH,06/09/2022,125.34,127.16,123.37,123.47,1667
MANH,06/08/2022,128.67,129.76,126.74,126.81,2222
MANH,06/07/2022,123.65,129.26,122.66,128.60,2154
MANH,06/06/2022,127.77,127.77,124.79,125.31,2481
MANH,06/03/2022,127.02,128.94,124.48,125.52,2880
MANH,06/02/2022,121.25,129.72,115.88,128.62,3127
MANH,06/01/2022,121.95,124.69,119.51,121.70,2374
MANH,05/31/2022,122.00,122.30,119.78,120.93,3224
MANH,05/27/2022,120.97,123.27,120.90,122.58,3198
MANH,05/26/2022,116.09,119.66,115.18,119.11,1696
MANH,05/25/2022,113.01,117.36,113.01,116.19,2033
MANH,05/24/2022,116.16,117.09,113.48,114.37,1746
MANH,05/23/2022,118.67,118.84,115.60,118.05,2766
MANH,05/20/2022,118.70,119.90,114.64,117.66,2382
MANH,05/19/2022,112.49,118.48,111.92,116.81,4176
MANH,05/18/2022,118.70,120.59,111.58,112.66,4659
MANH,05/17/2022,120.44,121.88,117.17,120.78,2750
MANH,05/16/2022,120.39,122.19,117.55,117.94,2562
MANH,05/13/2022,117.44,123.34,116.06,121.78,3774
MANH,05/12/2022,112.35,116.81,112.15,115.45,3947
MANH,05/11/2022,116.73,119.63,112.95,113.47,3907
MANH,05/10/2022,120.42,121.02,114.71,117.83,3521
MANH,05/09/2022,121.35,122.65,117.51,118.02,3166
MANH,05/06/2022,124.71,126.25,120.79,123.84,5250
MANH,05/05/2022,130.16,131.76,123.92,126.00,4320
MANH,05/04/2022,128.53,132.97,125.08,132.43,3396
MANH,05/03/2022,130.27,131.67,127.25,128.48,3306
MANH,05/02/2022,130.55,132.21,128.85,131.35,3357
MANH,04/29/2022,131.59,133.38,130.27,130.55,3305
MANH,04/28/2022,132.14,134.97,126.75,132.41,3645
MANH,04/27/2022,129.88,134.49,128.96,129.50,5976
MANH,04/26/2022,133.57,134.17,129.01,129.50,3632
MANH,04/25/2022,131.94,134.89,130.93,134.75,2402
MANH,04/22/2022,138.51,140.51,131.95,132.03,3116
MANH,04/21/2022,144.16,145.74,137.71,138.48,1796
MANH,04/20/2022,142.72,145.55,140.99,142.18,2372
MANH,04/19/2022,137.22,142.61,136.87,141.53,2902
MANH,04/18/2022,135.84,137.97,134.48,137.39,2746
MANH,04/14/2022,136.56,138.54,135.89,136.60,2787
MANH,04/13/2022,132.60,136.54,131.64,136.03,1852
MANH,04/12/2022,134.41,136.92,133.09,133.15,1854
MANH,04/11/2022,132.45,133.73,130.63,132.38,3076
MANH,04/08/2022,136.41,136.99,134.20,134.22,2652
MANH,04/07/2022,137.30,140.84,134.82,137.02,4808
MANH,04/06/2022,137.51,138.73,134.67,137.49,2216
MANH,04/05/2022,142.60,142.91,138.56,139.16,2413
MANH,04/04/2022,140.97,142.76,140.67,141.97,2348
MANH,04/01/2022,138.58,141.21,138.01,140.12,4068
MANH,03/31/2022,141.97,142.54,138.59,138.71,2467
MANH,03/30/2022,142.70,143.31,141.08,142.05,2360
MANH,03/29/2022,141.24,144.66,138.65,144.04,2366
MANH,03/28/2022,137.27,139.41,135.28,139.39,2551
MANH,03/25/2022,140.84,140.84,136.33,137.15,3120
MANH,03/24/2022,140.70,141.06,138.37,140.78,1761
MANH,03/23/2022,142.88,145.45,140.25,140.43,2575
MANH,03/22/2022,142.52,146.05,140.98,145.29,3526
MANH,03/21/2022,139.63,141.36,136.94,138.13,2490
MANH,03/18/2022,136.45,140.83,136.38,140.51,3726
MANH,03/17/2022,134.29,136.17,133.38,136.17,3210
MANH,03/16/2022,131.04,135.54,130.05,135.48,2850
MANH,03/15/2022,128.03,131.17,126.86,129.70,2543
MANH,03/14/2022,130.61,132.85,127.22,127.80,2430
MANH,03/11/2022,132.89,134.00,130.31,130.70,2437
MANH,03/10/2022,132.04,133.74,130.86,131.75,2717
MANH,03/09/2022,129.07,135.35,128.98,134.39,3871
MANH,03/08/2022,126.02,128.36,124.61,126.55,4509
MANH,03/07/2022,131.35,132.05,126.60,126.69,4213
MANH,03/04/2022,133.12,136.91,129.61,130.77,2247
MANH,03/03/2022,137.86,138.12,132.68,133.59,2589
MANH,03/02/2022,133.59,136.53,131.83,136.40,4546
MANH,03/01/2022,133.90,136.35,132.20,132.93,3052
MANH,02/28/2022,133.33,135.04,131.36,133.68,3251
MANH,02/25/2022,133.77,134.64,131.45,134.12,3450
MANH,02/24/2022,123.45,134.37,123.45,134.01,4269
MANH,02/23/2022,127.64,128.50,125.48,126.06,4249
MANH,02/22/2022,125.00,128.29,124.21,126.64,5143
MANH,02/18/2022,129.24,130.01,125.08,126.07,3117
MANH,02/17/2022,130.49,132.46,128.23,128.75,4244
MANH,02/16/2022,131.19,132.11,128.94,131.47,2475
MANH,02/15/2022,131.98,132.26,130.38,132.10,2844
MANH,02/14/2022,130.45,131.79,128.08,129.73,6194
