MET,06/23/2023,53.01,53.56,52.97,53.32,4690
MET,06/22/2023,54.51,54.51,53.47,53.86,42154
MET,06/21/2023,54.48,55.13,54.11,54.55,41675
MET,06/20/2023,54.95,55.17,53.74,54.52,59758
MET,06/16/2023,55.30,55.82,54.78,55.50,101566
MET,06/15/2023,53.73,55.25,53.68,55.16,51978
MET,06/14/2023,55.31,56.01,53.82,53.94,43920
MET,06/13/2023,54.12,55.37,54.05,55.17,74064
MET,06/12/2023,53.78,54.50,53.47,54.01,39735
MET,06/09/2023,53.86,54.32,53.62,53.87,37009
MET,06/08/2023,54.83,55.02,53.44,53.76,51883
MET,06/07/2023,53.45,55.07,53.28,54.85,61582
MET,06/06/2023,52.73,53.83,52.59,53.40,42322
MET,06/05/2023,53.21,53.21,52.21,52.65,57665
MET,06/02/2023,51.23,53.38,50.83,52.97,69269
MET,06/01/2023,49.77,50.75,49.55,50.38,49425
MET,05/31/2023,50.84,51.10,49.38,49.55,77373
MET,05/30/2023,52.28,52.28,51.14,51.65,42373
MET,05/26/2023,52.70,53.04,51.80,51.81,52252
MET,05/25/2023,52.79,53.07,51.58,52.77,92888
MET,05/24/2023,51.60,51.63,50.11,50.25,56382
MET,05/23/2023,52.50,52.88,51.82,51.84,43466
MET,05/22/2023,51.62,52.45,51.29,52.37,40119
MET,05/19/2023,52.25,52.40,51.37,51.58,59390
MET,05/18/2023,51.69,51.94,51.13,51.88,43742
MET,05/17/2023,49.57,51.79,49.43,51.70,68248
MET,05/16/2023,50.54,50.54,48.95,49.12,103803
MET,05/15/2023,50.01,50.74,49.77,50.48,106165
MET,05/12/2023,51.26,51.34,49.20,50.22,126747
MET,05/11/2023,51.26,51.47,50.78,51.23,60817
MET,05/10/2023,52.94,53.07,51.35,51.82,86557
MET,05/09/2023,53.00,53.12,52.45,52.79,77216
MET,05/08/2023,54.33,54.84,53.53,53.69,54101
MET,05/05/2023,55.02,55.77,54.51,54.66,67942
MET,05/04/2023,58.06,58.14,53.18,54.11,122864
MET,05/03/2023,59.68,60.59,58.66,58.71,62265
MET,05/02/2023,60.67,60.83,58.34,59.43,47571
MET,05/01/2023,60.95,61.80,60.89,61.26,40035
MET,04/28/2023,60.07,61.47,59.86,61.33,47082
MET,04/27/2023,59.01,60.42,59.01,60.31,67327
MET,04/26/2023,59.05,59.84,58.50,58.92,43183
MET,04/25/2023,59.79,59.79,58.86,59.21,38676
MET,04/24/2023,60.05,60.46,59.99,60.41,44139
MET,04/21/2023,60.61,60.70,59.72,60.17,38646
MET,04/20/2023,61.47,61.68,60.65,60.81,40424
MET,04/19/2023,61.42,61.99,61.18,61.81,53636
MET,04/18/2023,61.77,61.81,61.26,61.31,39545
MET,04/17/2023,60.20,61.55,59.88,61.54,37903
MET,04/14/2023,60.42,60.90,60.05,60.62,39491
MET,04/13/2023,59.85,59.91,59.22,59.78,42491
MET,04/12/2023,60.34,61.00,59.71,60.01,41297
MET,04/11/2023,59.60,60.52,59.20,60.12,43260
MET,04/10/2023,58.92,59.75,58.91,59.48,28133
MET,04/06/2023,59.00,59.40,58.78,59.07,41389
MET,04/05/2023,56.90,58.76,56.85,58.66,51620
MET,04/04/2023,58.70,58.77,56.73,57.44,52156
MET,04/03/2023,58.27,58.83,57.83,57.97,45621
MET,03/31/2023,57.53,57.99,57.40,57.94,61184
MET,03/30/2023,57.11,57.85,56.79,57.05,48552
MET,03/29/2023,56.38,56.52,55.74,56.49,47878
MET,03/28/2023,55.73,56.01,54.95,55.43,51963
MET,03/27/2023,55.59,56.16,54.58,55.85,53493
MET,03/24/2023,53.09,54.37,52.83,54.35,66199
MET,03/23/2023,56.12,56.54,54.09,54.30,57917
MET,03/22/2023,58.45,58.87,56.01,56.11,55477
MET,03/21/2023,58.56,59.05,58.27,58.53,72847
MET,03/20/2023,55.30,57.56,55.21,56.98,97645
MET,03/17/2023,57.36,57.36,54.74,54.87,127742
MET,03/16/2023,55.75,57.87,54.51,57.69,75291
MET,03/15/2023,56.56,57.55,55.39,56.30,96775
MET,03/14/2023,60.94,61.27,58.45,59.07,107335
MET,03/13/2023,60.00,60.65,58.44,58.96,100569
MET,03/10/2023,63.67,64.06,62.12,62.38,97780
MET,03/09/2023,67.80,67.80,64.31,64.67,69689
MET,03/08/2023,69.23,69.54,66.56,67.50,57395
MET,03/07/2023,69.68,70.11,68.68,69.23,48420
MET,03/06/2023,70.28,70.66,69.39,69.69,39142
MET,03/03/2023,69.59,70.60,69.26,70.33,43683
MET,03/02/2023,70.96,70.98,68.68,69.39,66867
MET,03/01/2023,71.59,72.71,71.16,71.27,48466
MET,02/28/2023,72.06,72.30,71.70,71.73,35406
MET,02/27/2023,71.96,72.39,71.51,71.78,30392
MET,02/24/2023,70.19,72.23,69.92,71.84,50715
MET,02/23/2023,71.22,71.79,70.08,70.58,36136
MET,02/22/2023,70.94,71.22,70.41,70.86,24557
MET,02/21/2023,72.00,72.17,70.48,71.05,38490
MET,02/17/2023,72.42,73.10,72.17,72.54,72194
MET,02/16/2023,71.90,73.12,71.86,72.47,31971
MET,02/15/2023,71.87,72.46,71.61,72.44,27619
MET,02/14/2023,72.31,72.69,71.64,72.05,27217
MET,02/13/2023,71.42,72.50,71.24,72.39,28618
MET,02/10/2023,70.76,71.43,70.40,71.40,29399
MET,02/09/2023,71.73,72.15,70.73,70.79,37763
MET,02/08/2023,70.86,71.50,70.41,71.24,40677
MET,02/07/2023,69.81,71.54,69.48,71.26,40521
MET,02/06/2023,69.32,70.18,68.98,70.09,48858
MET,02/03/2023,69.57,70.15,69.28,69.79,46359
MET,02/02/2023,72.96,73.18,68.67,69.71,81429
MET,02/01/2023,72.42,73.28,71.97,72.68,49475
MET,01/31/2023,72.18,73.11,71.43,73.02,42238
MET,01/30/2023,71.66,72.64,71.66,72.16,29681
MET,01/27/2023,72.11,72.70,72.03,72.04,24457
MET,01/26/2023,71.76,72.26,71.14,72.22,39113
MET,01/25/2023,70.44,71.58,70.34,71.56,25293
MET,01/24/2023,69.50,71.27,68.71,70.97,31715
MET,01/23/2023,70.26,71.06,69.91,70.69,71558
MET,01/20/2023,69.85,70.32,69.22,70.19,41912
MET,01/19/2023,69.85,69.99,69.12,69.43,34087
MET,01/18/2023,71.23,71.88,70.08,70.16,35370
MET,01/17/2023,71.92,72.12,71.37,71.57,30723
MET,01/13/2023,70.79,72.00,70.60,71.92,23917
MET,01/12/2023,71.70,72.33,71.34,71.39,39609
MET,01/11/2023,71.42,71.77,71.17,71.57,29475
MET,01/10/2023,71.31,71.60,70.57,71.57,32130
MET,01/09/2023,72.30,72.85,71.10,71.34,45949
MET,01/06/2023,73.50,73.92,73.18,73.58,38908
MET,01/05/2023,73.11,73.26,71.95,72.60,29321
MET,01/04/2023,72.65,73.57,72.49,73.19,34560
MET,01/03/2023,72.44,72.92,71.67,72.15,30984
MET,12/30/2022,72.31,72.79,71.85,72.37,24266
MET,12/29/2022,72.11,73.00,71.99,72.66,17240
MET,12/28/2022,72.51,72.63,71.69,71.81,19521
MET,12/27/2022,72.45,72.77,72.02,72.32,24006
MET,12/23/2022,71.79,72.54,71.46,72.27,19066
MET,12/22/2022,72.47,72.74,70.78,71.80,30836
MET,12/21/2022,72.45,73.23,72.17,72.84,28790
MET,12/20/2022,71.41,72.42,71.38,71.79,30860
MET,12/19/2022,71.71,72.25,70.80,71.16,36587
MET,12/16/2022,70.80,71.74,70.62,71.47,86954
MET,12/15/2022,71.88,72.12,71.11,71.70,46762
MET,12/14/2022,73.54,73.99,72.46,72.84,30700
MET,12/13/2022,74.31,74.70,72.80,73.23,44900
MET,12/12/2022,72.26,73.27,71.57,73.18,43611
MET,12/09/2022,73.09,73.64,72.09,72.19,44187
MET,12/08/2022,75.20,75.20,73.44,73.61,36813
MET,12/07/2022,74.82,75.79,74.41,74.59,32362
MET,12/06/2022,75.38,75.86,74.77,75.28,24521
MET,12/05/2022,76.39,76.63,74.94,75.40,31966
MET,12/02/2022,76.06,77.02,76.06,76.91,24048
MET,12/01/2022,77.02,77.33,76.48,76.65,40422
MET,11/30/2022,75.58,76.97,74.88,76.70,60304
MET,11/29/2022,75.68,76.46,75.30,76.07,29582
MET,11/28/2022,76.30,76.96,75.54,75.73,35815
MET,11/25/2022,76.89,77.36,76.81,76.95,11964
MET,11/23/2022,76.72,77.10,76.59,76.72,24785
MET,11/22/2022,76.36,77.09,76.02,76.92,30945
MET,11/21/2022,75.36,76.06,75.09,75.89,39055
MET,11/18/2022,75.96,76.17,75.25,75.50,45781
MET,11/17/2022,73.55,75.00,73.55,74.89,35752
MET,11/16/2022,74.40,74.82,74.15,74.36,44927
MET,11/15/2022,74.64,74.88,73.66,74.28,40720
MET,11/14/2022,74.21,74.82,73.75,73.79,44855
MET,11/11/2022,75.12,75.63,74.20,74.49,52947
MET,11/10/2022,74.59,75.57,74.32,74.72,49964
MET,11/09/2022,73.03,73.72,72.49,72.77,35148
MET,11/08/2022,73.71,73.96,72.71,73.41,40357
MET,11/07/2022,74.10,74.35,73.26,73.93,49929
MET,11/04/2022,74.13,74.47,73.09,74.11,33008
MET,11/03/2022,72.66,73.77,71.45,73.11,44863
MET,11/02/2022,73.96,75.52,73.45,73.57,59989
MET,11/01/2022,73.64,74.33,73.52,73.94,37791
MET,10/31/2022,72.83,73.57,72.78,73.21,46151
MET,10/28/2022,71.62,73.21,71.49,73.14,39081
MET,10/27/2022,71.35,72.09,71.04,71.15,31936
MET,10/26/2022,71.26,71.73,70.68,70.85,31803
MET,10/25/2022,68.78,71.04,68.65,70.93,52468
MET,10/24/2022,68.18,69.75,68.10,69.38,63603
MET,10/21/2022,66.39,68.17,66.01,68.06,52305
MET,10/20/2022,67.02,67.52,65.68,66.02,43953
MET,10/19/2022,67.24,67.92,66.56,67.34,31041
MET,10/18/2022,67.74,67.98,66.71,67.38,37275
MET,10/17/2022,66.56,67.06,65.87,66.27,44977
MET,10/14/2022,65.56,66.62,64.59,65.12,48399
MET,10/13/2022,61.77,65.51,61.05,65.24,64637
MET,10/12/2022,63.34,63.85,62.56,62.58,42019
MET,10/11/2022,63.09,64.35,62.93,63.32,39181
MET,10/10/2022,63.68,64.20,62.94,63.39,27930
MET,10/07/2022,64.03,64.32,62.70,63.25,36797
MET,10/06/2022,64.92,65.49,64.28,64.55,47221
MET,10/05/2022,64.57,65.62,64.45,65.26,30855
MET,10/04/2022,63.63,65.54,63.61,65.46,42318
MET,10/03/2022,61.66,62.99,60.68,62.62,47202
MET,09/30/2022,61.14,62.14,60.69,60.78,54576
MET,09/29/2022,61.21,61.46,60.05,61.07,47715
MET,09/28/2022,60.54,62.41,60.50,61.86,46391
MET,09/27/2022,61.28,61.64,60.06,60.76,37699
MET,09/26/2022,61.25,62.07,60.42,60.86,41948
MET,09/23/2022,62.62,62.90,60.99,61.86,45584
MET,09/22/2022,64.59,64.88,63.32,63.47,44170
MET,09/21/2022,65.90,66.22,64.50,64.52,35659
MET,09/20/2022,65.95,65.95,64.78,65.49,41849
MET,09/19/2022,64.34,66.37,64.30,66.28,50256
MET,09/16/2022,65.36,65.36,64.25,65.08,99367
MET,09/15/2022,66.28,66.83,65.50,65.69,57730
MET,09/14/2022,66.87,67.49,65.86,66.41,36582
MET,09/13/2022,67.28,67.96,66.26,66.47,44494
MET,09/12/2022,68.24,68.92,68.01,68.52,32782
MET,09/09/2022,67.24,67.96,67.12,67.64,36879
MET,09/08/2022,66.07,67.09,65.79,66.82,68156
MET,09/07/2022,64.75,66.45,64.69,66.17,34198
MET,09/06/2022,65.38,65.76,64.45,65.05,41981
MET,09/02/2022,65.65,66.71,64.71,65.06,45979
MET,09/01/2022,63.99,64.91,63.17,64.84,40340
MET,08/31/2022,65.20,65.28,64.28,64.33,45429
MET,08/30/2022,65.51,65.73,64.49,64.98,38663
MET,08/29/2022,65.15,65.92,64.82,65.43,29327
MET,08/26/2022,67.59,67.83,65.63,65.68,30526
MET,08/25/2022,66.32,67.28,66.11,67.27,28199
MET,08/24/2022,65.49,66.24,65.24,66.04,24478
MET,08/23/2022,66.15,66.32,65.66,65.67,29407
MET,08/22/2022,66.47,66.47,65.70,65.91,36317
MET,08/19/2022,67.65,67.73,67.21,67.39,31304
MET,08/18/2022,67.38,68.12,67.28,68.01,25483
MET,08/17/2022,66.89,67.85,66.80,67.47,30954
MET,08/16/2022,67.15,67.99,67.10,67.66,25843
MET,08/15/2022,66.94,67.60,66.73,67.34,39685
MET,08/12/2022,66.81,67.88,66.81,67.81,39141
MET,08/11/2022,66.54,67.58,66.52,66.69,46563
MET,08/10/2022,64.86,65.98,64.64,65.93,41476
MET,08/09/2022,63.34,64.46,63.26,63.90,34817
MET,08/08/2022,63.25,63.55,62.66,62.94,34623
MET,08/05/2022,63.65,64.29,63.08,63.30,41464
MET,08/04/2022,64.20,64.88,63.55,63.80,73699
MET,08/03/2022,62.15,63.77,62.12,63.60,50840
MET,08/02/2022,62.89,62.96,61.93,62.01,38838
MET,08/01/2022,62.74,63.08,62.06,62.89,36011
MET,07/29/2022,62.23,63.72,61.71,63.25,55493
MET,07/28/2022,62.08,62.31,60.75,61.85,43659
MET,07/27/2022,61.58,62.46,61.20,62.25,33206
MET,07/26/2022,61.38,61.90,61.00,61.25,25606
MET,07/25/2022,61.24,61.93,60.77,61.63,27367
MET,07/22/2022,61.37,61.88,60.33,60.85,30826
MET,07/21/2022,61.05,61.30,60.17,61.11,37200
MET,07/20/2022,60.12,61.65,60.12,61.28,54825
MET,07/19/2022,59.96,61.23,59.75,60.80,51320
MET,07/18/2022,59.62,60.55,58.88,59.10,36627
MET,07/15/2022,58.65,59.44,57.81,59.03,38798
MET,07/14/2022,58.36,58.62,57.41,57.91,73387
MET,07/13/2022,61.03,61.12,59.30,59.95,58378
MET,07/12/2022,61.51,62.86,61.22,61.79,35044
MET,07/11/2022,62.24,62.88,61.94,62.11,22448
MET,07/08/2022,63.33,63.88,62.58,62.63,38360
MET,07/07/2022,62.65,63.24,62.43,63.03,55140
MET,07/06/2022,61.65,62.49,60.81,61.93,37879
MET,07/05/2022,62.16,62.47,61.10,62.34,29789
MET,07/01/2022,62.63,63.75,62.02,63.68,37370
MET,06/30/2022,62.05,63.13,61.39,62.79,38353
MET,06/29/2022,63.85,63.95,62.70,62.93,22558
MET,06/28/2022,64.52,65.18,63.71,63.74,29793
MET,06/27/2022,64.55,64.76,63.31,63.58,31243
MET,06/24/2022,61.68,64.57,61.53,64.22,60134
MET,06/23/2022,62.20,62.50,60.73,61.33,43725
MET,06/22/2022,61.39,62.43,61.35,61.75,43880
MET,06/21/2022,62.33,63.04,61.45,62.53,51722
MET,06/17/2022,60.70,61.80,60.39,60.87,92665
MET,06/16/2022,61.30,61.38,60.21,61.29,57838
MET,06/15/2022,62.60,63.31,61.33,62.31,46937
MET,06/14/2022,61.41,62.43,61.03,61.86,47737
MET,06/13/2022,62.29,62.36,60.54,61.04,53785
MET,06/10/2022,64.45,64.83,63.27,63.47,50996
MET,06/09/2022,67.15,67.56,65.99,66.01,37250
MET,06/08/2022,67.44,67.76,66.83,67.24,30811
MET,06/07/2022,66.68,67.89,66.40,67.69,33815
MET,06/06/2022,66.72,67.74,66.24,66.88,32355
MET,06/03/2022,66.64,67.25,65.98,66.19,24136
MET,06/02/2022,66.78,67.05,65.67,67.03,30804
MET,06/01/2022,67.80,67.82,65.98,66.66,36301
MET,05/31/2022,66.75,68.53,66.69,67.39,94666
MET,05/27/2022,66.91,67.94,66.73,67.72,39572
MET,05/26/2022,65.64,67.04,65.57,66.91,60164
MET,05/25/2022,63.55,65.07,63.55,64.60,58638
MET,05/24/2022,63.81,64.14,62.37,63.88,37384
MET,05/23/2022,63.00,64.40,62.87,63.95,48055
MET,05/20/2022,62.60,63.26,60.84,62.05,52675
MET,05/19/2022,62.41,63.60,61.81,62.39,42798
MET,05/18/2022,64.60,64.60,62.97,63.32,49503
MET,05/17/2022,64.80,65.43,64.55,64.99,44753
MET,05/16/2022,63.29,64.01,62.79,63.62,41992
MET,05/13/2022,63.30,64.03,62.82,63.42,44353
MET,05/12/2022,64.05,64.10,61.42,62.91,66698
MET,05/11/2022,65.02,66.31,64.05,64.12,51324
MET,05/10/2022,66.10,67.05,64.27,64.81,54467
MET,05/09/2022,66.59,67.18,65.37,65.64,72699
MET,05/06/2022,67.55,67.73,66.39,67.54,48082
MET,05/05/2022,67.24,69.50,66.57,67.50,45936
MET,05/04/2022,66.56,68.67,66.37,68.31,37375
MET,05/03/2022,66.34,67.38,65.95,66.64,35845
MET,05/02/2022,66.15,66.50,64.88,66.14,32231
MET,04/29/2022,67.41,68.07,65.43,65.68,36455
MET,04/28/2022,67.61,67.93,66.16,67.77,31986
MET,04/27/2022,66.83,67.60,66.26,66.90,31293
MET,04/26/2022,67.92,68.81,66.70,66.72,33000
MET,04/25/2022,68.65,69.24,66.61,69.08,69905
MET,04/22/2022,71.43,71.51,69.50,69.56,29111
MET,04/21/2022,73.00,73.18,71.42,71.58,21588
MET,04/20/2022,72.08,73.09,72.08,72.44,24127
MET,04/19/2022,71.52,72.09,71.23,71.84,24382
MET,04/18/2022,70.33,71.64,70.15,71.23,30200
MET,04/14/2022,70.43,71.12,70.14,70.64,28196
MET,04/13/2022,69.79,70.53,69.29,70.45,21184
MET,04/12/2022,70.79,71.54,69.71,70.16,27054
MET,04/11/2022,70.68,71.79,70.42,70.58,26223
MET,04/08/2022,70.12,71.15,69.77,70.61,29237
MET,04/07/2022,69.90,70.08,68.17,69.55,34491
MET,04/06/2022,70.06,70.76,69.78,70.07,40998
MET,04/05/2022,69.57,70.75,69.43,70.01,43117
MET,04/04/2022,70.31,70.41,69.16,69.64,27401
MET,04/01/2022,70.84,71.48,70.09,70.50,40224
MET,03/31/2022,71.50,71.93,70.27,70.28,45504
MET,03/30/2022,71.59,72.21,71.19,71.63,44655
MET,03/29/2022,72.05,72.23,70.83,71.51,38174
MET,03/28/2022,71.13,71.29,70.30,71.28,35356
MET,03/25/2022,69.96,71.60,69.96,71.29,30750
MET,03/24/2022,69.84,70.66,69.62,70.19,29929
MET,03/23/2022,69.92,70.75,69.38,69.42,37712
MET,03/22/2022,69.74,71.16,69.63,70.32,48909
MET,03/21/2022,69.03,69.31,68.06,68.77,58332
MET,03/18/2022,67.98,68.51,67.13,68.45,109018
MET,03/17/2022,66.74,68.20,66.34,68.17,44209
MET,03/16/2022,66.19,67.76,66.06,67.52,64059
MET,03/15/2022,65.22,65.70,64.54,65.32,37400
MET,03/14/2022,65.31,65.76,64.23,64.69,50424
MET,03/11/2022,64.79,65.52,64.06,64.20,39796
MET,03/10/2022,63.61,64.74,63.38,64.28,35549
MET,03/09/2022,64.69,65.27,64.05,64.44,48391
MET,03/08/2022,62.51,63.93,61.62,61.96,58098
MET,03/07/2022,63.08,63.31,61.81,61.97,62235
MET,03/04/2022,64.80,65.14,62.78,63.98,68158
MET,03/03/2022,66.58,67.24,65.72,66.56,41565
MET,03/02/2022,65.05,66.94,64.89,66.41,44350
MET,03/01/2022,66.69,66.92,63.76,64.44,73299
MET,02/28/2022,66.25,67.65,66.03,67.55,53817
MET,02/25/2022,66.54,68.78,66.54,68.56,46447
MET,02/24/2022,65.85,66.39,64.26,66.22,71030
MET,02/23/2022,69.45,69.74,67.76,68.05,42157
MET,02/22/2022,69.49,69.97,68.18,68.96,37484
MET,02/18/2022,69.53,70.74,69.52,69.55,50909
MET,02/17/2022,70.52,70.87,69.36,69.81,36941
MET,02/16/2022,70.97,72.28,70.77,71.53,34008
MET,02/15/2022,70.87,72.03,70.76,71.57,31203
MET,02/14/2022,70.95,71.47,69.57,70.13,68539
