MOH,06/23/2023,286.91,289.07,284.34,288.10,286
MOH,06/22/2023,284.25,288.27,283.57,287.43,4907
MOH,06/21/2023,277.12,283.20,276.89,283.00,4140
MOH,06/20/2023,274.58,279.76,273.63,278.81,5455
MOH,06/16/2023,284.58,287.69,273.58,278.02,7532
MOH,06/15/2023,277.68,285.65,275.50,283.81,4367
MOH,06/14/2023,271.86,283.30,269.67,275.49,9336
MOH,06/13/2023,287.16,295.51,287.16,290.85,5796
MOH,06/12/2023,283.39,289.18,283.21,288.67,3551
MOH,06/09/2023,286.43,290.10,284.10,284.34,3365
MOH,06/08/2023,283.72,287.55,282.81,287.34,2133
MOH,06/07/2023,285.97,287.29,283.35,284.06,3139
MOH,06/06/2023,293.68,294.00,284.04,286.99,3887
MOH,06/05/2023,288.64,293.56,286.63,293.14,3671
MOH,06/02/2023,283.89,289.31,282.49,287.17,3539
MOH,06/01/2023,273.01,285.07,273.01,282.97,4119
MOH,05/31/2023,268.88,274.54,266.35,273.90,11804
MOH,05/30/2023,271.50,276.32,269.59,269.86,4386
MOH,05/26/2023,272.60,276.27,272.07,273.03,3875
MOH,05/25/2023,279.13,279.39,271.51,273.41,4542
MOH,05/24/2023,284.52,285.02,281.73,281.74,2662
MOH,05/23/2023,285.66,287.37,282.76,284.85,2733
MOH,05/22/2023,286.67,288.99,285.90,287.99,3684
MOH,05/19/2023,283.79,285.90,280.81,285.17,5209
MOH,05/18/2023,294.45,296.40,282.57,284.83,4781
MOH,05/17/2023,287.71,295.83,286.30,295.46,3542
MOH,05/16/2023,292.77,294.14,287.68,288.29,3608
MOH,05/15/2023,299.13,300.14,288.93,292.95,4287
MOH,05/12/2023,297.75,300.64,296.76,298.71,3721
MOH,05/11/2023,291.86,297.76,291.66,297.40,4153
MOH,05/10/2023,293.45,294.37,289.75,292.12,3076
MOH,05/09/2023,294.60,297.82,292.26,292.80,2882
MOH,05/08/2023,298.02,298.91,293.69,294.98,2963
MOH,05/05/2023,294.02,303.00,292.13,299.53,3699
MOH,05/04/2023,296.03,296.03,291.24,291.36,3758
MOH,05/03/2023,298.12,300.82,293.26,295.82,3742
MOH,05/02/2023,306.62,306.82,294.30,297.57,5196
MOH,05/01/2023,300.37,307.03,298.35,305.50,5030
MOH,04/28/2023,298.57,300.48,294.61,297.89,5056
MOH,04/27/2023,280.33,297.12,280.33,296.92,9426
MOH,04/26/2023,276.72,278.50,272.62,275.57,4825
MOH,04/25/2023,285.79,287.11,279.10,279.28,4921
MOH,04/24/2023,276.65,284.49,275.80,283.66,3852
MOH,04/21/2023,280.48,280.48,272.24,275.54,4632
MOH,04/20/2023,277.10,278.05,274.79,276.04,7497
MOH,04/19/2023,289.54,289.80,274.11,277.47,7053
MOH,04/18/2023,293.73,294.96,287.85,290.72,6931
MOH,04/17/2023,293.41,295.33,291.35,295.13,3496
MOH,04/14/2023,301.45,303.52,292.75,293.70,5718
MOH,04/13/2023,296.37,303.99,296.15,302.47,6153
MOH,04/12/2023,294.24,301.12,293.04,296.05,6227
MOH,04/11/2023,290.51,294.36,290.24,294.23,4430
MOH,04/10/2023,284.54,290.20,283.74,289.83,5341
MOH,04/06/2023,285.56,288.65,282.62,285.57,5702
MOH,04/05/2023,275.48,285.18,274.37,283.91,7911
MOH,04/04/2023,271.21,273.20,270.75,272.89,5041
MOH,04/03/2023,271.64,274.46,269.94,272.00,6101
MOH,03/31/2023,267.50,269.00,265.42,267.49,3653
MOH,03/30/2023,266.41,266.62,263.20,266.03,3349
MOH,03/29/2023,266.42,267.37,263.56,265.46,4444
MOH,03/28/2023,269.01,270.71,263.79,265.79,4566
MOH,03/27/2023,271.74,273.15,268.27,269.64,2718
MOH,03/24/2023,263.32,267.91,261.24,267.72,4563
MOH,03/23/2023,265.09,266.43,260.83,263.68,9209
MOH,03/22/2023,267.10,269.49,265.00,265.09,4936
MOH,03/21/2023,264.28,267.13,263.15,266.24,4420
MOH,03/20/2023,263.70,268.36,263.18,265.10,4826
MOH,03/17/2023,264.64,264.97,260.75,263.71,7952
MOH,03/16/2023,258.98,265.35,258.42,263.78,3404
MOH,03/15/2023,258.62,262.75,257.87,260.64,4492
MOH,03/14/2023,265.61,267.80,256.19,261.14,5488
MOH,03/13/2023,260.80,266.80,260.70,263.69,6193
MOH,03/10/2023,265.04,267.08,260.70,261.35,5019
MOH,03/09/2023,271.60,272.13,262.15,264.23,5282
MOH,03/08/2023,275.41,276.79,268.75,269.48,6296
MOH,03/07/2023,281.66,281.90,273.83,276.40,3397
MOH,03/06/2023,281.16,284.32,280.67,280.99,6630
MOH,03/03/2023,277.68,280.69,273.44,280.60,3614
MOH,03/02/2023,274.08,279.92,271.75,277.83,4455
MOH,03/01/2023,273.58,277.11,273.29,273.80,4386
MOH,02/28/2023,285.31,286.89,273.98,275.33,8218
MOH,02/27/2023,289.14,291.06,285.57,285.89,3352
MOH,02/24/2023,292.70,292.70,286.92,287.29,3573
MOH,02/23/2023,294.05,295.61,288.47,293.69,4169
MOH,02/22/2023,293.72,295.81,292.05,294.15,3222
MOH,02/21/2023,294.39,295.86,290.54,292.67,4208
MOH,02/17/2023,293.03,297.41,291.87,296.07,5867
MOH,02/16/2023,292.83,296.82,291.99,292.97,3880
MOH,02/15/2023,296.31,297.48,292.55,293.92,4816
MOH,02/14/2023,299.64,302.67,296.39,297.91,4197
MOH,02/13/2023,303.31,305.17,297.88,299.38,5492
MOH,02/10/2023,301.26,306.24,298.34,304.31,6223
MOH,02/09/2023,315.08,316.51,299.23,301.33,9140
MOH,02/08/2023,301.18,307.66,301.18,307.17,7218
MOH,02/07/2023,298.43,302.77,295.79,302.77,3894
MOH,02/06/2023,302.27,305.62,298.69,299.05,3717
MOH,02/03/2023,304.90,308.81,298.49,301.07,4528
MOH,02/02/2023,305.80,309.03,301.51,304.39,8063
MOH,02/01/2023,311.45,313.99,308.11,311.75,4968
MOH,01/31/2023,303.99,312.36,303.99,311.83,5652
MOH,01/30/2023,302.12,307.75,301.01,302.69,6360
MOH,01/27/2023,298.83,301.55,294.72,300.41,4144
MOH,01/26/2023,298.22,300.57,296.12,298.35,2614
MOH,01/25/2023,296.63,301.27,295.85,297.22,4203
MOH,01/24/2023,295.02,296.92,292.03,296.21,2718
MOH,01/23/2023,298.36,299.30,291.73,297.27,3718
MOH,01/20/2023,297.45,297.81,293.27,297.45,5921
MOH,01/19/2023,297.18,301.00,295.86,298.07,4728
MOH,01/18/2023,298.90,301.48,294.69,295.20,4090
MOH,01/17/2023,301.58,305.31,297.47,299.32,3928
MOH,01/13/2023,297.85,305.62,295.80,300.25,3096
MOH,01/12/2023,302.05,302.05,297.06,299.15,3650
MOH,01/11/2023,293.84,302.76,292.01,302.76,7050
MOH,01/10/2023,298.00,299.09,291.94,292.00,6960
MOH,01/09/2023,303.44,304.50,296.35,296.40,5729
MOH,01/06/2023,300.36,304.16,299.53,301.70,6978
MOH,01/05/2023,311.29,312.18,297.90,298.54,8289
MOH,01/04/2023,320.05,321.85,312.64,313.53,5858
MOH,01/03/2023,327.00,328.39,308.74,318.92,12907
MOH,12/30/2022,331.41,331.41,327.06,330.22,2722
MOH,12/29/2022,334.88,334.92,332.51,333.27,2023
MOH,12/28/2022,334.30,336.58,331.56,332.42,1650
MOH,12/27/2022,336.33,340.32,333.58,334.37,1988
MOH,12/23/2022,334.39,335.88,332.40,335.08,1947
MOH,12/22/2022,331.24,336.33,329.38,335.32,2034
MOH,12/21/2022,330.32,333.82,324.18,333.77,4091
MOH,12/20/2022,331.83,333.28,328.94,329.40,7883
MOH,12/19/2022,333.61,335.58,328.64,331.65,6551
MOH,12/16/2022,336.47,338.26,330.65,334.89,11522
MOH,12/15/2022,347.58,350.06,336.57,338.94,7831
MOH,12/14/2022,347.57,352.54,345.33,349.51,7153
MOH,12/13/2022,355.86,357.30,341.57,348.70,7208
MOH,12/12/2022,344.90,355.22,341.12,353.06,7044
MOH,12/09/2022,340.92,342.52,337.42,341.15,6071
MOH,12/08/2022,340.67,343.35,338.41,339.75,2279
MOH,12/07/2022,336.00,341.36,335.05,339.28,3426
MOH,12/06/2022,334.46,338.69,333.03,335.63,3829
MOH,12/05/2022,331.40,336.10,330.35,335.11,2624
MOH,12/02/2022,334.82,340.28,333.38,334.17,4370
MOH,12/01/2022,338.21,339.43,334.29,334.83,3690
MOH,11/30/2022,322.73,338.18,321.85,336.77,13335
MOH,11/29/2022,325.39,329.18,322.59,322.72,4810
MOH,11/28/2022,325.00,329.18,324.91,326.53,5493
MOH,11/25/2022,321.57,329.22,321.57,327.08,2281
MOH,11/23/2022,317.00,320.71,316.42,320.58,4722
MOH,11/22/2022,319.77,319.80,315.00,316.55,5789
MOH,11/21/2022,317.75,319.06,315.28,316.89,6894
MOH,11/18/2022,317.00,320.12,314.62,317.75,6038
MOH,11/17/2022,311.35,318.50,310.57,312.10,4444
MOH,11/16/2022,316.07,317.67,310.63,312.82,3353
MOH,11/15/2022,316.94,318.54,305.31,312.03,8778
MOH,11/14/2022,320.44,325.14,313.75,314.68,5575
MOH,11/11/2022,331.28,331.28,307.70,317.50,7483
MOH,11/10/2022,334.23,334.23,322.26,329.69,4266
MOH,11/09/2022,334.21,335.39,325.44,326.80,4712
MOH,11/08/2022,330.00,340.91,330.00,334.97,3859
MOH,11/07/2022,331.56,332.82,323.25,330.88,4269
MOH,11/04/2022,354.26,354.26,324.53,330.55,7599
MOH,11/03/2022,347.70,355.13,345.03,352.95,3262
MOH,11/02/2022,355.67,356.14,349.98,350.34,4120
MOH,11/01/2022,358.00,359.01,352.01,355.97,4468
MOH,10/31/2022,352.48,364.18,352.48,358.86,6664
MOH,10/28/2022,353.94,356.01,349.29,354.50,5679
MOH,10/27/2022,372.00,372.13,350.93,351.79,8832
MOH,10/26/2022,367.72,374.00,366.55,369.23,5667
MOH,10/25/2022,366.45,371.01,363.34,366.25,5574
MOH,10/24/2022,361.85,368.86,361.47,364.59,4182
MOH,10/21/2022,353.15,362.24,352.09,360.38,9759
MOH,10/20/2022,353.50,359.74,351.08,354.36,5285
MOH,10/19/2022,358.73,359.79,351.46,353.21,5773
MOH,10/18/2022,357.00,361.03,354.90,359.60,3924
MOH,10/17/2022,354.96,358.02,351.97,352.46,4274
MOH,10/14/2022,360.52,362.75,348.31,351.86,5164
MOH,10/13/2022,347.45,359.80,345.85,357.19,3407
MOH,10/12/2022,354.38,356.04,350.67,351.00,2686
MOH,10/11/2022,350.53,360.25,349.84,352.69,4552
MOH,10/10/2022,351.57,353.58,345.58,350.45,2920
MOH,10/07/2022,351.36,351.36,342.23,348.76,5387
MOH,10/06/2022,353.27,357.14,351.80,354.07,4078
MOH,10/05/2022,345.67,356.24,345.07,354.47,4306
MOH,10/04/2022,340.89,348.61,338.06,348.47,4006
MOH,10/03/2022,332.34,339.86,330.41,339.33,3065
MOH,09/30/2022,330.40,338.21,329.20,329.84,4318
MOH,09/29/2022,333.50,333.50,328.36,331.10,3904
MOH,09/28/2022,330.00,335.21,324.57,333.60,3061
MOH,09/27/2022,329.26,333.74,326.72,328.20,3129
MOH,09/26/2022,325.02,329.81,324.07,326.82,3565
MOH,09/23/2022,327.72,329.11,323.65,328.74,3336
MOH,09/22/2022,330.30,332.93,327.01,329.51,3567
MOH,09/21/2022,339.07,341.90,331.66,331.92,3342
MOH,09/20/2022,342.00,342.00,336.17,337.90,6096
MOH,09/19/2022,336.62,344.67,335.01,343.77,7546
MOH,09/16/2022,340.58,340.70,333.20,339.37,12145
MOH,09/15/2022,339.56,345.86,338.89,341.73,6404
MOH,09/14/2022,343.38,343.85,333.74,336.09,6908
MOH,09/13/2022,345.36,347.76,342.59,343.39,2795
MOH,09/12/2022,348.23,350.62,344.86,349.36,4061
MOH,09/09/2022,354.29,354.41,347.87,348.23,4430
MOH,09/08/2022,345.31,354.05,343.40,353.42,3877
MOH,09/07/2022,338.68,346.59,335.30,346.12,3369
MOH,09/06/2022,338.00,346.98,335.80,338.69,4487
MOH,09/02/2022,343.02,344.53,335.64,338.22,3021
MOH,09/01/2022,336.92,341.70,335.51,341.12,3372
MOH,08/31/2022,336.33,342.41,333.20,337.37,7310
MOH,08/30/2022,345.85,346.48,335.58,335.99,3895
MOH,08/29/2022,334.70,346.28,333.01,344.96,5159
MOH,08/26/2022,355.40,361.25,337.37,338.51,11434
MOH,08/25/2022,324.76,327.91,321.77,327.50,2202
MOH,08/24/2022,321.79,325.22,320.28,323.93,2382
MOH,08/23/2022,328.52,328.52,321.70,321.99,3530
MOH,08/22/2022,327.77,331.20,327.71,329.50,2442
MOH,08/19/2022,329.17,334.74,327.99,331.71,2705
MOH,08/18/2022,332.75,332.75,326.80,328.79,4098
MOH,08/17/2022,332.22,333.35,329.30,331.92,1898
MOH,08/16/2022,332.63,335.63,331.23,334.43,3099
MOH,08/15/2022,330.33,336.73,327.54,333.39,3547
MOH,08/12/2022,329.31,333.08,328.65,332.43,2817
MOH,08/11/2022,330.16,331.19,327.00,328.40,2335
MOH,08/10/2022,329.48,331.22,325.72,329.77,3042
MOH,08/09/2022,328.04,333.16,326.56,327.04,2839
MOH,08/08/2022,327.04,329.57,325.61,327.70,2059
MOH,08/05/2022,322.14,325.29,319.58,324.91,2634
MOH,08/04/2022,328.38,328.38,321.51,323.32,3671
MOH,08/03/2022,329.01,330.51,324.63,328.06,2622
MOH,08/02/2022,324.96,329.72,320.65,327.04,2546
MOH,08/01/2022,325.84,328.80,321.61,324.95,3117
MOH,07/29/2022,318.00,328.36,317.01,327.72,3702
MOH,07/28/2022,305.10,318.31,302.00,317.09,4402
MOH,07/27/2022,307.54,308.56,302.37,305.85,3895
MOH,07/26/2022,308.79,309.77,304.39,308.68,2524
MOH,07/25/2022,303.53,308.37,302.39,307.71,3853
MOH,07/22/2022,304.18,304.19,298.01,301.67,5947
MOH,07/21/2022,300.00,303.42,294.72,302.52,3403
MOH,07/20/2022,303.38,304.32,295.68,299.14,8558
MOH,07/19/2022,300.72,306.07,299.75,304.95,3293
MOH,07/18/2022,299.16,301.97,296.55,298.02,3484
MOH,07/15/2022,290.07,299.38,286.69,298.89,4536
MOH,07/14/2022,281.50,285.63,278.04,285.07,2737
MOH,07/13/2022,282.26,287.29,281.25,282.34,2232
MOH,07/12/2022,285.17,288.95,284.04,285.39,3405
MOH,07/11/2022,282.35,288.92,282.35,285.99,2537
MOH,07/08/2022,279.71,288.74,279.71,285.21,2817
MOH,07/07/2022,281.20,282.77,278.42,279.16,2496
MOH,07/06/2022,279.16,282.56,278.11,280.72,3614
MOH,07/05/2022,281.24,281.92,267.58,278.61,4027
MOH,07/01/2022,279.38,283.59,275.10,282.90,2067
MOH,06/30/2022,277.93,281.65,276.20,279.61,6091
MOH,06/29/2022,274.26,282.36,271.81,281.46,4162
MOH,06/28/2022,275.68,279.98,272.00,272.23,2424
MOH,06/27/2022,268.90,277.44,266.87,274.56,3432
MOH,06/24/2022,267.65,269.30,262.71,267.13,11542
MOH,06/23/2022,261.81,266.18,260.74,265.61,3384
MOH,06/22/2022,256.97,262.73,255.48,260.55,3113
MOH,06/21/2022,256.26,259.78,254.76,258.58,5500
MOH,06/17/2022,256.86,259.55,249.78,251.75,7636
MOH,06/16/2022,255.14,256.88,252.42,254.73,4917
MOH,06/15/2022,264.40,265.35,255.38,260.34,4492
MOH,06/14/2022,262.11,264.12,256.96,261.69,4587
MOH,06/13/2022,270.77,271.86,261.03,262.19,4123
MOH,06/10/2022,273.14,279.33,271.20,276.41,3793
MOH,06/09/2022,281.97,283.20,276.11,276.99,4426
MOH,06/08/2022,286.79,288.83,283.14,283.45,2056
MOH,06/07/2022,286.93,288.46,283.35,288.10,2129
MOH,06/06/2022,284.40,286.92,281.88,286.65,3096
MOH,06/03/2022,287.61,287.67,281.10,281.74,3147
MOH,06/02/2022,288.00,291.15,281.54,289.19,5264
MOH,06/01/2022,291.13,292.61,280.71,287.38,7272
MOH,05/31/2022,302.70,302.70,289.10,290.22,6038
MOH,05/27/2022,299.58,306.11,297.29,305.08,6425
MOH,05/26/2022,303.80,306.00,292.79,299.02,5904
MOH,05/25/2022,311.59,315.91,308.88,314.68,3743
MOH,05/24/2022,313.11,313.77,304.83,312.59,2702
MOH,05/23/2022,312.24,314.66,308.91,311.81,3121
MOH,05/20/2022,309.35,314.49,301.32,309.53,3920
MOH,05/19/2022,299.88,313.98,299.88,309.32,4714
MOH,05/18/2022,305.89,307.66,300.13,304.00,6001
MOH,05/17/2022,306.13,310.82,302.55,307.68,3795
MOH,05/16/2022,294.93,307.35,294.02,303.58,4241
MOH,05/13/2022,290.88,296.72,288.09,295.89,2900
MOH,05/12/2022,288.60,290.00,283.03,289.71,3556
MOH,05/11/2022,291.20,301.28,288.25,288.54,4347
MOH,05/10/2022,299.62,299.62,289.04,292.50,4332
MOH,05/09/2022,304.35,305.64,295.56,296.50,4067
MOH,05/06/2022,307.94,314.64,305.34,308.11,3115
MOH,05/05/2022,311.33,313.20,305.46,311.56,4004
MOH,05/04/2022,308.88,313.27,302.44,312.10,3053
MOH,05/03/2022,308.17,312.90,306.02,307.02,2873
MOH,05/02/2022,316.69,316.69,301.84,306.45,4344
MOH,04/29/2022,312.67,318.98,311.33,313.45,4893
MOH,04/28/2022,321.45,325.00,310.35,315.38,7066
MOH,04/27/2022,322.95,328.34,319.47,323.84,5542
MOH,04/26/2022,323.93,326.89,321.38,321.55,3885
MOH,04/25/2022,324.65,327.63,320.47,326.72,3138
MOH,04/22/2022,338.73,338.73,324.68,325.18,4691
MOH,04/21/2022,348.95,350.19,338.91,340.76,2413
MOH,04/20/2022,338.09,348.56,337.19,347.53,3360
MOH,04/19/2022,335.40,337.22,332.51,335.57,3096
MOH,04/18/2022,336.21,336.32,331.40,332.76,2211
MOH,04/14/2022,335.65,342.38,335.57,335.94,2297
MOH,04/13/2022,331.71,335.46,330.58,334.17,2718
MOH,04/12/2022,333.18,337.69,331.03,331.88,2609
MOH,04/11/2022,339.13,342.99,332.72,333.06,3876
MOH,04/08/2022,342.28,343.49,336.95,337.60,3643
MOH,04/07/2022,337.64,343.82,336.70,342.30,2822
MOH,04/06/2022,329.46,339.20,328.31,338.72,3773
MOH,04/05/2022,327.05,334.45,324.79,329.29,3548
MOH,04/04/2022,338.40,340.53,327.51,328.67,4444
MOH,04/01/2022,335.65,340.96,334.10,339.41,2606
MOH,03/31/2022,339.60,341.05,333.34,333.59,3876
MOH,03/30/2022,343.65,345.02,339.80,341.38,2222
MOH,03/29/2022,345.09,345.09,338.96,343.43,2230
MOH,03/28/2022,341.12,343.72,339.87,342.61,2271
MOH,03/25/2022,337.74,340.36,335.03,340.11,2176
MOH,03/24/2022,332.92,337.97,331.97,337.50,3919
MOH,03/23/2022,335.16,338.27,331.45,331.86,2956
MOH,03/22/2022,338.70,341.46,335.92,338.17,2393
MOH,03/21/2022,343.35,347.62,335.18,337.34,4018
MOH,03/18/2022,336.69,344.69,330.70,343.35,7730
MOH,03/17/2022,327.98,337.44,327.51,337.41,3920
MOH,03/16/2022,329.02,334.31,323.56,329.85,5076
MOH,03/15/2022,312.45,328.36,308.67,327.77,5586
MOH,03/14/2022,316.51,317.01,306.54,308.70,3975
MOH,03/11/2022,317.00,319.90,312.20,313.11,2899
MOH,03/10/2022,308.78,317.03,306.36,316.22,4239
MOH,03/09/2022,315.84,317.36,309.04,312.25,4577
MOH,03/08/2022,308.59,312.27,300.40,308.57,6229
MOH,03/07/2022,321.00,321.00,308.35,311.82,5714
MOH,03/04/2022,306.13,324.59,304.78,323.63,5562
MOH,03/03/2022,309.42,316.42,306.53,314.12,5843
MOH,03/02/2022,315.00,323.37,307.15,308.51,10412
MOH,03/01/2022,306.10,313.99,295.24,311.88,139613
MOH,02/28/2022,313.24,313.50,294.02,306.87,18122
MOH,02/25/2022,308.58,318.85,308.58,318.34,2868
MOH,02/24/2022,297.75,308.48,295.21,307.53,3066
MOH,02/23/2022,309.41,312.18,303.33,303.93,2239
MOH,02/22/2022,313.21,314.10,304.04,307.68,3568
MOH,02/18/2022,319.42,326.00,314.21,314.87,3165
MOH,02/17/2022,321.42,322.46,318.18,319.84,3088
MOH,02/16/2022,316.37,324.60,316.37,322.43,3529
MOH,02/15/2022,310.39,320.08,308.66,319.79,4514
MOH,02/14/2022,302.84,309.47,302.84,307.51,4416
