MPLX,06/23/2023,33.35,33.52,33.29,33.50,902
MPLX,06/22/2023,33.62,33.63,33.21,33.43,11881
MPLX,06/21/2023,33.68,33.96,33.57,33.58,10062
MPLX,06/20/2023,34.24,34.25,33.53,33.64,13912
MPLX,06/16/2023,34.19,34.33,34.02,34.07,42347
MPLX,06/15/2023,33.81,33.99,33.79,33.90,14614
MPLX,06/14/2023,33.58,33.87,33.49,33.74,16560
MPLX,06/13/2023,33.57,33.86,33.48,33.56,13212
MPLX,06/12/2023,33.49,33.62,33.33,33.57,11560
MPLX,06/09/2023,33.62,33.72,33.47,33.51,23576
MPLX,06/08/2023,33.73,33.92,33.59,33.76,19451
MPLX,06/07/2023,33.68,33.81,33.50,33.73,24482
MPLX,06/06/2023,33.62,33.69,33.41,33.60,12684
MPLX,06/05/2023,33.83,33.91,33.48,33.65,12529
MPLX,06/02/2023,33.52,33.78,33.38,33.72,21096
MPLX,06/01/2023,33.29,33.44,33.17,33.33,19992
MPLX,05/31/2023,33.35,33.54,33.19,33.34,23775
MPLX,05/30/2023,33.80,33.80,33.36,33.44,19916
MPLX,05/26/2023,33.86,34.00,33.72,33.87,13735
MPLX,05/25/2023,34.00,34.00,33.61,33.96,12349
MPLX,05/24/2023,34.18,34.18,33.92,34.03,11708
MPLX,05/23/2023,34.26,34.37,34.01,34.20,15993
MPLX,05/22/2023,34.24,34.40,34.13,34.20,9377
MPLX,05/19/2023,34.32,34.35,34.08,34.25,8885
MPLX,05/18/2023,33.95,34.24,33.82,34.20,13292
MPLX,05/17/2023,33.79,34.03,33.63,34.00,11954
MPLX,05/16/2023,33.90,34.02,33.57,33.87,15304
MPLX,05/15/2023,34.31,34.33,33.91,33.91,28116
MPLX,05/12/2023,34.08,34.15,33.76,33.98,9417
MPLX,05/11/2023,34.05,34.05,33.78,33.97,12930
MPLX,05/10/2023,34.10,34.18,33.66,34.17,13235
MPLX,05/09/2023,33.76,34.07,33.73,34.00,10312
MPLX,05/08/2023,34.01,34.13,33.69,33.94,12393
MPLX,05/05/2023,34.09,34.32,33.72,33.99,21966
MPLX,05/04/2023,34.00,34.29,33.75,34.00,22841
MPLX,05/03/2023,35.00,35.13,34.71,34.96,34569
MPLX,05/02/2023,35.14,35.20,34.50,34.74,26505
MPLX,05/01/2023,35.00,35.11,34.85,34.88,14019
MPLX,04/28/2023,34.90,35.12,34.90,34.99,11671
MPLX,04/27/2023,34.86,35.02,34.70,34.94,10650
MPLX,04/26/2023,34.80,34.93,34.60,34.80,10226
MPLX,04/25/2023,34.80,34.90,34.65,34.80,10721
MPLX,04/24/2023,34.80,35.15,34.78,34.94,20878
MPLX,04/21/2023,34.77,34.86,34.59,34.78,21856
MPLX,04/20/2023,34.73,34.73,34.49,34.61,8646
MPLX,04/19/2023,34.60,34.79,34.60,34.66,11893
MPLX,04/18/2023,34.77,34.98,34.73,34.73,12695
MPLX,04/17/2023,34.92,35.11,34.74,34.86,17251
MPLX,04/14/2023,34.87,35.00,34.82,34.91,8657
MPLX,04/13/2023,34.62,34.93,34.54,34.77,12350
MPLX,04/12/2023,34.79,34.88,34.55,34.65,12185
MPLX,04/11/2023,34.56,34.81,34.48,34.63,20384
MPLX,04/10/2023,34.48,34.90,34.24,34.49,14784
MPLX,04/06/2023,34.60,34.86,34.50,34.58,14689
MPLX,04/05/2023,34.56,34.74,34.47,34.64,15065
MPLX,04/04/2023,34.81,34.81,34.10,34.47,11810
MPLX,04/03/2023,34.85,34.86,34.43,34.78,15700
MPLX,03/31/2023,34.54,34.75,34.42,34.45,16652
MPLX,03/30/2023,34.63,34.64,34.39,34.49,13114
MPLX,03/29/2023,34.37,34.55,34.26,34.41,10702
MPLX,03/28/2023,33.99,34.33,33.90,34.21,12015
MPLX,03/27/2023,34.17,34.28,33.95,34.10,13069
MPLX,03/24/2023,33.07,34.16,33.07,34.00,13090
MPLX,03/23/2023,34.00,34.09,33.21,33.60,15134
MPLX,03/22/2023,34.13,34.20,33.74,33.79,15200
MPLX,03/21/2023,34.00,34.32,33.90,34.02,19374
MPLX,03/20/2023,33.60,34.24,33.54,33.73,15020
MPLX,03/17/2023,33.74,33.84,33.03,33.59,54414
MPLX,03/16/2023,33.59,33.72,33.26,33.71,30365
MPLX,03/15/2023,34.17,34.57,33.72,33.92,26874
MPLX,03/14/2023,34.69,34.95,34.40,34.67,20945
MPLX,03/13/2023,34.35,34.72,33.93,34.45,22029
MPLX,03/10/2023,34.80,34.84,34.38,34.60,12784
MPLX,03/09/2023,34.98,35.10,34.64,34.69,15379
MPLX,03/08/2023,34.88,35.14,34.67,34.88,11918
MPLX,03/07/2023,34.95,35.00,34.72,34.86,10019
MPLX,03/06/2023,34.88,35.20,34.88,34.94,13652
MPLX,03/03/2023,35.00,35.15,34.83,34.91,21779
MPLX,03/02/2023,34.57,35.01,34.55,34.80,22805
MPLX,03/01/2023,34.71,34.74,34.34,34.48,15496
MPLX,02/28/2023,34.81,35.04,34.60,34.63,15440
MPLX,02/27/2023,34.95,35.03,34.60,34.86,8978
MPLX,02/24/2023,34.55,34.92,34.46,34.77,8971
MPLX,02/23/2023,34.97,35.01,34.63,34.71,10198
MPLX,02/22/2023,34.90,34.99,34.43,34.76,11165
MPLX,02/21/2023,34.90,34.92,34.55,34.72,15455
MPLX,02/17/2023,34.70,35.03,34.66,34.91,14641
MPLX,02/16/2023,35.00,35.36,34.84,35.12,33316
MPLX,02/15/2023,34.70,35.09,34.61,35.01,16218
MPLX,02/14/2023,34.73,35.04,34.50,34.64,20251
MPLX,02/13/2023,34.54,34.71,34.43,34.43,11002
MPLX,02/10/2023,34.67,34.72,34.30,34.46,26535
MPLX,02/09/2023,34.50,34.68,34.36,34.56,9255
MPLX,02/08/2023,34.00,34.67,34.00,34.59,28313
MPLX,02/07/2023,34.11,34.21,33.75,33.97,12984
MPLX,02/06/2023,34.00,34.21,33.69,34.09,14337
MPLX,02/03/2023,34.11,34.63,34.02,34.09,14874
MPLX,02/02/2023,34.95,35.17,34.75,34.87,23510
MPLX,02/01/2023,35.14,35.14,34.67,34.80,18043
MPLX,01/31/2023,34.81,35.15,34.50,34.92,18225
MPLX,01/30/2023,34.85,35.08,34.44,34.67,21945
MPLX,01/27/2023,35.00,35.21,34.84,34.85,12946
MPLX,01/26/2023,35.05,35.05,34.72,34.95,11456
MPLX,01/25/2023,34.77,34.85,34.30,34.74,9131
MPLX,01/24/2023,34.95,35.06,29.64,34.74,11708
MPLX,01/23/2023,34.55,34.91,34.39,34.87,32446
MPLX,01/20/2023,34.61,34.65,34.27,34.47,10926
MPLX,01/19/2023,33.89,34.58,33.75,34.38,11834
MPLX,01/18/2023,34.46,34.55,33.92,33.96,12458
MPLX,01/17/2023,34.25,34.48,34.10,34.25,8468
MPLX,01/13/2023,34.08,34.37,33.96,34.10,6515
MPLX,01/12/2023,33.94,34.20,33.70,34.13,16975
MPLX,01/11/2023,33.69,33.97,33.57,33.68,12833
MPLX,01/10/2023,33.68,33.89,33.42,33.45,10901
MPLX,01/09/2023,34.00,34.20,33.47,33.61,16007
MPLX,01/06/2023,33.24,33.69,33.17,33.59,17661
MPLX,01/05/2023,32.82,32.97,32.25,32.96,16166
MPLX,01/04/2023,32.56,32.93,32.45,32.82,14503
MPLX,01/03/2023,32.73,33.09,32.44,32.58,19493
MPLX,12/30/2022,32.34,33.07,32.17,32.84,19045
MPLX,12/29/2022,31.90,32.48,31.88,32.35,7759
MPLX,12/28/2022,32.32,32.48,31.90,31.93,10984
MPLX,12/27/2022,32.67,32.71,32.38,32.50,9607
MPLX,12/23/2022,32.22,32.72,32.15,32.72,8445
MPLX,12/22/2022,32.25,32.27,31.82,32.17,13092
MPLX,12/21/2022,32.20,32.40,31.96,32.35,12594
MPLX,12/20/2022,31.83,32.33,31.83,31.96,11386
MPLX,12/19/2022,32.14,32.35,31.82,31.96,15151
MPLX,12/16/2022,31.70,32.24,31.52,32.18,34341
MPLX,12/15/2022,32.04,32.20,31.75,32.12,24686
MPLX,12/14/2022,32.70,32.70,32.11,32.34,16390
MPLX,12/13/2022,32.87,32.93,32.12,32.80,19412
MPLX,12/12/2022,31.62,32.32,31.44,32.32,12120
MPLX,12/09/2022,31.55,31.88,31.34,31.37,20404
MPLX,12/08/2022,32.24,32.43,31.74,31.75,13253
MPLX,12/07/2022,32.56,32.71,31.91,31.92,16956
MPLX,12/06/2022,33.17,33.51,32.19,32.65,18346
MPLX,12/05/2022,33.93,34.07,33.06,33.34,17212
MPLX,12/02/2022,33.74,34.09,33.67,33.82,10741
MPLX,12/01/2022,33.99,33.99,33.76,33.84,9460
MPLX,11/30/2022,33.94,34.19,33.47,33.99,23417
MPLX,11/29/2022,33.41,33.74,33.34,33.74,8472
MPLX,11/28/2022,33.29,33.53,33.18,33.25,11161
MPLX,11/25/2022,33.76,33.84,33.52,33.63,7999
MPLX,11/23/2022,33.76,34.06,33.33,33.37,12387
MPLX,11/22/2022,33.25,34.00,32.86,33.94,19277
MPLX,11/21/2022,32.79,32.86,32.34,32.83,13425
MPLX,11/18/2022,32.11,33.18,32.00,33.17,10893
MPLX,11/17/2022,32.53,32.70,32.17,32.31,10889
MPLX,11/16/2022,32.68,32.97,32.50,32.91,14319
MPLX,11/15/2022,33.71,33.91,32.85,32.86,17175
MPLX,11/14/2022,33.16,33.88,33.11,33.61,17789
MPLX,11/11/2022,34.39,34.39,33.51,33.93,18454
MPLX,11/10/2022,33.85,34.11,33.55,33.99,9750
MPLX,11/09/2022,34.01,34.01,33.31,33.38,15935
MPLX,11/08/2022,34.54,34.60,34.00,34.08,19807
MPLX,11/07/2022,34.00,34.56,34.00,34.39,17008
MPLX,11/04/2022,34.42,34.65,33.74,34.07,21908
MPLX,11/03/2022,34.00,34.39,33.75,34.00,19233
MPLX,11/02/2022,34.40,34.65,33.87,34.06,20305
MPLX,11/01/2022,34.25,35.11,33.98,34.49,33816
MPLX,10/31/2022,33.22,33.95,33.22,33.54,22024
MPLX,10/28/2022,33.18,33.64,32.84,33.52,18691
MPLX,10/27/2022,33.06,33.36,32.80,33.10,15230
MPLX,10/26/2022,33.30,33.40,32.78,32.83,22799
MPLX,10/25/2022,32.62,33.22,32.51,33.12,17068
MPLX,10/24/2022,33.28,33.28,32.54,32.77,16151
MPLX,10/21/2022,32.59,33.32,32.56,33.32,21674
MPLX,10/20/2022,32.50,32.80,32.22,32.52,17911
MPLX,10/19/2022,32.51,32.85,32.19,32.43,12932
MPLX,10/18/2022,32.37,32.87,32.29,32.82,39893
MPLX,10/17/2022,31.73,32.23,31.40,32.13,12976
MPLX,10/14/2022,31.70,31.80,31.15,31.32,11562
MPLX,10/13/2022,30.65,32.07,30.32,31.68,19846
MPLX,10/12/2022,31.28,31.78,30.92,30.98,22443
MPLX,10/11/2022,30.45,31.57,30.30,31.46,14999
MPLX,10/10/2022,31.10,31.66,30.62,30.73,13753
MPLX,10/07/2022,31.27,31.73,31.02,31.08,13890
MPLX,10/06/2022,31.25,31.73,31.24,31.27,15839
MPLX,10/05/2022,31.18,31.85,31.00,31.46,20303
MPLX,10/04/2022,30.79,31.63,30.79,31.44,20108
MPLX,10/03/2022,30.68,30.88,30.34,30.36,15687
MPLX,09/30/2022,29.55,30.55,29.55,30.01,15839
MPLX,09/29/2022,30.00,30.22,29.21,29.72,18414
MPLX,09/28/2022,28.97,30.41,28.95,30.36,27995
MPLX,09/27/2022,29.08,29.50,28.70,28.83,31828
MPLX,09/26/2022,29.10,29.66,28.56,28.56,30569
MPLX,09/23/2022,30.51,30.53,28.89,29.33,36074
MPLX,09/22/2022,32.00,32.19,31.12,31.12,16402
MPLX,09/21/2022,32.68,32.93,31.72,31.75,14321
MPLX,09/20/2022,32.20,32.61,32.20,32.41,6670
MPLX,09/19/2022,31.87,32.53,31.84,32.52,10721
MPLX,09/16/2022,32.68,32.71,32.01,32.49,14375
MPLX,09/15/2022,32.82,33.33,32.77,32.94,8699
MPLX,09/14/2022,33.11,33.49,32.90,33.17,12010
MPLX,09/13/2022,32.84,33.28,32.75,32.77,10515
MPLX,09/12/2022,33.46,33.71,33.12,33.18,10865
MPLX,09/09/2022,33.03,33.35,32.97,33.20,14154
MPLX,09/08/2022,32.45,32.79,32.39,32.66,11656
MPLX,09/07/2022,32.00,32.73,31.83,32.49,11200
MPLX,09/06/2022,32.70,32.90,32.10,32.21,11789
MPLX,09/02/2022,32.85,32.92,32.15,32.54,12743
MPLX,09/01/2022,32.35,32.69,31.88,32.38,12690
MPLX,08/31/2022,32.20,32.93,32.09,32.62,12615
MPLX,08/30/2022,33.15,33.25,32.43,32.58,16225
MPLX,08/29/2022,33.19,33.70,33.15,33.40,19848
MPLX,08/26/2022,33.44,33.68,33.15,33.25,11677
MPLX,08/25/2022,33.20,33.75,33.14,33.59,15760
MPLX,08/24/2022,33.09,33.19,32.90,33.12,10217
MPLX,08/23/2022,32.79,33.28,32.74,32.94,10729
MPLX,08/22/2022,32.40,32.75,32.31,32.51,12411
MPLX,08/19/2022,32.60,33.09,32.60,32.64,11491
MPLX,08/18/2022,32.67,33.00,32.53,32.89,10949
MPLX,08/17/2022,32.60,32.93,32.43,32.43,10937
MPLX,08/16/2022,32.33,32.85,32.28,32.79,11921
MPLX,08/15/2022,31.72,32.33,31.41,32.15,12312
MPLX,08/12/2022,32.28,32.63,32.15,32.42,13480
MPLX,08/11/2022,31.90,32.27,31.85,32.18,18532
MPLX,08/10/2022,31.39,31.82,31.23,31.61,10686
MPLX,08/09/2022,30.63,31.37,30.63,31.16,12033
MPLX,08/08/2022,30.15,30.89,30.15,30.59,16182
MPLX,08/05/2022,30.13,30.67,30.00,30.15,17336
MPLX,08/04/2022,31.32,31.47,30.41,30.52,20534
MPLX,08/03/2022,32.30,32.53,31.81,32.25,18627
MPLX,08/02/2022,32.36,32.50,31.69,32.02,19447
MPLX,08/01/2022,32.37,32.55,31.94,32.36,14993
MPLX,07/29/2022,32.65,33.06,32.47,32.51,22205
MPLX,07/28/2022,32.29,32.54,31.85,32.51,10731
MPLX,07/27/2022,31.70,32.13,31.45,31.99,13090
MPLX,07/26/2022,31.11,31.67,31.08,31.56,9515
MPLX,07/25/2022,30.60,31.26,30.37,31.25,15091
MPLX,07/22/2022,30.51,30.75,30.07,30.26,11192
MPLX,07/21/2022,30.28,30.73,30.08,30.53,14105
MPLX,07/20/2022,30.68,30.94,30.37,30.83,12415
MPLX,07/19/2022,30.38,30.86,30.21,30.74,10724
MPLX,07/18/2022,30.26,30.60,30.01,30.19,24513
MPLX,07/15/2022,29.51,29.97,29.14,29.95,11809
MPLX,07/14/2022,28.72,29.23,28.11,29.19,23589
MPLX,07/13/2022,28.77,29.68,28.77,29.47,9518
MPLX,07/12/2022,28.98,29.21,28.60,29.08,10239
MPLX,07/11/2022,29.50,29.62,29.00,29.46,10216
MPLX,07/08/2022,29.13,29.79,28.93,29.69,12701
MPLX,07/07/2022,28.71,29.34,28.63,28.99,18107
MPLX,07/06/2022,28.87,29.02,27.50,28.20,21672
MPLX,07/05/2022,29.20,29.30,28.24,28.98,18435
MPLX,07/01/2022,29.18,29.74,28.65,29.66,15155
MPLX,06/30/2022,28.51,29.17,28.42,29.15,14754
MPLX,06/29/2022,29.63,29.96,28.75,29.02,19039
MPLX,06/28/2022,29.90,30.17,28.90,29.44,22437
MPLX,06/27/2022,29.09,29.28,28.58,29.00,21448
MPLX,06/24/2022,28.37,28.98,27.91,28.86,26504
MPLX,06/23/2022,28.55,28.60,27.48,27.98,25540
MPLX,06/22/2022,27.94,28.68,27.47,28.34,27061
MPLX,06/21/2022,29.02,29.41,28.55,28.94,26316
MPLX,06/17/2022,28.76,29.15,27.85,28.27,57376
MPLX,06/16/2022,29.80,29.98,28.86,29.02,35692
MPLX,06/15/2022,30.93,31.16,30.14,30.31,24937
MPLX,06/14/2022,31.74,32.07,30.36,30.59,27461
MPLX,06/13/2022,32.75,32.78,31.36,31.45,28205
MPLX,06/10/2022,33.89,34.01,33.01,33.63,17491
MPLX,06/09/2022,34.00,34.46,33.78,34.29,16672
MPLX,06/08/2022,34.31,34.39,33.75,33.94,12321
MPLX,06/07/2022,33.61,34.24,33.56,34.19,15463
MPLX,06/06/2022,33.12,33.65,33.04,33.60,12207
MPLX,06/03/2022,32.95,33.11,32.72,32.91,9014
MPLX,06/02/2022,33.17,33.23,32.92,33.03,9918
MPLX,06/01/2022,33.05,33.40,32.56,33.24,17034
MPLX,05/31/2022,32.57,33.00,32.43,32.95,26521
MPLX,05/27/2022,32.14,32.64,31.98,32.53,16493
MPLX,05/26/2022,32.32,32.66,31.96,32.00,16268
MPLX,05/25/2022,31.24,32.28,31.24,32.21,16893
MPLX,05/24/2022,30.86,31.42,30.61,31.23,19096
MPLX,05/23/2022,30.70,31.61,30.64,31.00,24527
MPLX,05/20/2022,30.23,30.60,30.01,30.55,19740
MPLX,05/19/2022,30.48,30.87,29.91,29.92,33491
MPLX,05/18/2022,31.50,31.61,30.53,30.87,23165
MPLX,05/17/2022,31.43,31.59,31.01,31.29,20981
MPLX,05/16/2022,30.90,31.44,30.79,30.95,19934
MPLX,05/13/2022,30.67,31.19,30.61,30.87,17350
MPLX,05/12/2022,29.83,30.46,29.56,30.14,22036
MPLX,05/11/2022,30.90,31.45,30.01,30.03,26431
MPLX,05/10/2022,31.28,31.49,30.04,30.82,36325
MPLX,05/09/2022,32.06,32.13,30.76,31.01,30563
MPLX,05/06/2022,32.42,32.69,31.81,32.55,18414
MPLX,05/05/2022,33.24,33.32,31.82,32.39,27160
MPLX,05/04/2022,33.00,34.13,32.77,34.13,36637
MPLX,05/03/2022,32.62,32.92,31.86,32.56,23817
MPLX,05/02/2022,32.51,32.70,31.81,32.41,18890
MPLX,04/29/2022,32.97,33.21,32.12,32.36,15765
MPLX,04/28/2022,32.58,33.03,32.34,32.90,17261
MPLX,04/27/2022,32.97,32.97,32.17,32.39,17323
MPLX,04/26/2022,32.73,33.12,32.46,32.48,14517
MPLX,04/25/2022,33.30,33.39,31.57,32.74,32241
MPLX,04/22/2022,34.75,34.84,33.74,33.92,14362
MPLX,04/21/2022,35.17,35.49,34.65,34.83,13251
MPLX,04/20/2022,34.87,35.28,34.71,35.04,19065
MPLX,04/19/2022,34.33,35.08,34.32,34.96,13302
MPLX,04/18/2022,34.56,34.75,34.32,34.39,16857
MPLX,04/14/2022,34.60,34.73,34.25,34.43,9964
MPLX,04/13/2022,34.50,34.79,34.13,34.58,14080
MPLX,04/12/2022,34.00,34.47,33.99,34.23,15473
MPLX,04/11/2022,33.69,33.97,33.39,33.75,13907
MPLX,04/08/2022,33.30,33.89,33.09,33.83,14426
MPLX,04/07/2022,33.42,33.68,32.78,33.23,15596
MPLX,04/06/2022,33.72,33.82,33.30,33.34,14962
MPLX,04/05/2022,33.86,34.18,33.47,33.62,15429
MPLX,04/04/2022,33.50,33.79,33.29,33.71,13346
MPLX,04/01/2022,33.46,33.94,33.26,33.42,13789
MPLX,03/31/2022,33.64,33.93,33.16,33.18,10874
MPLX,03/30/2022,33.95,34.08,33.57,33.86,11216
MPLX,03/29/2022,32.82,33.82,32.75,33.71,20382
MPLX,03/28/2022,33.11,33.19,32.42,33.15,19762
MPLX,03/25/2022,33.23,33.46,33.11,33.34,18487
MPLX,03/24/2022,33.00,33.21,32.72,33.21,16650
MPLX,03/23/2022,33.00,33.11,32.60,32.85,14935
MPLX,03/22/2022,32.73,32.94,32.36,32.74,13203
MPLX,03/21/2022,31.95,32.79,31.94,32.79,19746
MPLX,03/18/2022,31.95,32.01,31.61,31.68,24820
MPLX,03/17/2022,31.95,32.12,31.56,31.87,18586
MPLX,03/16/2022,31.60,31.96,31.10,31.62,19992
MPLX,03/15/2022,31.43,31.71,30.76,31.39,25569
MPLX,03/14/2022,32.98,33.05,31.69,32.08,34452
MPLX,03/11/2022,33.90,34.21,33.23,33.36,17215
MPLX,03/10/2022,33.35,34.58,33.35,34.00,43415
MPLX,03/09/2022,32.80,33.72,32.70,33.09,31400
MPLX,03/08/2022,33.00,33.94,32.83,33.02,73319
MPLX,03/07/2022,32.85,33.57,32.46,32.54,30203
MPLX,03/04/2022,32.50,32.59,32.13,32.49,21971
MPLX,03/03/2022,32.86,33.01,32.54,32.62,22934
MPLX,03/02/2022,33.15,33.29,32.52,32.90,30499
MPLX,03/01/2022,32.83,33.13,32.13,32.87,16064
MPLX,02/28/2022,31.46,32.90,31.38,32.78,57056
MPLX,02/25/2022,31.16,31.97,31.15,31.67,25540
MPLX,02/24/2022,31.35,31.53,30.29,30.91,30668
MPLX,02/23/2022,31.45,31.75,31.09,31.36,25042
MPLX,02/22/2022,32.21,32.35,30.76,31.22,33685
MPLX,02/18/2022,32.40,32.87,32.06,32.20,13829
MPLX,02/17/2022,32.63,32.83,32.38,32.60,15959
MPLX,02/16/2022,33.20,33.40,32.38,32.58,26255
MPLX,02/15/2022,32.79,33.34,32.72,33.20,24231
MPLX,02/14/2022,33.68,33.68,32.90,33.16,26423
