NFE,06/23/2023,27.66,28.10,27.58,28.04,624
NFE,06/22/2023,28.61,28.61,27.88,28.17,11553
NFE,06/21/2023,28.74,29.24,28.72,28.92,8968
NFE,06/20/2023,29.61,29.78,28.56,28.98,8898
NFE,06/16/2023,30.16,30.18,29.31,29.96,11014
NFE,06/15/2023,30.01,30.29,29.70,30.14,22060
NFE,06/14/2023,30.27,30.40,29.26,29.56,12122
NFE,06/13/2023,29.37,30.30,29.37,30.04,11104
NFE,06/12/2023,29.08,29.71,28.83,29.02,8357
NFE,06/09/2023,29.99,30.60,29.16,29.22,16349
NFE,06/08/2023,30.00,30.37,29.31,30.01,23497
NFE,06/07/2023,30.15,31.57,29.81,31.49,17577
NFE,06/06/2023,28.86,30.21,28.84,29.92,9591
NFE,06/05/2023,29.59,30.44,29.16,29.30,14509
NFE,06/02/2023,29.05,29.68,28.73,29.15,19063
NFE,06/01/2023,26.84,28.15,26.81,27.86,22387
NFE,05/31/2023,25.98,26.79,25.06,26.27,21614
NFE,05/30/2023,25.65,26.47,25.63,26.45,15321
NFE,05/26/2023,26.54,26.75,25.37,25.96,17853
NFE,05/25/2023,27.37,27.60,26.09,26.20,22883
NFE,05/24/2023,28.33,28.39,27.54,27.81,9218
NFE,05/23/2023,28.31,28.72,27.79,28.37,8815
NFE,05/22/2023,27.38,28.59,27.31,28.17,11874
NFE,05/19/2023,28.02,28.66,27.33,27.40,8439
NFE,05/18/2023,28.00,28.32,27.37,27.62,14826
NFE,05/17/2023,28.05,28.39,27.74,28.32,10114
NFE,05/16/2023,28.95,29.14,27.49,27.84,18709
NFE,05/15/2023,29.60,29.76,28.94,29.17,8695
NFE,05/12/2023,29.83,30.14,28.78,29.39,10727
NFE,05/11/2023,30.06,30.21,29.55,29.90,6350
NFE,05/10/2023,30.78,30.78,29.93,30.53,9823
NFE,05/09/2023,30.17,30.73,30.03,30.32,8047
NFE,05/08/2023,31.14,31.57,30.53,30.68,9729
NFE,05/05/2023,31.12,31.57,30.57,30.82,14532
NFE,05/04/2023,28.70,30.88,28.69,29.95,39929
NFE,05/03/2023,28.01,28.64,27.75,27.77,10055
NFE,05/02/2023,29.86,29.94,27.66,28.47,22495
NFE,05/01/2023,29.72,30.34,29.41,30.01,7735
NFE,04/28/2023,29.87,30.76,29.50,30.29,8121
NFE,04/27/2023,29.01,29.97,28.74,29.77,9861
NFE,04/26/2023,29.34,29.44,28.56,28.82,7172
NFE,04/25/2023,30.01,30.19,29.07,29.36,9436
NFE,04/24/2023,29.65,30.60,29.30,30.55,9255
NFE,04/21/2023,30.56,30.68,29.80,29.92,11374
NFE,04/20/2023,30.11,30.40,29.53,30.35,10011
NFE,04/19/2023,29.84,30.11,29.41,29.74,6119
NFE,04/18/2023,30.44,30.44,29.57,30.23,7816
NFE,04/17/2023,30.63,30.77,29.96,30.30,10242
NFE,04/14/2023,31.00,31.00,29.72,30.50,8802
NFE,04/13/2023,30.77,31.28,30.31,30.82,8138
NFE,04/12/2023,31.25,31.33,30.42,30.79,8463
NFE,04/11/2023,29.94,31.31,29.86,30.83,15494
NFE,04/10/2023,28.67,29.76,28.51,29.52,12987
NFE,04/06/2023,28.50,28.56,28.02,28.06,6239
NFE,04/05/2023,28.92,28.94,28.08,28.52,9017
NFE,04/04/2023,29.80,29.85,28.71,28.99,11218
NFE,04/03/2023,30.18,30.89,29.55,29.69,13739
NFE,03/31/2023,28.54,29.48,28.54,29.43,9745
NFE,03/30/2023,28.44,28.98,27.86,28.41,12246
NFE,03/29/2023,28.14,28.43,27.84,28.20,9621
NFE,03/28/2023,27.60,28.28,27.46,27.80,8730
NFE,03/27/2023,27.73,27.93,26.93,27.73,10583
NFE,03/24/2023,26.75,27.28,26.14,27.26,11714
NFE,03/23/2023,28.28,28.82,26.78,27.34,13279
NFE,03/22/2023,28.94,29.16,28.13,28.20,12182
NFE,03/21/2023,28.18,29.36,28.04,29.05,14778
NFE,03/20/2023,27.49,28.14,27.21,27.45,12811
NFE,03/17/2023,28.70,28.70,26.57,27.35,33964
NFE,03/16/2023,27.96,28.94,27.72,28.59,15627
NFE,03/15/2023,29.50,29.78,28.03,28.51,25566
NFE,03/14/2023,31.21,32.23,29.93,30.75,19039
NFE,03/13/2023,30.71,31.46,29.93,30.79,13497
NFE,03/10/2023,32.67,32.73,31.18,31.60,19300
NFE,03/09/2023,34.05,34.29,32.73,32.86,13436
NFE,03/08/2023,34.22,34.65,33.45,33.84,6799
NFE,03/07/2023,35.41,35.55,34.28,34.36,12800
NFE,03/06/2023,35.51,35.84,34.52,34.79,17718
NFE,03/03/2023,34.35,36.32,34.04,36.15,22162
NFE,03/02/2023,33.04,34.45,32.87,34.25,20479
NFE,03/01/2023,33.21,33.79,32.69,33.35,29562
NFE,02/28/2023,38.35,38.50,32.50,32.99,88456
NFE,02/27/2023,38.78,39.37,38.47,38.74,16782
NFE,02/24/2023,39.08,39.37,38.10,38.71,10903
NFE,02/23/2023,38.37,39.60,38.29,39.54,12493
NFE,02/22/2023,36.76,37.61,36.32,37.56,7684
NFE,02/21/2023,36.97,37.45,36.31,36.78,8856
NFE,02/17/2023,38.52,38.52,37.03,37.57,11272
NFE,02/16/2023,39.35,40.21,39.11,39.16,6166
NFE,02/15/2023,39.49,40.09,38.84,39.99,5777
NFE,02/14/2023,39.42,40.70,39.08,40.11,5797
NFE,02/13/2023,40.10,40.47,39.63,39.77,5100
NFE,02/10/2023,39.19,40.10,38.89,40.01,7723
NFE,02/09/2023,40.20,40.58,39.03,39.30,10511
NFE,02/08/2023,40.20,40.95,39.87,39.98,24522
NFE,02/07/2023,38.90,40.59,38.44,40.53,14884
NFE,02/06/2023,40.18,40.81,38.49,38.75,15472
NFE,02/03/2023,40.71,42.17,39.51,39.82,13345
NFE,02/02/2023,41.00,41.64,40.45,41.05,18640
NFE,02/01/2023,39.44,41.11,39.03,40.48,31059
NFE,01/31/2023,38.07,38.81,37.53,38.79,21728
NFE,01/30/2023,37.80,38.27,37.04,37.25,17705
NFE,01/27/2023,37.02,38.40,36.90,38.17,16085
NFE,01/26/2023,37.52,37.83,36.31,37.23,9951
NFE,01/25/2023,36.62,37.16,35.66,37.13,15589
NFE,01/24/2023,36.15,37.06,35.86,36.93,14495
NFE,01/23/2023,35.50,36.64,35.39,36.33,9916
NFE,01/20/2023,33.93,36.10,33.77,35.38,24661
NFE,01/19/2023,35.64,35.64,33.47,33.67,32768
NFE,01/18/2023,37.28,37.40,35.56,35.86,25537
NFE,01/17/2023,38.84,38.97,36.07,37.19,26288
NFE,01/13/2023,39.97,39.97,38.67,38.84,12836
NFE,01/12/2023,39.24,40.25,38.28,40.12,10608
NFE,01/11/2023,39.18,39.44,38.71,39.09,8182
NFE,01/10/2023,39.01,39.08,38.01,38.74,9989
NFE,01/09/2023,39.00,39.56,38.82,38.88,18333
NFE,01/06/2023,37.35,38.24,36.45,38.00,14465
NFE,01/05/2023,36.36,37.09,35.62,36.85,16996
NFE,01/04/2023,35.74,36.95,35.29,36.39,10552
NFE,01/03/2023,39.54,39.77,35.53,36.17,28108
NFE,12/30/2022,41.52,42.54,41.36,42.42,8172
NFE,12/29/2022,40.54,42.32,40.31,42.05,11844
NFE,12/28/2022,41.54,41.62,39.94,40.36,11205
NFE,12/27/2022,42.92,43.15,41.29,41.71,12053
NFE,12/23/2022,42.33,42.99,41.36,42.90,9816
NFE,12/22/2022,43.50,43.58,40.82,41.97,18934
NFE,12/21/2022,43.21,44.51,42.67,43.82,13885
NFE,12/20/2022,42.81,43.90,42.32,42.46,10428
NFE,12/19/2022,44.21,44.48,42.60,42.89,20791
NFE,12/16/2022,44.38,44.83,43.41,44.15,26689
NFE,12/15/2022,45.25,45.49,43.94,44.93,71981
NFE,12/14/2022,48.23,50.06,47.94,48.88,21360
NFE,12/13/2022,49.80,50.85,48.19,48.29,30862
NFE,12/12/2022,44.25,45.35,43.75,45.20,7797
NFE,12/09/2022,45.34,45.45,43.97,44.08,13832
NFE,12/08/2022,47.71,47.92,45.16,45.42,11000
NFE,12/07/2022,45.90,47.17,45.71,46.64,7931
NFE,12/06/2022,48.15,48.36,45.51,46.06,13478
NFE,12/05/2022,51.55,52.13,47.47,47.91,13046
NFE,12/02/2022,49.92,51.33,48.94,51.24,6391
NFE,12/01/2022,51.27,51.35,50.08,50.56,9115
NFE,11/30/2022,48.50,50.98,48.21,50.90,9445
NFE,11/29/2022,49.38,49.74,47.77,47.81,8115
NFE,11/28/2022,49.58,49.95,48.37,48.54,6260
NFE,11/25/2022,50.91,51.35,50.44,50.74,3680
NFE,11/23/2022,49.87,50.61,49.16,50.50,6222
NFE,11/22/2022,48.02,50.67,47.27,50.40,15887
NFE,11/21/2022,47.18,47.76,45.43,47.27,7301
NFE,11/18/2022,46.65,48.41,46.27,48.32,8020
NFE,11/17/2022,49.00,49.03,46.16,47.68,16416
NFE,11/16/2022,49.31,49.71,48.50,49.44,6064
NFE,11/15/2022,50.42,51.51,47.29,49.31,15110
NFE,11/14/2022,50.80,51.15,49.61,49.81,11529
NFE,11/11/2022,50.48,54.24,50.22,50.60,66044
NFE,11/10/2022,51.22,52.15,49.67,49.78,15915
NFE,11/09/2022,54.41,54.65,48.61,49.36,22342
NFE,11/08/2022,58.69,59.03,54.07,55.02,27113
NFE,11/07/2022,58.40,59.54,58.17,58.69,13295
NFE,11/04/2022,57.34,60.33,56.70,57.84,15641
NFE,11/03/2022,54.48,56.76,54.08,55.80,17182
NFE,11/02/2022,56.41,57.45,54.50,55.08,43495
NFE,11/01/2022,55.73,56.60,54.33,54.50,9410
NFE,10/31/2022,54.50,55.56,53.92,55.07,7105
NFE,10/28/2022,55.04,55.18,52.92,54.53,5898
NFE,10/27/2022,56.24,57.25,54.54,54.56,9057
NFE,10/26/2022,53.88,55.63,53.69,55.32,9608
NFE,10/25/2022,51.46,53.34,51.46,53.12,10678
NFE,10/24/2022,50.78,51.54,50.55,51.23,16554
NFE,10/21/2022,49.41,51.11,48.74,50.73,10931
NFE,10/20/2022,48.22,50.14,47.96,49.25,11426
NFE,10/19/2022,45.72,47.75,45.27,47.73,8977
NFE,10/18/2022,45.91,46.56,44.88,45.74,5674
NFE,10/17/2022,43.93,46.15,43.93,44.99,6095
NFE,10/14/2022,44.91,45.48,42.77,43.01,5810
NFE,10/13/2022,43.02,45.22,42.12,45.10,5840
NFE,10/12/2022,44.29,44.48,42.46,43.65,5768
NFE,10/11/2022,44.05,46.04,43.55,44.65,6738
NFE,10/10/2022,46.72,47.30,44.72,44.76,5603
NFE,10/07/2022,47.45,48.00,46.58,46.94,4406
NFE,10/06/2022,48.89,50.37,47.46,47.53,9415
NFE,10/05/2022,47.63,49.75,46.28,49.32,13658
NFE,10/04/2022,47.57,48.43,46.99,48.03,10459
NFE,10/03/2022,44.82,46.96,44.78,46.52,7885
NFE,09/30/2022,43.88,45.37,43.33,43.71,6255
NFE,09/29/2022,43.90,44.69,42.34,44.52,15664
NFE,09/28/2022,41.61,44.77,41.22,44.63,9316
NFE,09/27/2022,42.35,43.04,41.65,41.96,8261
NFE,09/26/2022,43.14,43.41,41.16,41.22,10334
NFE,09/23/2022,45.29,45.37,42.19,43.17,17947
NFE,09/22/2022,48.84,49.40,46.89,47.18,7384
NFE,09/21/2022,49.42,50.49,48.71,48.82,7125
NFE,09/20/2022,49.48,49.48,47.95,48.89,11645
NFE,09/19/2022,47.67,50.23,47.56,49.60,11877
NFE,09/16/2022,52.66,53.03,48.67,49.12,24818
NFE,09/15/2022,53.99,54.43,52.61,53.88,8030
NFE,09/14/2022,54.90,56.48,54.42,55.24,10016
NFE,09/13/2022,54.50,55.90,53.85,54.03,7908
NFE,09/12/2022,56.62,56.85,54.85,55.25,8524
NFE,09/09/2022,58.29,58.79,55.62,57.15,16460
NFE,09/08/2022,57.65,60.97,57.65,58.79,9279
NFE,09/07/2022,55.55,58.31,55.23,57.57,9403
NFE,09/06/2022,57.00,57.50,55.58,57.18,10102
NFE,09/02/2022,55.44,55.94,53.85,55.64,8932
NFE,09/01/2022,56.32,56.41,53.23,53.95,14541
NFE,08/31/2022,56.03,57.80,55.85,57.35,9525
NFE,08/30/2022,58.74,59.31,55.85,57.54,13300
NFE,08/29/2022,59.23,60.82,58.03,59.75,8159
NFE,08/26/2022,61.34,61.51,59.54,60.04,7577
NFE,08/25/2022,62.65,63.06,61.30,61.70,7419
NFE,08/24/2022,59.93,62.18,59.93,61.66,9794
NFE,08/23/2022,58.99,60.33,58.71,59.56,10384
NFE,08/22/2022,57.50,59.59,57.22,57.97,10454
NFE,08/19/2022,59.49,59.50,57.56,58.23,9379
NFE,08/18/2022,60.10,61.33,59.22,60.25,11203
NFE,08/17/2022,59.30,60.05,58.77,59.33,11191
NFE,08/16/2022,60.00,62.79,59.91,60.03,17389
NFE,08/15/2022,58.00,59.94,56.52,59.58,11382
NFE,08/12/2022,58.08,59.93,57.16,59.11,9295
NFE,08/11/2022,57.00,60.50,56.30,58.41,30367
NFE,08/10/2022,55.41,56.84,54.14,56.23,8084
NFE,08/09/2022,53.39,55.09,53.21,54.92,11171
NFE,08/08/2022,51.03,54.17,50.50,52.81,26020
NFE,08/05/2022,48.99,51.50,48.80,50.61,13068
NFE,08/04/2022,50.42,51.34,49.10,49.23,15952
NFE,08/03/2022,50.42,50.71,49.36,49.76,8790
NFE,08/02/2022,49.55,50.62,49.08,50.10,7000
NFE,08/01/2022,49.06,49.58,47.22,49.44,5634
NFE,07/29/2022,48.69,49.60,47.41,48.97,8988
NFE,07/28/2022,47.10,48.14,46.12,47.89,6201
NFE,07/27/2022,45.76,46.85,44.58,46.39,4342
NFE,07/26/2022,45.71,46.02,44.49,45.31,6696
NFE,07/25/2022,43.42,45.43,42.23,45.08,5976
NFE,07/22/2022,44.00,44.68,42.61,42.98,6617
NFE,07/21/2022,42.34,43.67,41.71,43.54,5530
NFE,07/20/2022,41.98,43.43,41.30,43.33,6104
NFE,07/19/2022,42.49,42.85,41.70,42.26,5469
NFE,07/18/2022,40.85,42.78,40.59,42.41,5924
NFE,07/15/2022,39.50,40.12,38.75,39.84,4614
NFE,07/14/2022,40.78,40.81,38.41,39.19,7370
NFE,07/13/2022,39.00,41.58,39.00,41.05,4565
NFE,07/12/2022,40.22,40.65,38.55,39.34,6554
NFE,07/11/2022,41.93,41.93,40.38,40.72,4631
NFE,07/08/2022,40.18,42.06,40.06,41.74,7335
NFE,07/07/2022,37.15,40.19,36.73,39.86,11281
NFE,07/06/2022,39.16,39.90,36.26,36.70,15924
NFE,07/05/2022,39.69,40.60,38.20,39.99,14169
NFE,07/01/2022,39.41,40.04,38.81,39.61,6804
NFE,06/30/2022,38.63,40.13,38.54,39.57,4156
NFE,06/29/2022,41.07,41.58,39.01,39.40,8615
NFE,06/28/2022,41.56,41.99,40.10,40.43,4941
NFE,06/27/2022,39.72,41.46,39.24,41.02,3808
NFE,06/24/2022,39.44,39.63,38.68,39.27,22336
NFE,06/23/2022,39.77,40.23,38.08,38.66,10148
NFE,06/22/2022,40.00,40.71,39.20,39.62,12668
NFE,06/21/2022,41.25,42.88,40.25,41.61,10044
NFE,06/17/2022,39.72,40.96,38.78,40.21,17886
NFE,06/16/2022,40.14,41.58,39.08,39.64,18405
NFE,06/15/2022,41.72,42.90,40.84,41.85,14115
NFE,06/14/2022,41.16,42.17,40.80,41.54,10596
NFE,06/13/2022,41.28,41.84,40.05,40.48,15477
NFE,06/10/2022,43.94,44.90,42.14,43.32,18511
NFE,06/09/2022,50.07,50.07,44.61,44.84,21776
NFE,06/08/2022,51.75,51.79,49.39,50.40,12131
NFE,06/07/2022,50.61,52.37,50.05,51.48,10459
NFE,06/06/2022,51.37,51.60,49.17,50.75,13706
NFE,06/03/2022,48.15,51.47,46.63,49.44,24294
NFE,06/02/2022,46.00,48.75,46.00,48.38,8043
NFE,06/01/2022,47.27,47.51,44.11,45.84,12066
NFE,05/31/2022,48.70,48.85,45.16,46.59,16145
NFE,05/27/2022,46.26,48.30,46.14,47.81,8466
NFE,05/26/2022,45.00,47.15,43.69,46.39,12320
NFE,05/25/2022,42.64,45.47,42.44,44.90,13860
NFE,05/24/2022,42.65,43.05,41.02,42.68,9881
NFE,05/23/2022,42.60,43.84,41.58,43.84,5453
NFE,05/20/2022,43.63,43.65,40.23,42.40,7045
NFE,05/19/2022,41.82,43.79,41.30,42.68,7722
NFE,05/18/2022,43.72,44.41,41.71,42.23,6710
NFE,05/17/2022,44.67,45.50,43.02,44.01,10947
NFE,05/16/2022,44.77,46.19,43.93,43.99,8442
NFE,05/13/2022,41.15,45.20,41.15,44.54,18654
NFE,05/12/2022,40.22,41.39,39.24,40.32,9354
NFE,05/11/2022,41.90,43.08,40.67,40.90,8527
NFE,05/10/2022,41.42,42.81,39.97,41.42,8486
NFE,05/09/2022,43.51,43.95,40.28,40.88,13868
NFE,05/06/2022,45.00,46.80,43.79,44.94,20069
NFE,05/05/2022,45.80,48.89,44.13,45.65,21275
NFE,05/04/2022,42.85,44.39,41.32,44.37,13114
NFE,05/03/2022,40.40,42.14,40.32,42.12,9502
NFE,05/02/2022,38.37,40.41,38.00,40.41,8457
NFE,04/29/2022,40.10,41.12,38.57,38.78,6993
NFE,04/28/2022,40.64,41.82,38.50,40.01,11926
NFE,04/27/2022,40.01,40.68,39.38,39.96,10517
NFE,04/26/2022,40.52,40.84,38.61,39.99,9908
NFE,04/25/2022,39.57,40.47,38.82,40.22,13117
NFE,04/22/2022,41.06,42.37,40.12,40.44,11063
NFE,04/21/2022,45.84,46.13,40.77,41.15,13988
NFE,04/20/2022,45.54,45.84,44.46,45.01,9166
NFE,04/19/2022,44.79,45.85,44.52,45.29,12505
NFE,04/18/2022,44.96,45.59,44.26,45.00,8988
NFE,04/14/2022,43.22,44.66,42.61,44.46,7568
NFE,04/13/2022,42.17,43.83,41.85,43.60,8738
NFE,04/12/2022,41.91,42.91,40.88,41.96,10807
NFE,04/11/2022,41.17,42.11,39.91,41.29,13046
NFE,04/08/2022,41.85,42.38,40.73,41.65,12717
NFE,04/07/2022,42.97,42.98,39.56,41.85,24106
NFE,04/06/2022,42.23,42.30,40.40,41.38,49270
NFE,04/05/2022,48.09,49.00,45.06,45.11,27905
NFE,04/04/2022,47.02,49.30,46.12,48.29,33792
NFE,04/01/2022,42.65,47.34,42.65,44.92,44770
NFE,03/31/2022,39.46,42.89,39.46,42.61,17228
NFE,03/30/2022,38.97,40.74,38.97,39.53,14042
NFE,03/29/2022,37.61,38.92,35.95,38.65,10616
NFE,03/28/2022,37.43,38.18,37.05,38.01,10625
NFE,03/25/2022,36.00,38.36,35.94,38.13,16784
NFE,03/24/2022,35.00,35.91,34.68,35.89,9770
NFE,03/23/2022,33.12,34.66,32.89,34.65,9699
NFE,03/22/2022,32.57,33.53,32.35,33.05,6674
NFE,03/21/2022,31.95,32.50,31.46,32.43,6939
NFE,03/18/2022,30.53,31.76,30.53,31.68,10489
NFE,03/17/2022,29.64,31.26,29.28,31.08,6262
NFE,03/16/2022,28.67,29.96,28.67,29.89,7438
NFE,03/15/2022,28.05,28.43,27.17,28.27,12027
NFE,03/14/2022,30.53,30.53,28.16,28.59,9094
NFE,03/11/2022,30.46,31.06,29.55,30.74,14522
NFE,03/10/2022,31.35,31.49,29.07,30.02,42848
NFE,03/09/2022,32.09,34.28,31.92,33.63,15033
NFE,03/08/2022,32.08,33.51,31.15,31.99,14222
NFE,03/07/2022,35.35,35.69,31.52,32.10,15013
NFE,03/04/2022,34.69,35.41,33.50,34.68,9591
NFE,03/03/2022,33.93,34.73,33.10,34.72,11469
NFE,03/02/2022,32.50,34.22,32.02,34.03,12781
NFE,03/01/2022,28.28,32.49,28.28,32.25,32219
NFE,02/28/2022,26.00,28.30,25.90,27.59,12884
NFE,02/25/2022,25.52,25.90,24.48,25.86,6445
NFE,02/24/2022,21.11,25.47,21.11,25.43,10767
NFE,02/23/2022,22.52,22.94,21.83,21.84,4616
NFE,02/22/2022,22.17,22.98,21.83,22.12,4592
NFE,02/18/2022,22.84,23.02,21.67,22.23,5042
NFE,02/17/2022,23.60,23.88,22.54,22.67,5550
NFE,02/16/2022,24.26,25.10,23.77,23.92,5989
NFE,02/15/2022,22.76,24.51,22.41,24.49,4783
NFE,02/14/2022,23.12,23.61,22.29,22.37,5782
