NOV,06/23/2023,15.05,15.13,14.85,15.05,7342
NOV,06/22/2023,15.47,15.47,15.13,15.40,38332
NOV,06/21/2023,15.32,15.93,15.32,15.65,34807
NOV,06/20/2023,15.41,15.45,15.12,15.42,47534
NOV,06/16/2023,15.90,16.01,15.57,15.59,66721
NOV,06/15/2023,15.35,15.96,15.35,15.85,48341
NOV,06/14/2023,15.33,15.54,15.21,15.43,57516
NOV,06/13/2023,15.62,15.85,15.13,15.15,67662
NOV,06/12/2023,15.19,15.45,15.10,15.34,53352
NOV,06/09/2023,15.73,15.89,15.43,15.48,55441
NOV,06/08/2023,15.85,16.03,15.62,15.83,76807
NOV,06/07/2023,15.60,15.89,15.55,15.84,42053
NOV,06/06/2023,15.17,15.75,15.17,15.50,43050
NOV,06/05/2023,16.00,16.00,15.38,15.49,35594
NOV,06/02/2023,15.12,15.98,15.00,15.81,40032
NOV,06/01/2023,14.15,15.01,14.14,14.81,38199
NOV,05/31/2023,14.28,14.51,14.05,14.07,69445
NOV,05/30/2023,14.73,14.84,14.36,14.61,54093
NOV,05/26/2023,15.42,15.47,14.84,15.05,52129
NOV,05/25/2023,15.22,15.40,15.02,15.22,50415
NOV,05/24/2023,15.61,15.72,15.39,15.63,31783
NOV,05/23/2023,15.37,15.66,15.19,15.52,46389
NOV,05/22/2023,15.13,15.43,14.99,15.29,50458
NOV,05/19/2023,15.38,15.44,14.97,15.11,34498
NOV,05/18/2023,14.82,15.22,14.69,15.19,33076
NOV,05/17/2023,14.75,15.10,14.60,15.00,36752
NOV,05/16/2023,14.97,15.09,14.46,14.57,43814
NOV,05/15/2023,14.95,15.30,14.86,15.10,65432
NOV,05/12/2023,15.24,15.29,14.77,14.83,49932
NOV,05/11/2023,15.35,15.40,15.01,15.12,45379
NOV,05/10/2023,15.95,15.99,15.36,15.66,42994
NOV,05/09/2023,15.56,16.09,15.51,15.84,45268
NOV,05/08/2023,15.85,16.00,15.63,15.72,45432
NOV,05/05/2023,15.87,15.91,15.48,15.56,49536
NOV,05/04/2023,15.21,15.52,14.81,15.35,69349
NOV,05/03/2023,15.34,15.67,15.24,15.31,92825
NOV,05/02/2023,16.50,16.50,15.52,15.57,60301
NOV,05/01/2023,16.49,16.84,16.36,16.72,70353
NOV,04/28/2023,16.75,17.12,16.42,16.75,70538
NOV,04/27/2023,16.68,17.15,16.21,16.56,124245
NOV,04/26/2023,18.02,18.57,17.81,18.02,62827
NOV,04/25/2023,18.46,18.58,18.03,18.19,42765
NOV,04/24/2023,18.34,18.96,18.34,18.80,44905
NOV,04/21/2023,18.56,18.58,18.12,18.28,41730
NOV,04/20/2023,18.38,18.59,18.15,18.46,33298
NOV,04/19/2023,18.22,18.77,18.03,18.67,40353
NOV,04/18/2023,18.65,18.70,18.32,18.49,33791
NOV,04/17/2023,18.74,18.96,18.50,18.68,26252
NOV,04/14/2023,18.96,19.07,18.72,18.82,32012
NOV,04/13/2023,18.69,19.06,18.61,18.83,21332
NOV,04/12/2023,18.67,18.93,18.43,18.72,34429
NOV,04/11/2023,18.38,18.60,18.10,18.50,32901
NOV,04/10/2023,18.13,18.57,18.06,18.34,24352
NOV,04/06/2023,18.27,18.35,17.98,18.01,37540
NOV,04/05/2023,18.25,18.45,17.92,18.22,45219
NOV,04/04/2023,19.09,19.11,18.20,18.43,34555
NOV,04/03/2023,19.56,19.78,18.81,19.04,62437
NOV,03/31/2023,18.22,18.56,18.12,18.51,38075
NOV,03/30/2023,18.74,18.74,18.14,18.14,54288
NOV,03/29/2023,18.38,18.57,18.27,18.43,49868
NOV,03/28/2023,17.71,18.31,17.68,18.26,45061
NOV,03/27/2023,17.62,17.87,17.21,17.80,47446
NOV,03/24/2023,16.83,17.40,16.79,17.25,52249
NOV,03/23/2023,17.76,17.87,16.96,17.27,82943
NOV,03/22/2023,18.35,18.41,17.58,17.62,63505
NOV,03/21/2023,18.39,18.65,18.18,18.35,46325
NOV,03/20/2023,17.52,18.00,17.49,17.79,40704
NOV,03/17/2023,18.06,18.06,17.20,17.41,89427
NOV,03/16/2023,17.55,18.26,17.37,18.16,50068
NOV,03/15/2023,18.26,18.45,17.78,18.04,81168
NOV,03/14/2023,19.35,19.71,18.72,19.23,55640
NOV,03/13/2023,19.55,20.03,19.18,19.24,42731
NOV,03/10/2023,21.04,21.34,20.08,20.20,34931
NOV,03/09/2023,22.70,22.89,21.00,21.06,43232
NOV,03/08/2023,22.59,23.00,22.34,22.57,27222
NOV,03/07/2023,23.08,23.09,22.72,22.79,31510
NOV,03/06/2023,23.07,23.18,22.93,23.07,22434
NOV,03/03/2023,22.32,23.29,22.25,23.18,33546
NOV,03/02/2023,22.08,22.63,21.83,22.61,39481
NOV,03/01/2023,21.97,22.29,21.77,22.22,31680
NOV,02/28/2023,22.30,22.36,21.86,21.88,51616
NOV,02/27/2023,21.58,22.25,21.45,22.14,51423
NOV,02/24/2023,21.42,21.78,21.15,21.65,43444
NOV,02/23/2023,21.79,22.17,21.68,21.76,62786
NOV,02/22/2023,21.34,21.65,20.97,21.30,41896
NOV,02/21/2023,21.64,21.95,21.47,21.50,27407
NOV,02/17/2023,22.53,22.56,21.57,21.67,31074
NOV,02/16/2023,23.10,23.44,22.82,22.84,28422
NOV,02/15/2023,23.25,23.31,22.62,23.05,22261
NOV,02/14/2023,23.69,24.21,23.55,23.56,33418
NOV,02/13/2023,23.78,24.03,23.47,23.96,22274
NOV,02/10/2023,23.37,24.08,23.35,24.04,30635
NOV,02/09/2023,23.28,23.31,22.86,23.03,35047
NOV,02/08/2023,23.54,23.68,22.97,23.37,37639
NOV,02/07/2023,23.86,24.44,22.54,23.27,78080
NOV,02/06/2023,23.18,23.48,23.01,23.37,38573
NOV,02/03/2023,22.97,23.95,22.97,23.27,32385
NOV,02/02/2023,24.16,24.30,22.66,22.96,46291
NOV,02/01/2023,24.26,24.47,23.47,24.27,38655
NOV,01/31/2023,23.71,24.45,23.58,24.44,28993
NOV,01/30/2023,23.66,24.11,23.55,23.74,25259
NOV,01/27/2023,24.79,24.83,23.72,23.95,27332
NOV,01/26/2023,24.58,24.82,23.97,24.80,32331
NOV,01/25/2023,23.30,24.60,23.12,24.34,54444
NOV,01/24/2023,22.75,23.41,22.58,23.40,44083
NOV,01/23/2023,23.37,23.49,22.80,22.81,36908
NOV,01/20/2023,22.63,23.43,22.52,23.11,36707
NOV,01/19/2023,22.80,22.85,21.90,22.51,59654
NOV,01/18/2023,23.81,24.09,22.72,22.80,27520
NOV,01/17/2023,23.39,23.60,23.21,23.57,19044
NOV,01/13/2023,23.10,23.45,22.76,23.28,23814
NOV,01/12/2023,22.80,23.42,22.76,23.02,42305
NOV,01/11/2023,23.00,23.22,22.49,22.73,24436
NOV,01/10/2023,22.91,23.13,22.38,22.84,21451
NOV,01/09/2023,22.25,23.07,22.08,22.87,66684
NOV,01/06/2023,20.84,21.77,20.84,21.75,32921
NOV,01/05/2023,20.18,20.60,20.07,20.49,21524
NOV,01/04/2023,19.74,20.26,19.51,20.16,25723
NOV,01/03/2023,20.58,20.94,19.67,19.85,18666
NOV,12/30/2022,20.51,20.97,20.47,20.89,12735
NOV,12/29/2022,20.13,20.78,20.04,20.69,14767
NOV,12/28/2022,20.75,20.75,20.08,20.13,14628
NOV,12/27/2022,20.73,20.99,20.55,20.83,18593
NOV,12/23/2022,20.33,20.73,20.07,20.72,23706
NOV,12/22/2022,20.54,20.69,19.57,19.98,19722
NOV,12/21/2022,20.66,20.71,20.08,20.48,26826
NOV,12/20/2022,19.66,20.23,19.62,20.11,39284
NOV,12/19/2022,20.13,20.19,19.34,19.59,26983
NOV,12/16/2022,19.69,19.87,19.42,19.85,94224
NOV,12/15/2022,19.99,20.36,19.96,20.30,32045
NOV,12/14/2022,20.64,20.83,20.21,20.25,35284
NOV,12/13/2022,20.43,20.74,20.31,20.65,21434
NOV,12/12/2022,19.40,20.14,19.17,19.99,22300
NOV,12/09/2022,20.38,20.55,19.22,19.26,28552
NOV,12/08/2022,20.95,21.00,20.17,20.31,19148
NOV,12/07/2022,21.10,21.22,20.31,20.33,25068
NOV,12/06/2022,21.08,21.64,20.85,20.98,18112
NOV,12/05/2022,22.93,22.98,21.14,21.29,16803
NOV,12/02/2022,22.05,22.72,22.05,22.55,16206
NOV,12/01/2022,22.80,23.12,22.22,22.25,22131
NOV,11/30/2022,22.56,22.63,22.03,22.46,25069
NOV,11/29/2022,22.09,22.25,21.82,22.14,16001
NOV,11/28/2022,21.55,22.16,21.48,21.78,18685
NOV,11/25/2022,22.44,22.55,22.20,22.22,11451
NOV,11/23/2022,22.42,22.70,22.12,22.46,17381
NOV,11/22/2022,22.72,23.06,22.54,22.95,29085
NOV,11/21/2022,21.99,22.31,21.05,22.27,33625
NOV,11/18/2022,22.49,22.72,22.03,22.65,27566
NOV,11/17/2022,22.63,23.03,22.58,22.98,28394
NOV,11/16/2022,23.47,23.53,23.06,23.13,19833
NOV,11/15/2022,23.23,23.72,22.93,23.67,27089
NOV,11/14/2022,23.61,23.84,23.16,23.20,19564
NOV,11/11/2022,23.63,23.72,23.26,23.57,27580
NOV,11/10/2022,22.99,23.10,22.53,22.89,29180
NOV,11/09/2022,23.40,23.40,22.51,22.53,28306
NOV,11/08/2022,23.82,24.14,23.44,23.72,25191
NOV,11/07/2022,23.60,24.25,23.36,23.94,35961
NOV,11/04/2022,23.36,23.82,22.88,23.22,41534
NOV,11/03/2022,21.45,22.85,21.30,22.82,38969
NOV,11/02/2022,22.32,22.59,21.77,21.84,47366
NOV,11/01/2022,22.77,23.06,22.28,22.50,46244
NOV,10/31/2022,21.50,22.89,21.43,22.40,69293
NOV,10/28/2022,22.46,22.55,21.29,21.58,82037
NOV,10/27/2022,22.83,23.14,22.44,22.62,55770
NOV,10/26/2022,22.50,22.96,22.31,22.44,35554
NOV,10/25/2022,22.00,22.50,21.99,22.29,35584
NOV,10/24/2022,21.63,22.26,21.49,22.05,53691
NOV,10/21/2022,20.27,21.77,20.08,21.66,68534
NOV,10/20/2022,19.78,20.17,19.44,19.99,50146
NOV,10/19/2022,18.27,19.59,18.15,19.58,39514
NOV,10/18/2022,18.20,18.48,17.74,18.08,56199
NOV,10/17/2022,18.28,18.60,17.94,18.03,24014
NOV,10/14/2022,18.45,18.69,17.79,17.88,17259
NOV,10/13/2022,17.75,18.87,17.75,18.74,23964
NOV,10/12/2022,17.88,17.97,17.47,17.89,28414
NOV,10/11/2022,17.67,18.34,17.55,17.89,22687
NOV,10/10/2022,18.41,18.74,18.00,18.00,21835
NOV,10/07/2022,18.95,19.07,18.36,18.48,23269
NOV,10/06/2022,18.28,19.27,18.20,18.97,38424
NOV,10/05/2022,17.43,18.51,17.43,18.44,30324
NOV,10/04/2022,17.41,17.59,17.14,17.56,47736
NOV,10/03/2022,16.96,17.21,16.74,17.15,33125
NOV,09/30/2022,15.88,16.47,15.74,16.18,51162
NOV,09/29/2022,14.99,15.84,14.62,15.74,62777
NOV,09/28/2022,15.10,15.30,14.91,15.21,65038
NOV,09/27/2022,14.99,15.41,14.81,14.85,40932
NOV,09/26/2022,15.06,15.34,14.64,14.68,34552
NOV,09/23/2022,15.80,15.84,14.97,15.18,35264
NOV,09/22/2022,16.79,16.88,16.37,16.60,25752
NOV,09/21/2022,16.96,17.09,16.43,16.44,19294
NOV,09/20/2022,17.01,17.08,16.59,16.65,25266
NOV,09/19/2022,16.57,17.26,16.43,17.15,24582
NOV,09/16/2022,17.44,17.49,16.60,17.12,59371
NOV,09/15/2022,17.55,17.67,17.11,17.59,27460
NOV,09/14/2022,17.23,17.96,17.22,17.95,27291
NOV,09/13/2022,17.46,17.73,16.99,17.11,24911
NOV,09/12/2022,17.74,17.98,17.48,17.79,21569
NOV,09/09/2022,17.44,17.63,17.36,17.52,27915
NOV,09/08/2022,17.36,17.39,16.96,17.01,38159
NOV,09/07/2022,16.88,17.33,16.61,17.28,21287
NOV,09/06/2022,17.93,17.95,17.10,17.29,20695
NOV,09/02/2022,17.47,17.83,17.32,17.72,22866
NOV,09/01/2022,17.39,17.43,16.90,17.06,21771
NOV,08/31/2022,17.46,18.15,17.39,17.67,28952
NOV,08/30/2022,18.49,18.49,17.89,17.99,22849
NOV,08/29/2022,18.57,19.10,18.48,18.83,22272
NOV,08/26/2022,18.85,19.10,18.47,18.66,17787
NOV,08/25/2022,18.94,19.17,18.74,18.97,25527
NOV,08/24/2022,18.38,18.93,18.34,18.81,24645
NOV,08/23/2022,18.02,18.79,17.99,18.35,32252
NOV,08/22/2022,17.64,17.90,17.30,17.58,24420
NOV,08/19/2022,17.68,18.02,17.42,17.91,24357
NOV,08/18/2022,17.81,18.14,17.73,17.86,50095
NOV,08/17/2022,17.41,17.86,17.24,17.55,22930
NOV,08/16/2022,18.01,18.26,17.45,17.51,26068
NOV,08/15/2022,17.87,17.98,17.58,17.92,24749
NOV,08/12/2022,18.39,18.63,18.04,18.62,22325
NOV,08/11/2022,18.22,18.59,18.09,18.43,27932
NOV,08/10/2022,17.63,18.02,17.25,17.77,19705
NOV,08/09/2022,17.62,18.03,17.47,17.58,21730
NOV,08/08/2022,17.20,17.60,17.20,17.37,20329
NOV,08/05/2022,17.04,17.82,17.00,17.29,29409
NOV,08/04/2022,17.86,17.91,17.22,17.31,38662
NOV,08/03/2022,18.24,18.27,17.76,17.94,37776
NOV,08/02/2022,18.00,18.20,17.83,18.08,51146
NOV,08/01/2022,18.27,18.31,17.70,18.03,35970
NOV,07/29/2022,17.58,18.64,17.31,18.61,78601
NOV,07/28/2022,15.89,17.05,15.61,16.92,74668
NOV,07/27/2022,15.49,15.90,15.17,15.68,44082
NOV,07/26/2022,15.62,15.93,15.16,15.23,28958
NOV,07/25/2022,15.05,15.48,14.83,15.47,22103
NOV,07/22/2022,15.07,15.30,14.68,14.78,32181
NOV,07/21/2022,14.63,14.90,14.26,14.88,36968
NOV,07/20/2022,14.80,15.21,14.47,15.14,35021
NOV,07/19/2022,14.58,15.16,14.51,15.10,27877
NOV,07/18/2022,14.56,14.85,14.49,14.57,38080
NOV,07/15/2022,14.33,14.46,13.98,14.20,59491
NOV,07/14/2022,14.20,14.41,13.98,14.10,61993
NOV,07/13/2022,14.73,15.14,14.64,14.74,35562
NOV,07/12/2022,15.39,15.61,14.89,15.02,52040
NOV,07/11/2022,16.29,16.42,15.88,15.97,25568
NOV,07/08/2022,16.71,16.76,16.31,16.59,37285
NOV,07/07/2022,16.41,16.69,16.29,16.50,41060
NOV,07/06/2022,15.80,16.21,15.26,15.96,45818
NOV,07/05/2022,16.44,16.45,15.44,15.99,44763
NOV,07/01/2022,17.12,17.15,16.13,16.90,25532
NOV,06/30/2022,16.61,17.14,16.45,16.91,32031
NOV,06/29/2022,17.54,17.67,16.91,17.05,34711
NOV,06/28/2022,17.11,17.43,16.90,17.32,66795
NOV,06/27/2022,16.44,16.73,16.22,16.69,31673
NOV,06/24/2022,15.80,16.43,15.59,16.23,63505
NOV,06/23/2022,16.47,16.57,15.39,15.60,101140
NOV,06/22/2022,16.24,16.83,16.12,16.46,50947
NOV,06/21/2022,17.02,17.44,16.73,17.11,29383
NOV,06/17/2022,17.24,17.32,16.35,16.47,86716
NOV,06/16/2022,17.17,17.42,16.92,17.27,54630
NOV,06/15/2022,18.16,18.30,17.45,17.76,40127
NOV,06/14/2022,18.61,18.87,17.76,18.10,42458
NOV,06/13/2022,19.29,19.37,18.08,18.32,46787
NOV,06/10/2022,20.18,20.43,19.70,20.00,40723
NOV,06/09/2022,20.89,21.08,20.55,20.57,17450
NOV,06/08/2022,21.78,21.87,21.20,21.26,33128
NOV,06/07/2022,21.00,21.62,20.85,21.62,27576
NOV,06/06/2022,21.21,21.36,20.96,21.05,28589
NOV,06/03/2022,20.28,21.11,20.05,21.01,37344
NOV,06/02/2022,20.22,20.42,19.87,20.18,27149
NOV,06/01/2022,20.25,20.51,19.80,20.28,34742
NOV,05/31/2022,20.32,20.53,19.63,20.00,44793
NOV,05/27/2022,19.48,20.16,19.43,20.12,21774
NOV,05/26/2022,19.30,19.91,19.25,19.78,26628
NOV,05/25/2022,19.19,19.38,18.88,19.18,20291
NOV,05/24/2022,18.61,19.13,18.42,19.12,25152
NOV,05/23/2022,18.26,18.90,18.09,18.81,23397
NOV,05/20/2022,18.02,18.33,17.68,18.03,22219
NOV,05/19/2022,17.90,18.54,17.83,17.92,38654
NOV,05/18/2022,19.10,19.16,18.09,18.42,26796
NOV,05/17/2022,18.52,19.08,18.33,18.92,28080
NOV,05/16/2022,17.84,18.47,17.70,18.35,24536
NOV,05/13/2022,17.36,17.86,17.33,17.66,28930
NOV,05/12/2022,17.06,17.26,16.64,17.07,37153
NOV,05/11/2022,17.33,17.98,17.11,17.14,27632
NOV,05/10/2022,17.39,17.70,16.77,17.05,29892
NOV,05/09/2022,18.44,18.55,16.98,17.13,41018
NOV,05/06/2022,19.07,19.08,18.49,18.98,26899
NOV,05/05/2022,19.51,19.55,18.40,18.79,29012
NOV,05/04/2022,19.00,19.47,18.40,19.33,31890
NOV,05/03/2022,18.79,19.11,18.44,18.64,36405
NOV,05/02/2022,18.13,18.74,17.90,18.62,39600
NOV,04/29/2022,19.40,19.86,18.00,18.13,70954
NOV,04/28/2022,18.61,18.90,17.89,18.62,51737
NOV,04/27/2022,18.73,18.80,18.30,18.53,42840
NOV,04/26/2022,18.48,19.17,18.15,18.51,46510
NOV,04/25/2022,18.24,18.44,17.40,18.38,58490
NOV,04/22/2022,19.35,19.98,18.97,19.02,34933
NOV,04/21/2022,20.40,20.44,19.17,19.45,33521
NOV,04/20/2022,20.26,20.40,19.14,20.13,49110
NOV,04/19/2022,21.00,21.40,20.27,20.36,39318
NOV,04/18/2022,20.77,21.37,20.43,21.21,37377
NOV,04/14/2022,19.96,20.80,19.58,20.56,60195
NOV,04/13/2022,19.97,20.20,19.12,19.94,45666
NOV,04/12/2022,19.68,20.28,19.37,19.60,45373
NOV,04/11/2022,20.21,20.29,19.39,19.41,37414
NOV,04/08/2022,19.74,20.48,19.53,20.37,31102
NOV,04/07/2022,19.38,19.62,18.84,19.37,31523
NOV,04/06/2022,19.64,19.70,19.03,19.27,38781
NOV,04/05/2022,20.07,20.55,19.37,19.37,35856
NOV,04/04/2022,20.22,20.59,19.80,20.14,35537
NOV,04/01/2022,19.90,20.49,19.75,20.22,30859
NOV,03/31/2022,19.54,20.19,19.38,19.61,31733
NOV,03/30/2022,19.89,20.08,19.55,19.84,28612
NOV,03/29/2022,18.81,19.67,18.59,19.66,29428
NOV,03/28/2022,19.38,19.45,18.91,19.16,29868
NOV,03/25/2022,19.39,20.06,19.28,19.95,30467
NOV,03/24/2022,19.71,20.09,19.39,19.54,39887
NOV,03/23/2022,19.93,20.32,19.40,19.58,32258
NOV,03/22/2022,19.63,19.89,19.27,19.53,38503
NOV,03/21/2022,19.90,20.41,19.60,19.77,33811
NOV,03/18/2022,19.17,19.37,18.89,19.33,72936
NOV,03/17/2022,19.18,19.75,18.67,19.36,62547
NOV,03/16/2022,19.40,19.46,18.53,18.75,68869
NOV,03/15/2022,19.02,19.81,18.86,19.32,58802
NOV,03/14/2022,20.69,20.74,19.44,19.79,54359
NOV,03/11/2022,21.16,21.54,20.37,21.15,62546
NOV,03/10/2022,21.45,22.07,20.89,21.91,64716
NOV,03/09/2022,21.21,21.78,20.39,21.14,96095
NOV,03/08/2022,22.07,24.06,20.66,21.96,171619
NOV,03/07/2022,18.44,22.67,18.29,21.19,210161
NOV,03/04/2022,16.89,18.37,16.80,18.32,64657
NOV,03/03/2022,16.76,17.07,16.41,17.04,40710
NOV,03/02/2022,16.48,17.10,16.38,16.99,42973
NOV,03/01/2022,17.17,17.46,15.74,16.22,61375
NOV,02/28/2022,16.80,17.34,16.62,17.15,53036
NOV,02/25/2022,16.85,17.17,16.74,16.93,56865
NOV,02/24/2022,17.43,17.57,16.30,16.78,109682
NOV,02/23/2022,16.95,17.43,16.95,17.16,53936
NOV,02/22/2022,17.61,17.72,17.04,17.42,69984
NOV,02/18/2022,16.85,17.31,16.78,17.24,41459
NOV,02/17/2022,17.02,17.26,16.81,17.11,36414
NOV,02/16/2022,16.96,17.46,16.89,17.17,31740
NOV,02/15/2022,16.26,16.86,16.12,16.73,43728
NOV,02/14/2022,17.12,17.26,16.54,16.71,44621
