NRG,06/23/2023,35.19,35.93,35.17,35.68,13296
NRG,06/22/2023,35.16,35.59,34.61,34.92,92058
NRG,06/21/2023,33.35,34.13,32.94,33.88,31972
NRG,06/20/2023,34.09,34.38,33.47,33.52,42509
NRG,06/16/2023,34.64,34.70,34.08,34.12,112723
NRG,06/15/2023,34.29,34.56,34.06,34.37,39429
NRG,06/14/2023,34.55,34.76,33.97,34.34,19958
NRG,06/13/2023,34.27,34.37,33.79,34.35,30315
NRG,06/12/2023,34.00,34.71,33.87,34.28,31150
NRG,06/09/2023,34.09,34.19,33.62,34.08,21449
NRG,06/08/2023,34.16,34.21,33.55,33.95,33072
NRG,06/07/2023,33.16,34.11,32.88,34.07,55494
NRG,06/06/2023,33.26,33.56,32.94,32.94,37609
NRG,06/05/2023,33.41,34.19,33.06,33.12,38660
NRG,06/02/2023,32.16,33.36,31.68,33.30,67438
NRG,06/01/2023,34.43,34.43,32.09,32.40,74200
NRG,05/31/2023,33.89,34.10,32.90,33.79,156486
NRG,05/30/2023,34.16,34.39,33.79,34.05,44703
NRG,05/26/2023,33.48,33.94,32.92,33.94,63826
NRG,05/25/2023,33.95,33.95,32.94,33.46,45333
NRG,05/24/2023,33.71,34.18,33.22,33.99,36331
NRG,05/23/2023,34.07,34.07,33.53,33.81,55095
NRG,05/22/2023,33.58,34.23,33.30,34.03,43942
NRG,05/19/2023,33.62,34.20,33.28,33.49,27666
NRG,05/18/2023,33.09,33.52,32.64,33.46,36046
NRG,05/17/2023,33.86,33.86,32.73,33.41,62348
NRG,05/16/2023,33.78,34.28,33.38,33.51,83080
NRG,05/15/2023,35.12,35.17,32.87,33.78,127407
NRG,05/12/2023,31.06,33.06,30.62,32.79,76355
NRG,05/11/2023,32.06,32.07,30.86,31.04,52659
NRG,05/10/2023,31.60,32.29,31.33,32.15,57391
NRG,05/09/2023,31.14,31.64,31.06,31.30,53641
NRG,05/08/2023,31.47,31.63,31.06,31.31,57002
NRG,05/05/2023,31.52,31.62,30.85,31.28,59328
NRG,05/04/2023,33.01,33.29,30.52,31.38,110345
NRG,05/03/2023,33.63,34.13,33.31,33.44,38419
NRG,05/02/2023,33.98,33.98,33.00,33.33,35999
NRG,05/01/2023,34.06,34.45,33.86,34.00,23987
NRG,04/28/2023,33.57,34.21,33.50,34.17,19008
NRG,04/27/2023,33.46,34.15,33.46,34.07,24765
NRG,04/26/2023,33.78,33.97,33.30,33.40,34151
NRG,04/25/2023,34.88,34.97,34.00,34.06,21998
NRG,04/24/2023,34.44,35.03,34.08,35.00,24973
NRG,04/21/2023,34.62,34.69,34.17,34.40,18264
NRG,04/20/2023,34.57,34.91,34.53,34.57,21271
NRG,04/19/2023,34.49,35.00,34.19,34.84,35865
NRG,04/18/2023,35.15,35.22,34.35,34.66,51483
NRG,04/17/2023,35.49,35.50,34.79,35.11,66541
NRG,04/14/2023,35.57,35.98,34.93,35.21,34277
NRG,04/13/2023,35.67,36.14,35.50,35.91,28534
NRG,04/12/2023,35.84,36.32,35.64,35.76,28806
NRG,04/11/2023,35.42,35.94,35.32,35.68,23853
NRG,04/10/2023,34.66,35.29,34.53,35.18,18742
NRG,04/06/2023,34.65,34.89,34.48,34.82,22683
NRG,04/05/2023,33.50,34.45,33.37,34.41,19914
NRG,04/04/2023,33.75,33.85,33.04,33.55,22827
NRG,04/03/2023,34.35,34.39,33.66,33.87,25391
NRG,03/31/2023,33.58,34.33,33.40,34.29,35151
NRG,03/30/2023,33.47,33.65,33.22,33.45,39192
NRG,03/29/2023,32.91,33.28,32.79,33.18,20261
NRG,03/28/2023,32.28,32.95,32.28,32.64,21293
NRG,03/27/2023,31.73,32.34,31.57,32.26,39874
NRG,03/24/2023,30.65,31.51,30.50,31.49,35674
NRG,03/23/2023,31.98,32.23,30.76,31.01,38301
NRG,03/22/2023,33.06,33.17,31.91,31.96,33669
NRG,03/21/2023,33.77,34.01,33.06,33.19,51591
NRG,03/20/2023,32.60,33.92,32.06,33.63,85064
NRG,03/17/2023,31.92,31.94,31.08,31.48,110772
NRG,03/16/2023,30.48,31.98,30.25,31.61,79119
NRG,03/15/2023,31.13,31.27,30.57,30.82,71096
NRG,03/14/2023,31.51,32.08,31.19,31.58,72589
NRG,03/13/2023,31.08,32.20,30.83,30.88,40817
NRG,03/10/2023,32.88,33.06,31.56,31.63,39631
NRG,03/09/2023,33.94,34.03,32.94,33.01,32208
NRG,03/08/2023,34.38,34.47,33.62,33.93,28598
NRG,03/07/2023,34.38,34.86,34.18,34.28,38153
NRG,03/06/2023,33.85,34.60,33.82,34.38,46831
NRG,03/03/2023,32.85,33.93,32.62,33.64,31233
NRG,03/02/2023,33.00,33.06,32.56,32.75,33534
NRG,03/01/2023,32.53,33.03,32.43,33.02,30091
NRG,02/28/2023,32.99,33.34,32.63,32.79,41790
NRG,02/27/2023,33.88,34.13,33.00,33.02,42864
NRG,02/24/2023,33.16,33.75,32.98,33.60,37987
NRG,02/23/2023,33.12,33.78,33.09,33.51,54263
NRG,02/22/2023,33.90,34.02,33.06,33.15,41049
NRG,02/21/2023,34.01,34.70,34.01,34.06,34721
NRG,02/17/2023,34.03,34.48,33.68,34.22,51950
NRG,02/16/2023,35.21,35.31,33.58,34.08,92193
NRG,02/15/2023,34.78,35.86,34.77,35.83,42888
NRG,02/14/2023,35.55,35.61,34.81,35.10,34593
NRG,02/13/2023,34.71,35.61,34.70,35.56,27956
NRG,02/10/2023,34.46,34.95,34.24,34.86,29754
NRG,02/09/2023,34.80,35.13,34.29,34.39,51702
NRG,02/08/2023,34.81,34.95,34.54,34.79,29424
NRG,02/07/2023,34.55,35.18,34.21,35.01,31624
NRG,02/06/2023,34.21,34.75,33.90,34.68,36146
NRG,02/03/2023,34.60,35.02,34.20,34.43,29099
NRG,02/02/2023,34.83,35.47,34.62,34.95,38408
NRG,02/01/2023,34.00,34.75,33.58,34.60,31167
NRG,01/31/2023,33.37,34.30,33.20,34.22,81856
NRG,01/30/2023,33.60,34.02,33.44,33.55,32674
NRG,01/27/2023,33.50,33.79,33.17,33.75,27083
NRG,01/26/2023,33.31,33.50,32.84,33.49,50627
NRG,01/25/2023,32.66,33.20,32.27,33.15,49496
NRG,01/24/2023,32.58,32.97,31.98,32.90,29142
NRG,01/23/2023,32.52,32.87,32.36,32.42,51367
NRG,01/20/2023,30.98,32.28,30.67,32.21,36653
NRG,01/19/2023,31.55,31.69,30.81,31.03,26152
NRG,01/18/2023,32.33,32.47,31.57,31.63,21984
NRG,01/17/2023,31.95,32.39,31.91,32.15,30874
NRG,01/13/2023,32.23,32.56,31.27,31.88,37214
NRG,01/12/2023,32.46,32.88,32.10,32.62,28075
NRG,01/11/2023,32.90,33.01,32.05,32.29,66563
NRG,01/10/2023,32.50,32.88,32.12,32.86,28104
NRG,01/09/2023,32.38,32.83,32.22,32.64,35569
NRG,01/06/2023,32.11,32.49,31.83,32.20,31774
NRG,01/05/2023,31.94,32.19,31.70,31.75,24938
NRG,01/04/2023,32.02,32.30,31.64,32.09,39256
NRG,01/03/2023,31.88,32.19,31.42,31.93,41576
NRG,12/30/2022,32.31,32.39,31.59,31.82,23271
NRG,12/29/2022,32.13,32.57,32.00,32.40,22099
NRG,12/28/2022,32.30,32.40,31.70,31.86,24703
NRG,12/27/2022,31.96,32.26,31.72,32.24,33061
NRG,12/23/2022,31.90,32.08,31.57,31.91,30799
NRG,12/22/2022,32.09,32.15,31.40,31.89,29288
NRG,12/21/2022,32.00,32.56,31.65,32.42,56120
NRG,12/20/2022,31.57,31.98,31.31,31.66,45395
NRG,12/19/2022,31.62,32.60,31.30,31.54,49151
NRG,12/16/2022,31.32,31.57,30.64,31.05,160183
NRG,12/15/2022,32.29,32.55,31.52,31.85,52095
NRG,12/14/2022,33.41,33.49,32.12,32.47,42276
NRG,12/13/2022,33.41,33.65,32.61,33.41,48493
NRG,12/12/2022,32.40,32.68,31.68,32.67,44981
NRG,12/09/2022,31.73,32.90,31.21,32.28,42286
NRG,12/08/2022,33.00,34.01,32.16,32.18,71821
NRG,12/07/2022,34.12,34.46,32.95,33.14,77554
NRG,12/06/2022,35.74,37.05,33.85,34.68,167879
NRG,12/05/2022,40.82,41.07,40.45,40.84,17323
NRG,12/02/2022,41.54,41.72,40.85,41.25,17469
NRG,12/01/2022,42.95,43.21,41.81,42.13,27214
NRG,11/30/2022,41.98,42.49,40.99,42.45,59017
NRG,11/29/2022,41.29,41.93,40.81,41.91,24289
NRG,11/28/2022,41.72,41.91,41.09,41.43,20071
NRG,11/25/2022,42.43,42.57,42.01,42.16,9161
NRG,11/23/2022,42.25,42.59,42.00,42.44,15277
NRG,11/22/2022,41.43,42.43,41.35,42.34,16842
NRG,11/21/2022,42.01,42.15,40.82,41.16,24779
NRG,11/18/2022,41.73,42.27,41.21,42.24,27139
NRG,11/17/2022,42.37,42.37,41.15,41.34,24625
NRG,11/16/2022,43.33,43.62,42.83,42.96,20048
NRG,11/15/2022,44.35,44.44,43.25,43.46,29007
NRG,11/14/2022,45.21,45.80,43.84,43.85,31048
NRG,11/11/2022,44.89,45.50,44.37,45.40,29132
NRG,11/10/2022,44.08,45.55,43.56,45.09,32877
NRG,11/09/2022,44.00,44.48,42.58,42.65,38625
NRG,11/08/2022,45.30,45.70,44.17,44.25,45803
NRG,11/07/2022,43.87,45.47,43.00,45.21,45366
NRG,11/04/2022,43.82,44.56,43.43,44.35,21243
NRG,11/03/2022,42.82,44.15,42.55,43.63,15686
NRG,11/02/2022,43.75,44.81,43.27,43.37,23079
NRG,11/01/2022,44.52,44.66,43.72,44.03,24583
NRG,10/31/2022,44.12,44.74,44.05,44.40,22829
NRG,10/28/2022,43.93,44.73,43.74,44.67,16538
NRG,10/27/2022,43.59,44.36,43.38,43.70,23912
NRG,10/26/2022,43.70,43.97,43.11,43.15,20602
NRG,10/25/2022,42.96,43.75,42.84,43.64,20455
NRG,10/24/2022,42.85,43.32,41.97,42.99,20273
NRG,10/21/2022,41.13,42.56,40.73,42.36,27099
NRG,10/20/2022,42.04,42.04,40.62,40.72,22428
NRG,10/19/2022,42.43,42.60,41.53,41.96,18611
NRG,10/18/2022,42.45,43.15,42.42,42.96,24531
NRG,10/17/2022,41.79,42.39,41.70,41.91,17774
NRG,10/14/2022,41.46,41.90,40.71,41.04,15174
NRG,10/13/2022,39.07,41.62,39.04,41.18,21914
NRG,10/12/2022,40.98,40.98,39.74,39.75,16826
NRG,10/11/2022,41.04,41.75,40.84,41.06,19172
NRG,10/10/2022,41.25,41.98,40.96,41.01,23194
NRG,10/07/2022,40.95,41.36,40.65,41.12,19149
NRG,10/06/2022,41.39,41.74,40.95,41.10,21631
NRG,10/05/2022,40.23,41.80,40.01,41.50,21373
NRG,10/04/2022,39.59,41.03,39.58,41.01,23017
NRG,10/03/2022,39.07,39.70,38.14,39.34,33175
NRG,09/30/2022,39.38,39.56,38.18,38.27,26561
NRG,09/29/2022,40.02,40.03,38.77,39.18,19950
NRG,09/28/2022,39.84,40.45,39.54,40.25,18624
NRG,09/27/2022,39.87,40.23,39.17,39.39,27738
NRG,09/26/2022,40.50,40.88,39.29,39.39,20728
NRG,09/23/2022,40.71,41.00,40.07,40.63,19718
NRG,09/22/2022,42.09,42.13,41.37,41.38,21336
NRG,09/21/2022,43.20,43.57,42.15,42.17,22915
NRG,09/20/2022,43.64,43.79,42.65,42.80,19960
NRG,09/19/2022,43.52,44.15,43.42,44.02,16107
NRG,09/16/2022,44.69,44.91,43.73,43.87,59204
NRG,09/15/2022,44.18,44.90,43.90,44.86,30131
NRG,09/14/2022,43.67,44.33,43.67,44.31,26798
NRG,09/13/2022,43.66,44.24,43.22,43.36,22316
NRG,09/12/2022,43.45,44.40,43.33,44.36,23616
NRG,09/09/2022,42.72,43.46,42.59,43.29,14846
NRG,09/08/2022,41.53,42.54,41.41,42.32,14458
NRG,09/07/2022,40.84,41.75,40.68,41.69,19993
NRG,09/06/2022,41.51,41.64,40.70,40.79,23286
NRG,09/02/2022,41.47,42.46,41.36,41.47,18964
NRG,09/01/2022,41.23,41.38,40.50,41.16,19872
NRG,08/31/2022,40.98,41.48,40.89,41.28,27406
NRG,08/30/2022,41.48,41.75,40.94,41.07,16923
NRG,08/29/2022,41.40,41.96,41.23,41.49,15927
NRG,08/26/2022,42.89,42.91,41.72,41.72,14800
NRG,08/25/2022,42.09,42.88,42.00,42.86,14359
NRG,08/24/2022,41.82,42.01,41.46,41.95,12276
NRG,08/23/2022,42.27,42.57,41.88,41.89,15173
NRG,08/22/2022,42.45,42.60,41.97,42.10,21495
NRG,08/19/2022,43.46,43.90,42.93,42.95,23575
NRG,08/18/2022,42.79,43.83,42.74,43.52,24073
NRG,08/17/2022,42.23,43.13,42.12,42.61,22006
NRG,08/16/2022,42.25,43.13,42.22,42.60,29340
NRG,08/15/2022,41.57,42.35,41.49,42.25,24592
NRG,08/12/2022,40.77,41.70,40.70,41.67,17714
NRG,08/11/2022,39.39,40.62,39.13,40.43,23467
NRG,08/10/2022,38.74,39.26,38.46,39.24,17112
NRG,08/09/2022,38.86,38.96,37.97,38.33,27872
NRG,08/08/2022,38.67,39.25,38.51,38.74,25614
NRG,08/05/2022,39.00,39.27,38.23,38.46,38536
NRG,08/04/2022,38.49,39.63,37.69,39.14,41871
NRG,08/03/2022,37.61,37.61,36.83,37.37,33531
NRG,08/02/2022,37.68,38.07,37.21,37.28,33739
NRG,08/01/2022,37.50,37.69,36.94,37.62,29581
NRG,07/29/2022,37.32,38.00,37.17,37.75,80093
NRG,07/28/2022,37.06,37.55,36.69,37.51,29522
NRG,07/27/2022,36.39,36.81,35.90,36.48,26718
NRG,07/26/2022,35.90,36.59,35.89,36.36,22863
NRG,07/25/2022,35.70,36.52,35.61,35.95,39785
NRG,07/22/2022,36.08,36.30,35.39,35.63,24941
NRG,07/21/2022,36.27,36.76,35.69,36.04,25488
NRG,07/20/2022,35.73,35.89,34.91,35.84,40323
NRG,07/19/2022,35.89,35.97,35.47,35.74,41226
NRG,07/18/2022,36.02,36.20,35.53,35.59,36925
NRG,07/15/2022,36.43,36.71,35.69,35.98,46620
NRG,07/14/2022,36.48,36.73,36.03,36.26,30488
NRG,07/13/2022,37.24,37.93,37.09,37.12,21762
NRG,07/12/2022,37.52,38.28,37.40,37.69,23190
NRG,07/11/2022,37.69,37.88,37.06,37.50,16406
NRG,07/08/2022,38.14,38.23,37.64,37.83,16454
NRG,07/07/2022,37.83,38.21,37.49,37.71,23938
NRG,07/06/2022,37.60,37.99,36.71,37.30,23086
NRG,07/05/2022,38.40,38.50,36.55,37.59,28149
NRG,07/01/2022,38.36,39.19,38.16,38.84,19734
NRG,06/30/2022,37.46,38.63,37.39,38.17,29701
NRG,06/29/2022,37.85,37.98,37.05,37.82,21910
NRG,06/28/2022,38.69,38.91,37.61,37.82,20781
NRG,06/27/2022,38.46,38.97,38.34,38.61,20590
NRG,06/24/2022,37.81,38.40,37.55,38.32,47805
NRG,06/23/2022,36.58,37.97,36.49,37.76,34632
NRG,06/22/2022,36.59,37.02,36.34,36.48,33460
NRG,06/21/2022,36.43,37.49,36.33,37.00,38316
NRG,06/17/2022,37.22,37.82,35.66,36.33,97574
NRG,06/16/2022,38.49,38.51,36.68,36.86,37748
NRG,06/15/2022,39.76,40.00,38.42,39.11,35071
NRG,06/14/2022,40.55,40.73,38.95,39.42,38477
NRG,06/13/2022,43.35,43.35,40.35,40.55,35958
NRG,06/10/2022,44.87,45.42,43.86,44.01,25987
NRG,06/09/2022,45.75,46.19,45.40,45.52,32067
NRG,06/08/2022,45.79,46.22,45.31,45.64,18777
NRG,06/07/2022,45.69,46.15,44.61,46.14,31648
NRG,06/06/2022,45.66,46.59,45.33,46.23,23601
NRG,06/03/2022,45.64,46.13,45.45,45.48,20067
NRG,06/02/2022,45.57,45.97,45.04,45.92,21876
NRG,06/01/2022,46.00,46.09,44.97,45.49,29968
NRG,05/31/2022,46.45,46.79,45.84,46.04,153796
NRG,05/27/2022,46.42,46.86,45.91,46.45,32253
NRG,05/26/2022,47.05,47.82,46.68,46.71,28698
NRG,05/25/2022,45.98,47.23,45.86,46.85,34372
NRG,05/24/2022,46.00,46.57,45.50,45.81,45101
NRG,05/23/2022,46.03,46.78,45.65,46.18,33704
NRG,05/20/2022,46.82,46.86,44.95,45.72,63242
NRG,05/19/2022,45.60,46.71,45.52,46.21,48718
NRG,05/18/2022,45.23,45.92,44.82,45.76,53632
NRG,05/17/2022,44.33,45.27,44.08,45.20,60203
NRG,05/16/2022,42.40,44.30,42.37,44.07,43849
NRG,05/13/2022,41.78,42.69,41.15,42.29,40441
NRG,05/12/2022,41.86,42.06,40.41,41.39,39704
NRG,05/11/2022,41.82,42.69,41.63,41.79,34384
NRG,05/10/2022,41.70,42.15,40.38,41.69,37187
NRG,05/09/2022,41.03,41.77,40.18,41.43,61686
NRG,05/06/2022,38.64,41.45,38.25,41.40,75066
NRG,05/05/2022,38.14,38.18,37.38,37.71,23702
NRG,05/04/2022,37.16,38.42,37.12,38.25,23551
NRG,05/03/2022,36.90,37.99,36.80,37.10,28347
NRG,05/02/2022,36.22,36.89,35.91,36.84,41025
NRG,04/29/2022,36.75,37.09,35.81,35.90,27203
NRG,04/28/2022,36.87,37.40,36.22,37.15,28615
NRG,04/27/2022,37.17,37.69,36.53,36.56,27601
NRG,04/26/2022,37.44,38.00,37.27,37.27,25545
NRG,04/25/2022,37.79,37.85,36.60,37.61,24261
NRG,04/22/2022,39.45,39.54,37.76,37.91,26338
NRG,04/21/2022,41.00,41.36,39.72,39.74,29281
NRG,04/20/2022,39.99,41.52,39.88,41.27,29977
NRG,04/19/2022,40.01,40.08,39.05,39.71,20748
NRG,04/18/2022,39.25,39.95,39.24,39.83,18148
NRG,04/14/2022,38.85,39.27,38.77,39.19,20058
NRG,04/13/2022,38.73,39.01,38.24,38.77,15219
NRG,04/12/2022,38.57,39.22,38.45,38.87,19807
NRG,04/11/2022,39.57,39.77,38.51,38.54,19384
NRG,04/08/2022,39.24,39.68,39.00,39.55,20734
NRG,04/07/2022,39.20,39.35,38.65,39.04,20382
NRG,04/06/2022,37.44,39.35,37.17,39.21,31289
NRG,04/05/2022,37.68,37.92,37.14,37.62,22353
NRG,04/04/2022,38.31,38.40,37.59,37.67,18926
NRG,04/01/2022,38.56,38.66,38.02,38.40,21459
NRG,03/31/2022,38.03,38.97,38.03,38.36,24585
NRG,03/30/2022,38.15,38.51,37.84,38.02,17173
NRG,03/29/2022,37.85,38.29,37.61,38.15,17850
NRG,03/28/2022,37.17,37.91,37.08,37.61,17727
NRG,03/25/2022,36.46,37.34,36.24,37.03,27738
NRG,03/24/2022,36.44,36.59,36.14,36.45,23732
NRG,03/23/2022,37.36,37.38,36.29,36.30,30452
NRG,03/22/2022,37.33,38.06,37.33,37.57,20124
NRG,03/21/2022,37.82,38.08,37.09,37.19,23505
NRG,03/18/2022,38.51,38.79,37.88,37.91,97671
NRG,03/17/2022,39.07,39.37,38.58,38.68,17171
NRG,03/16/2022,39.04,39.76,38.65,39.20,26043
NRG,03/15/2022,38.82,39.28,38.11,38.92,26673
NRG,03/14/2022,39.09,39.44,38.27,38.69,29224
NRG,03/11/2022,37.83,38.73,37.74,38.48,25916
NRG,03/10/2022,37.63,37.67,36.82,37.65,22308
NRG,03/09/2022,37.83,38.29,37.43,37.90,33491
NRG,03/08/2022,37.91,38.42,37.34,37.44,34580
NRG,03/07/2022,37.48,38.83,37.40,38.01,29461
NRG,03/04/2022,36.95,37.63,36.68,37.56,28429
NRG,03/03/2022,37.73,38.28,37.36,37.38,25086
NRG,03/02/2022,36.69,37.94,36.50,37.73,28549
NRG,03/01/2022,37.69,37.71,35.96,36.54,38291
NRG,02/28/2022,37.71,38.17,37.00,37.84,26434
NRG,02/25/2022,38.43,38.81,37.31,37.99,25455
NRG,02/24/2022,37.21,38.22,36.65,38.18,35467
NRG,02/23/2022,37.40,37.68,36.70,36.84,23208
NRG,02/22/2022,38.10,38.20,36.98,37.28,35475
NRG,02/18/2022,38.20,38.71,38.12,38.43,21724
NRG,02/17/2022,38.82,38.99,38.20,38.32,13508
NRG,02/16/2022,39.11,39.36,38.78,39.09,10150
NRG,02/15/2022,38.92,39.22,38.61,38.95,13865
NRG,02/14/2022,39.91,39.96,38.17,38.68,19074
