NWSA,06/23/2023,18.64,18.86,18.59,18.86,1402
NWSA,06/22/2023,19.27,19.27,18.81,18.84,11136
NWSA,06/21/2023,19.07,19.30,18.92,19.27,15665
NWSA,06/20/2023,19.40,19.51,19.08,19.09,16141
NWSA,06/16/2023,19.66,19.69,19.43,19.57,36389
NWSA,06/15/2023,19.25,19.58,19.18,19.51,23354
NWSA,06/14/2023,19.46,19.69,19.17,19.26,21394
NWSA,06/13/2023,19.05,19.51,19.05,19.41,24923
NWSA,06/12/2023,19.20,19.28,18.95,19.00,41658
NWSA,06/09/2023,19.23,19.25,19.02,19.21,17470
NWSA,06/08/2023,19.38,19.42,18.98,19.20,23299
NWSA,06/07/2023,18.99,19.46,18.92,19.43,46550
NWSA,06/06/2023,18.65,18.98,18.58,18.95,20414
NWSA,06/05/2023,18.76,18.87,18.58,18.63,20569
NWSA,06/02/2023,18.82,18.97,18.57,18.80,18309
NWSA,06/01/2023,18.42,18.70,18.24,18.69,22130
NWSA,05/31/2023,18.70,18.71,18.17,18.31,32209
NWSA,05/30/2023,18.69,18.82,18.61,18.78,17515
NWSA,05/26/2023,18.32,18.57,18.19,18.54,16926
NWSA,05/25/2023,18.22,18.42,18.14,18.23,19606
NWSA,05/24/2023,18.24,18.33,18.09,18.22,15697
NWSA,05/23/2023,18.42,18.60,18.35,18.37,15277
NWSA,05/22/2023,18.64,18.74,18.42,18.53,16930
NWSA,05/19/2023,18.84,18.84,18.51,18.58,13462
NWSA,05/18/2023,18.72,18.81,18.51,18.77,16810
NWSA,05/17/2023,18.52,18.74,18.24,18.72,21023
NWSA,05/16/2023,18.62,18.67,18.20,18.37,26719
NWSA,05/15/2023,18.31,18.83,18.25,18.77,41467
NWSA,05/12/2023,18.24,18.63,17.59,18.16,55714
NWSA,05/11/2023,16.61,16.79,16.40,16.74,38191
NWSA,05/10/2023,17.15,17.25,16.35,16.66,33404
NWSA,05/09/2023,17.10,17.10,16.84,16.93,19807
NWSA,05/08/2023,17.15,17.23,17.00,17.14,10971
NWSA,05/05/2023,16.93,17.17,16.82,17.12,16480
NWSA,05/04/2023,16.80,17.00,16.64,16.72,55858
NWSA,05/03/2023,17.05,17.27,17.02,17.03,18181
NWSA,05/02/2023,17.31,17.31,16.73,16.98,21529
NWSA,05/01/2023,17.52,17.65,17.33,17.37,17857
NWSA,04/28/2023,17.16,17.61,17.10,17.61,25694
NWSA,04/27/2023,16.76,17.17,16.59,17.15,17099
NWSA,04/26/2023,16.90,17.04,16.60,16.65,17113
NWSA,04/25/2023,17.07,17.11,16.79,16.90,26969
NWSA,04/24/2023,17.29,17.38,17.09,17.25,11930
NWSA,04/21/2023,17.32,17.39,17.20,17.28,18425
NWSA,04/20/2023,17.33,17.49,17.26,17.27,20755
NWSA,04/19/2023,17.08,17.49,17.06,17.40,19222
NWSA,04/18/2023,17.40,17.47,17.22,17.27,27738
NWSA,04/17/2023,17.36,17.45,17.17,17.32,23455
NWSA,04/14/2023,17.56,17.72,17.29,17.40,13288
NWSA,04/13/2023,17.41,17.66,17.28,17.62,18994
NWSA,04/12/2023,17.78,17.83,17.27,17.30,26659
NWSA,04/11/2023,17.41,17.66,17.40,17.60,15551
NWSA,04/10/2023,17.13,17.41,17.13,17.40,13093
NWSA,04/06/2023,17.27,17.37,17.12,17.27,18561
NWSA,04/05/2023,17.26,17.34,17.04,17.32,30609
NWSA,04/04/2023,17.50,17.66,17.22,17.32,29011
NWSA,04/03/2023,17.17,17.48,17.17,17.42,27900
NWSA,03/31/2023,17.04,17.29,16.98,17.27,20612
NWSA,03/30/2023,16.97,17.17,16.91,16.97,21318
NWSA,03/29/2023,16.78,16.97,16.70,16.93,19236
NWSA,03/28/2023,16.45,16.62,16.36,16.60,21356
NWSA,03/27/2023,16.40,16.57,16.35,16.49,32033
NWSA,03/24/2023,16.09,16.25,15.88,16.22,28514
NWSA,03/23/2023,15.90,16.28,15.90,16.18,61572
NWSA,03/22/2023,16.17,16.25,15.81,15.83,24331
NWSA,03/21/2023,16.28,16.37,16.17,16.21,33236
NWSA,03/20/2023,15.92,16.11,15.84,16.07,21292
NWSA,03/17/2023,16.17,16.20,15.90,15.91,40335
NWSA,03/16/2023,15.80,16.29,15.71,16.24,30702
NWSA,03/15/2023,15.64,15.92,15.59,15.92,37139
NWSA,03/14/2023,15.88,15.96,15.64,15.91,52472
NWSA,03/13/2023,15.92,15.92,15.57,15.60,38089
NWSA,03/10/2023,16.22,16.23,15.74,16.01,36839
NWSA,03/09/2023,16.77,16.84,16.27,16.29,33799
NWSA,03/08/2023,16.90,16.99,16.67,16.77,27644
NWSA,03/07/2023,17.02,17.12,16.83,16.86,26686
NWSA,03/06/2023,17.29,17.42,16.97,17.03,30457
NWSA,03/03/2023,17.33,17.36,17.12,17.26,20682
NWSA,03/02/2023,16.82,17.28,16.78,17.26,20426
NWSA,03/01/2023,17.06,17.09,16.84,16.92,21686
NWSA,02/28/2023,17.24,17.33,17.06,17.15,33725
NWSA,02/27/2023,17.55,17.55,17.24,17.27,19764
NWSA,02/24/2023,17.15,17.45,16.99,17.44,26552
NWSA,02/23/2023,17.63,17.72,17.32,17.50,20605
NWSA,02/22/2023,17.80,17.88,17.33,17.68,45744
NWSA,02/21/2023,18.75,18.88,18.24,18.26,22236
NWSA,02/17/2023,18.68,19.01,18.53,19.00,24365
NWSA,02/16/2023,18.78,19.06,18.67,18.70,24110
NWSA,02/15/2023,18.74,19.16,18.65,19.14,26979
NWSA,02/14/2023,18.78,18.90,18.50,18.82,27846
NWSA,02/13/2023,18.63,18.98,18.49,18.87,35788
NWSA,02/10/2023,19.65,19.74,18.60,18.66,82756
NWSA,02/09/2023,21.09,21.09,20.54,20.59,25539
NWSA,02/08/2023,20.79,21.18,20.74,20.88,21393
NWSA,02/07/2023,20.69,21.00,20.50,20.91,17353
NWSA,02/06/2023,20.96,21.04,20.59,20.77,19430
NWSA,02/03/2023,21.21,21.41,21.00,21.17,24285
NWSA,02/02/2023,20.96,21.69,20.88,21.47,29585
NWSA,02/01/2023,20.22,20.75,19.90,20.72,32027
NWSA,01/31/2023,20.16,20.29,20.09,20.26,27139
NWSA,01/30/2023,20.29,20.41,20.05,20.17,33336
NWSA,01/27/2023,20.70,20.78,20.45,20.52,27861
NWSA,01/26/2023,20.63,20.82,20.36,20.72,29990
NWSA,01/25/2023,20.52,21.28,20.42,20.64,94985
NWSA,01/24/2023,19.48,19.56,19.27,19.53,14479
NWSA,01/23/2023,19.30,19.56,19.17,19.55,12430
NWSA,01/20/2023,18.77,19.30,18.64,19.26,17546
NWSA,01/19/2023,18.76,18.80,18.51,18.71,17475
NWSA,01/18/2023,19.34,19.40,18.80,18.87,20211
NWSA,01/17/2023,19.43,19.51,19.17,19.27,17744
NWSA,01/13/2023,19.14,19.47,19.13,19.46,15728
NWSA,01/12/2023,19.34,19.45,19.19,19.35,16136
NWSA,01/11/2023,19.39,19.45,19.02,19.31,22601
NWSA,01/10/2023,19.04,19.40,18.89,19.39,13922
NWSA,01/09/2023,19.10,19.34,18.98,19.07,14599
NWSA,01/06/2023,18.91,19.07,18.62,19.00,15927
NWSA,01/05/2023,18.89,18.92,18.55,18.68,13838
NWSA,01/04/2023,18.53,19.01,18.34,18.98,23665
NWSA,01/03/2023,18.37,18.55,18.08,18.30,17295
NWSA,12/30/2022,18.03,18.21,17.95,18.20,17173
NWSA,12/29/2022,18.03,18.36,17.99,18.22,14349
NWSA,12/28/2022,18.25,18.39,17.94,17.95,16035
NWSA,12/27/2022,18.31,18.46,18.10,18.28,14902
NWSA,12/23/2022,18.23,18.54,17.91,18.31,36452
NWSA,12/22/2022,17.55,17.84,17.43,17.81,15430
NWSA,12/21/2022,17.65,17.86,17.51,17.73,18244
NWSA,12/20/2022,17.42,17.56,17.24,17.51,23572
NWSA,12/19/2022,17.78,17.82,17.32,17.43,18858
NWSA,12/16/2022,17.70,17.91,17.57,17.83,34874
NWSA,12/15/2022,18.37,18.57,17.74,17.78,19616
NWSA,12/14/2022,18.57,18.88,18.37,18.68,20903
NWSA,12/13/2022,18.74,18.95,18.45,18.70,25680
NWSA,12/12/2022,18.01,18.20,17.84,18.19,19839
NWSA,12/09/2022,18.15,18.21,17.99,18.05,15400
NWSA,12/08/2022,18.29,18.43,18.11,18.15,22241
NWSA,12/07/2022,18.45,18.48,18.06,18.20,19749
NWSA,12/06/2022,18.74,18.81,18.35,18.48,17962
NWSA,12/05/2022,19.02,19.07,18.70,18.72,14043
NWSA,12/02/2022,18.98,19.17,18.88,19.12,16273
NWSA,12/01/2022,19.09,19.36,19.02,19.16,26521
NWSA,11/30/2022,18.55,19.25,18.47,19.15,44952
NWSA,11/29/2022,18.21,18.62,18.10,18.56,28975
NWSA,11/28/2022,18.11,18.60,18.11,18.19,34711
NWSA,11/25/2022,18.17,18.48,18.09,18.30,12111
NWSA,11/23/2022,17.89,18.39,17.77,18.23,20200
NWSA,11/22/2022,17.53,17.85,17.41,17.83,17064
NWSA,11/21/2022,17.78,17.78,17.36,17.48,24119
NWSA,11/18/2022,18.20,18.21,17.72,17.83,24760
NWSA,11/17/2022,17.61,18.05,17.53,17.94,18654
NWSA,11/16/2022,18.08,18.12,17.81,17.91,19211
NWSA,11/15/2022,18.33,18.48,17.92,18.15,21524
NWSA,11/14/2022,17.96,18.45,17.84,18.18,34899
NWSA,11/11/2022,17.53,18.07,17.45,18.06,32595
NWSA,11/10/2022,16.77,17.40,16.49,17.30,50940
NWSA,11/09/2022,15.05,16.45,15.00,16.16,66675
NWSA,11/08/2022,16.79,17.30,16.66,17.09,38349
NWSA,11/07/2022,16.78,16.90,16.40,16.72,37452
NWSA,11/04/2022,16.69,16.70,16.14,16.68,28028
NWSA,11/03/2022,16.22,16.62,15.97,16.46,40218
NWSA,11/02/2022,16.84,16.98,16.41,16.47,30558
NWSA,11/01/2022,17.06,17.43,16.90,16.99,23655
NWSA,10/31/2022,16.88,16.96,16.77,16.87,34456
NWSA,10/28/2022,16.86,16.98,16.55,16.91,28669
NWSA,10/27/2022,17.12,17.22,16.69,16.74,23106
NWSA,10/26/2022,17.17,17.36,16.98,17.00,28183
NWSA,10/25/2022,16.99,17.24,16.92,17.17,34472
NWSA,10/24/2022,17.36,17.36,16.70,16.92,36759
NWSA,10/21/2022,16.66,17.22,16.50,17.20,39651
NWSA,10/20/2022,16.55,16.90,16.39,16.69,37548
NWSA,10/19/2022,16.41,16.76,16.35,16.59,42330
NWSA,10/18/2022,16.45,16.74,16.06,16.25,40039
NWSA,10/17/2022,16.15,16.83,16.12,16.13,80187
NWSA,10/14/2022,16.03,16.19,15.56,15.60,28455
NWSA,10/13/2022,15.18,15.99,15.05,15.94,26547
NWSA,10/12/2022,15.46,15.59,15.30,15.52,18675
NWSA,10/11/2022,15.41,15.75,15.22,15.46,19503
NWSA,10/10/2022,15.66,15.74,15.39,15.51,11797
NWSA,10/07/2022,15.75,15.82,15.46,15.55,14737
NWSA,10/06/2022,16.05,16.35,15.84,15.88,14032
NWSA,10/05/2022,16.05,16.26,15.96,16.14,18231
NWSA,10/04/2022,15.86,16.40,15.82,16.38,33470
NWSA,10/03/2022,15.35,15.67,15.22,15.63,22157
NWSA,09/30/2022,15.13,15.42,15.00,15.11,35334
NWSA,09/29/2022,15.16,15.24,14.87,15.05,20575
NWSA,09/28/2022,15.00,15.48,14.98,15.38,17822
NWSA,09/27/2022,15.09,15.36,14.89,14.95,20204
NWSA,09/26/2022,15.21,15.45,15.01,15.04,28743
NWSA,09/23/2022,15.60,15.69,15.17,15.33,22651
NWSA,09/22/2022,15.94,16.04,15.66,15.69,17217
NWSA,09/21/2022,16.60,16.66,15.99,16.01,15510
NWSA,09/20/2022,16.40,16.68,16.36,16.46,18400
NWSA,09/19/2022,16.35,16.68,16.32,16.54,15080
NWSA,09/16/2022,16.97,17.07,16.33,16.53,37567
NWSA,09/15/2022,16.86,17.41,16.86,17.14,21840
NWSA,09/14/2022,16.88,16.91,16.56,16.86,17128
NWSA,09/13/2022,17.11,17.41,16.77,16.83,19204
NWSA,09/12/2022,17.58,17.83,17.58,17.61,18070
NWSA,09/09/2022,16.90,17.50,16.87,17.47,21183
NWSA,09/08/2022,16.63,16.92,16.50,16.80,19179
NWSA,09/07/2022,16.45,16.87,16.35,16.82,19587
NWSA,09/06/2022,17.04,17.07,16.42,16.45,27267
NWSA,09/02/2022,17.03,17.32,16.88,16.96,15565
NWSA,09/01/2022,16.78,16.92,16.70,16.92,19713
NWSA,08/31/2022,17.17,17.33,16.91,16.92,29320
NWSA,08/30/2022,17.32,17.34,17.00,17.10,24655
NWSA,08/29/2022,17.30,17.41,17.18,17.29,13428
NWSA,08/26/2022,17.77,17.94,17.35,17.35,19827
NWSA,08/25/2022,17.61,17.76,17.50,17.73,13196
NWSA,08/24/2022,17.40,17.56,17.25,17.48,15848
NWSA,08/23/2022,17.45,17.64,17.27,17.31,13327
NWSA,08/22/2022,17.62,17.79,17.43,17.45,15947
NWSA,08/19/2022,18.15,18.20,17.84,17.90,16406
NWSA,08/18/2022,18.25,18.35,17.99,18.28,16144
NWSA,08/17/2022,18.45,18.48,18.19,18.33,18193
NWSA,08/16/2022,18.34,18.81,18.34,18.59,23268
NWSA,08/15/2022,18.83,18.91,18.45,18.49,36812
NWSA,08/12/2022,18.72,18.89,18.63,18.83,21585
NWSA,08/11/2022,18.45,18.78,18.43,18.67,25530
NWSA,08/10/2022,18.41,18.54,18.17,18.45,36517
NWSA,08/09/2022,19.02,20.58,18.16,18.27,50955
NWSA,08/08/2022,17.08,17.64,17.01,17.37,40058
NWSA,08/05/2022,17.07,17.13,16.83,17.01,39597
NWSA,08/04/2022,17.42,17.56,17.26,17.38,16528
NWSA,08/03/2022,17.06,17.55,16.99,17.51,21434
NWSA,08/02/2022,17.08,17.17,16.91,17.00,14719
NWSA,08/01/2022,17.02,17.30,16.80,17.13,13902
NWSA,07/29/2022,17.03,17.30,16.90,17.14,18470
NWSA,07/28/2022,16.88,17.15,16.62,17.10,19640
NWSA,07/27/2022,16.74,17.11,16.67,17.05,17659
NWSA,07/26/2022,16.73,16.91,16.57,16.70,22105
NWSA,07/25/2022,16.90,17.16,16.77,16.90,28222
NWSA,07/22/2022,16.78,16.95,16.65,16.88,21631
NWSA,07/21/2022,16.59,16.83,16.45,16.83,25053
NWSA,07/20/2022,16.29,16.81,16.28,16.62,21786
NWSA,07/19/2022,15.96,16.37,15.84,16.31,16366
NWSA,07/18/2022,15.79,15.96,15.64,15.71,23465
NWSA,07/15/2022,15.50,15.74,15.32,15.73,19969
NWSA,07/14/2022,15.18,15.34,15.14,15.24,13941
NWSA,07/13/2022,15.38,15.59,15.11,15.49,16056
NWSA,07/12/2022,15.39,15.84,15.39,15.65,14394
NWSA,07/11/2022,15.51,15.60,15.34,15.40,12627
NWSA,07/08/2022,15.79,15.94,15.68,15.75,13207
NWSA,07/07/2022,15.71,15.88,15.66,15.84,19624
NWSA,07/06/2022,15.74,15.87,15.43,15.58,18170
NWSA,07/05/2022,15.43,15.65,15.17,15.63,19422
NWSA,07/01/2022,15.55,15.80,15.42,15.75,18738
NWSA,06/30/2022,15.16,15.74,15.10,15.58,38097
NWSA,06/29/2022,15.38,15.50,15.17,15.32,25198
NWSA,06/28/2022,15.83,16.12,15.48,15.49,35225
NWSA,06/27/2022,15.87,15.95,15.60,15.74,30961
NWSA,06/24/2022,15.38,15.90,15.36,15.78,46396
NWSA,06/23/2022,15.13,15.26,14.95,15.24,24215
NWSA,06/22/2022,15.09,15.26,14.95,15.10,33291
NWSA,06/21/2022,15.73,15.86,15.20,15.22,35266
NWSA,06/17/2022,15.50,15.80,15.43,15.50,59707
NWSA,06/16/2022,15.19,15.46,15.00,15.42,35800
NWSA,06/15/2022,15.77,15.84,15.34,15.54,44173
NWSA,06/14/2022,15.70,15.79,15.33,15.55,34836
NWSA,06/13/2022,16.09,16.20,15.59,15.67,35519
NWSA,06/10/2022,16.52,16.66,16.36,16.57,40207
NWSA,06/09/2022,17.22,17.26,16.84,16.86,26595
NWSA,06/08/2022,17.38,17.61,17.15,17.21,22866
NWSA,06/07/2022,17.11,17.61,16.99,17.57,27136
NWSA,06/06/2022,17.39,17.44,17.16,17.38,20732
NWSA,06/03/2022,17.45,17.51,17.01,17.20,17948
NWSA,06/02/2022,17.26,17.79,17.26,17.71,20610
NWSA,06/01/2022,17.48,17.62,16.91,17.21,42850
NWSA,05/31/2022,17.38,17.54,17.15,17.40,40213
NWSA,05/27/2022,17.34,17.68,17.26,17.68,19089
NWSA,05/26/2022,16.95,17.28,16.88,17.23,33042
NWSA,05/25/2022,16.50,17.00,16.38,16.85,25740
NWSA,05/24/2022,17.21,17.21,16.38,16.55,40824
NWSA,05/23/2022,17.86,17.90,17.30,17.42,28016
NWSA,05/20/2022,17.67,17.89,17.21,17.61,46691
NWSA,05/19/2022,17.35,17.71,17.26,17.50,41471
NWSA,05/18/2022,18.02,18.40,17.42,17.48,32020
NWSA,05/17/2022,18.01,18.38,18.01,18.26,36695
NWSA,05/16/2022,17.83,17.90,17.48,17.63,26592
NWSA,05/13/2022,17.50,17.96,17.33,17.84,33239
NWSA,05/12/2022,16.80,17.39,16.67,17.38,55745
NWSA,05/11/2022,17.43,17.96,16.87,16.90,43905
NWSA,05/10/2022,17.60,18.00,17.20,17.57,53640
NWSA,05/09/2022,16.91,17.64,16.91,17.50,60305
NWSA,05/06/2022,19.13,19.22,16.53,17.11,74890
NWSA,05/05/2022,20.75,20.80,19.40,19.73,31373
NWSA,05/04/2022,20.21,20.90,20.14,20.85,23293
NWSA,05/03/2022,20.29,20.41,19.91,20.21,32453
NWSA,05/02/2022,19.93,20.31,19.76,20.22,27658
NWSA,04/29/2022,20.31,20.55,19.84,19.86,23887
NWSA,04/28/2022,20.39,20.53,20.03,20.42,18424
NWSA,04/27/2022,19.96,20.35,19.91,20.26,24882
NWSA,04/26/2022,20.63,20.70,20.05,20.05,18198
NWSA,04/25/2022,20.76,20.91,20.31,20.88,27021
NWSA,04/22/2022,21.23,21.32,20.74,20.86,23241
NWSA,04/21/2022,22.06,22.20,21.32,21.35,19758
NWSA,04/20/2022,21.82,21.99,21.48,21.87,28431
NWSA,04/19/2022,21.23,21.79,21.11,21.73,20480
NWSA,04/18/2022,21.15,21.33,20.95,21.18,17407
NWSA,04/14/2022,21.68,21.83,21.06,21.17,26446
NWSA,04/13/2022,20.96,21.66,20.76,21.63,21490
NWSA,04/12/2022,21.22,21.48,20.81,20.96,25090
NWSA,04/11/2022,21.19,21.49,21.05,21.10,21715
NWSA,04/08/2022,21.25,21.51,21.00,21.34,14981
NWSA,04/07/2022,21.56,21.67,20.92,21.30,21591
NWSA,04/06/2022,21.79,21.88,21.42,21.67,24132
NWSA,04/05/2022,21.99,22.12,21.76,22.00,18998
NWSA,04/04/2022,21.88,22.14,21.73,22.11,15399
NWSA,04/01/2022,22.29,22.41,21.81,21.93,15416
NWSA,03/31/2022,22.65,22.72,22.13,22.15,25871
NWSA,03/30/2022,22.84,23.07,22.67,22.77,14096
NWSA,03/29/2022,22.81,23.03,22.76,22.96,15052
NWSA,03/28/2022,22.57,22.64,22.34,22.51,11231
NWSA,03/25/2022,22.62,22.81,22.44,22.58,12996
NWSA,03/24/2022,22.02,22.56,21.61,22.55,22774
NWSA,03/23/2022,22.06,22.12,21.87,21.92,17857
NWSA,03/22/2022,22.03,22.43,21.99,22.24,24759
NWSA,03/21/2022,22.27,22.51,21.80,22.00,16323
NWSA,03/18/2022,22.32,22.41,22.07,22.14,49569
NWSA,03/17/2022,21.61,22.47,21.43,22.42,30538
NWSA,03/16/2022,21.41,21.83,21.10,21.63,41599
NWSA,03/15/2022,21.18,21.45,20.86,21.10,22780
NWSA,03/14/2022,21.05,21.28,20.89,21.11,47605
NWSA,03/11/2022,21.55,21.74,20.94,20.96,38634
NWSA,03/10/2022,20.86,21.08,20.68,20.98,27227
NWSA,03/09/2022,20.85,21.41,20.80,21.13,28743
NWSA,03/08/2022,20.21,20.95,20.05,20.33,31034
NWSA,03/07/2022,21.15,21.20,20.25,20.28,27816
NWSA,03/04/2022,21.56,21.56,21.05,21.22,27424
NWSA,03/03/2022,22.56,22.62,21.68,21.77,17320
NWSA,03/02/2022,21.72,22.62,21.59,22.53,30587
NWSA,03/01/2022,22.20,22.38,21.27,21.55,43808
NWSA,02/28/2022,22.05,22.46,21.87,22.32,30262
NWSA,02/25/2022,21.72,22.30,21.41,22.28,40480
NWSA,02/24/2022,20.83,21.62,20.53,21.57,29394
NWSA,02/23/2022,22.06,22.17,21.31,21.37,19590
NWSA,02/22/2022,22.06,22.19,21.77,21.88,25536
NWSA,02/18/2022,22.56,22.74,22.04,22.15,26698
NWSA,02/17/2022,23.47,23.57,22.69,22.76,24861
NWSA,02/16/2022,22.94,23.69,22.68,23.68,33325
NWSA,02/15/2022,22.68,23.20,22.58,23.14,31068
NWSA,02/14/2022,22.69,22.79,22.14,22.28,30230
