OPCH,06/23/2023,29.64,30.43,29.61,30.43,1827
OPCH,06/22/2023,29.76,30.32,29.69,29.86,11430
OPCH,06/21/2023,30.42,30.60,29.78,29.84,21765
OPCH,06/20/2023,30.61,30.92,30.31,30.63,15208
OPCH,06/16/2023,30.73,30.73,30.30,30.69,29832
OPCH,06/15/2023,30.36,30.99,30.34,30.46,17383
OPCH,06/14/2023,30.60,30.73,29.95,30.21,26494
OPCH,06/13/2023,30.07,30.89,30.01,30.85,24306
OPCH,06/12/2023,30.79,30.98,30.00,30.06,23573
OPCH,06/09/2023,30.61,31.10,30.08,30.64,54180
OPCH,06/08/2023,30.76,31.51,30.47,31.34,28628
OPCH,06/07/2023,31.59,31.80,30.52,30.78,37825
OPCH,06/06/2023,30.35,31.52,30.20,31.47,53969
OPCH,06/05/2023,29.65,31.00,29.44,30.35,158012
OPCH,06/02/2023,28.04,28.72,27.99,28.56,27950
OPCH,06/01/2023,27.51,27.88,27.46,27.73,13266
OPCH,05/31/2023,27.18,27.58,27.05,27.55,20796
OPCH,05/30/2023,27.81,28.06,27.22,27.25,14277
OPCH,05/26/2023,27.67,27.98,27.49,27.88,10411
OPCH,05/25/2023,27.68,27.76,27.18,27.62,19629
OPCH,05/24/2023,27.99,28.17,27.52,27.88,24494
OPCH,05/23/2023,28.11,28.72,28.00,28.08,14177
OPCH,05/22/2023,28.62,28.80,27.94,28.11,33017
OPCH,05/19/2023,27.86,28.63,27.57,28.59,38423
OPCH,05/18/2023,28.06,28.23,27.34,27.49,34464
OPCH,05/17/2023,27.58,28.29,27.27,28.19,48137
OPCH,05/16/2023,26.72,27.49,26.52,27.46,39008
OPCH,05/15/2023,26.95,27.20,26.63,26.84,34591
OPCH,05/12/2023,27.28,27.47,26.91,26.97,29542
OPCH,05/11/2023,26.93,27.31,26.89,27.17,45394
OPCH,05/10/2023,27.58,27.73,26.19,26.99,70115
OPCH,05/09/2023,28.16,28.21,27.05,27.33,38536
OPCH,05/08/2023,27.95,28.29,27.39,28.16,45521
OPCH,05/05/2023,27.78,29.05,27.19,27.98,100471
OPCH,05/04/2023,25.10,27.70,24.23,27.50,305878
OPCH,05/03/2023,32.68,33.08,32.04,32.79,25932
OPCH,05/02/2023,32.33,32.65,31.80,32.23,12194
OPCH,05/01/2023,32.15,33.18,32.15,32.64,11473
OPCH,04/28/2023,31.90,32.29,31.79,32.15,7127
OPCH,04/27/2023,31.61,32.15,31.35,32.04,6570
OPCH,04/26/2023,31.88,31.95,31.41,31.61,11095
OPCH,04/25/2023,32.25,32.69,32.07,32.14,7329
OPCH,04/24/2023,32.39,32.69,32.22,32.33,6099
OPCH,04/21/2023,31.70,32.61,31.64,32.42,11212
OPCH,04/20/2023,31.14,31.50,30.88,31.48,6522
OPCH,04/19/2023,31.68,31.77,31.24,31.43,6207
OPCH,04/18/2023,31.64,31.82,31.19,31.76,6369
OPCH,04/17/2023,31.62,31.65,31.17,31.41,4967
OPCH,04/14/2023,31.87,31.99,31.31,31.69,10490
OPCH,04/13/2023,31.59,31.84,31.23,31.83,9116
OPCH,04/12/2023,31.79,31.97,31.36,31.47,7467
OPCH,04/11/2023,31.29,31.98,31.12,31.76,7340
OPCH,04/10/2023,31.38,31.44,31.11,31.21,6705
OPCH,04/06/2023,32.05,32.30,31.51,31.61,6118
OPCH,04/05/2023,31.72,32.02,31.44,31.96,13510
OPCH,04/04/2023,31.80,31.93,31.48,31.80,7892
OPCH,04/03/2023,31.77,32.01,31.38,31.73,9645
OPCH,03/31/2023,31.64,31.82,31.47,31.77,13071
OPCH,03/30/2023,32.00,32.07,31.34,31.46,6539
OPCH,03/29/2023,32.00,32.00,31.47,31.79,17385
OPCH,03/28/2023,31.43,31.78,31.29,31.65,9602
OPCH,03/27/2023,31.89,31.94,31.48,31.56,7269
OPCH,03/24/2023,30.86,31.68,30.47,31.57,8793
OPCH,03/23/2023,31.15,31.29,30.54,30.99,10201
OPCH,03/22/2023,31.86,31.94,31.04,31.06,7101
OPCH,03/21/2023,31.51,31.96,31.17,31.90,8254
OPCH,03/20/2023,31.29,31.35,30.74,31.11,9621
OPCH,03/17/2023,31.53,31.53,30.94,31.14,16272
OPCH,03/16/2023,30.84,31.85,30.51,31.55,7959
OPCH,03/15/2023,31.07,31.26,30.53,31.09,10516
OPCH,03/14/2023,31.19,31.79,30.83,31.76,13635
OPCH,03/13/2023,30.41,30.94,29.82,30.57,18175
OPCH,03/10/2023,31.58,31.63,30.51,30.63,12411
OPCH,03/09/2023,32.24,32.41,31.62,31.72,9404
OPCH,03/08/2023,32.30,32.58,31.97,32.19,10114
OPCH,03/07/2023,32.65,32.82,32.03,32.30,12353
OPCH,03/06/2023,32.90,33.23,32.36,32.55,26943
OPCH,03/03/2023,32.16,33.31,31.91,33.17,59694
OPCH,03/02/2023,31.78,32.49,31.34,32.07,63384
OPCH,03/01/2023,30.49,31.38,30.11,31.29,10313
OPCH,02/28/2023,30.55,30.95,30.28,30.67,10324
OPCH,02/27/2023,30.95,32.07,30.66,30.82,11311
OPCH,02/24/2023,31.78,31.89,30.72,30.91,15453
OPCH,02/23/2023,30.58,32.12,30.14,31.90,36186
OPCH,02/22/2023,28.72,29.01,28.56,28.86,10082
OPCH,02/21/2023,29.03,29.15,28.61,28.63,8247
OPCH,02/17/2023,29.41,29.53,29.09,29.38,7565
OPCH,02/16/2023,28.91,29.85,28.74,29.30,18960
OPCH,02/15/2023,28.58,29.19,28.38,29.10,9813
OPCH,02/14/2023,28.93,29.19,28.52,28.62,4885
OPCH,02/13/2023,29.10,29.32,28.78,28.90,6243
OPCH,02/10/2023,28.92,29.24,28.78,29.07,8214
OPCH,02/09/2023,28.79,29.19,28.74,28.77,5233
OPCH,02/08/2023,28.13,28.81,28.03,28.67,9226
OPCH,02/07/2023,27.57,28.33,27.23,28.27,8542
OPCH,02/06/2023,28.67,28.84,27.60,27.68,5765
OPCH,02/03/2023,29.34,29.43,28.53,28.70,6111
OPCH,02/02/2023,29.20,29.54,29.03,29.26,9543
OPCH,02/01/2023,28.87,29.43,28.54,29.18,7328
OPCH,01/31/2023,28.34,28.95,28.34,28.87,7035
OPCH,01/30/2023,28.65,29.00,28.25,28.27,7217
OPCH,01/27/2023,28.63,28.90,28.23,28.64,5869
OPCH,01/26/2023,28.78,28.78,28.36,28.75,5249
OPCH,01/25/2023,28.00,28.60,27.81,28.57,6372
OPCH,01/24/2023,28.34,28.47,27.85,28.06,12671
OPCH,01/23/2023,28.00,28.53,27.11,28.34,18089
OPCH,01/20/2023,28.99,28.99,27.81,27.99,11632
OPCH,01/19/2023,28.43,29.02,28.15,28.68,9983
OPCH,01/18/2023,29.04,29.30,28.35,28.36,11546
OPCH,01/17/2023,28.79,29.82,28.51,29.02,11670
OPCH,01/13/2023,29.10,29.59,28.80,28.94,7349
OPCH,01/12/2023,28.86,29.24,28.17,29.10,18871
OPCH,01/11/2023,28.91,29.27,28.74,28.91,6845
OPCH,01/10/2023,28.59,29.07,28.42,28.94,11777
OPCH,01/09/2023,29.59,29.69,28.51,28.54,11982
OPCH,01/06/2023,28.90,29.43,28.25,29.40,8552
OPCH,01/05/2023,28.62,28.78,27.88,28.48,11944
OPCH,01/04/2023,29.65,29.67,28.82,28.90,10331
OPCH,01/03/2023,30.22,30.25,29.00,29.50,11744
OPCH,12/30/2022,30.30,30.39,29.85,30.09,8487
OPCH,12/29/2022,30.25,30.60,29.99,30.38,5176
OPCH,12/28/2022,30.11,30.49,29.81,30.03,4391
OPCH,12/27/2022,30.39,30.99,29.96,30.12,3933
OPCH,12/23/2022,30.15,30.24,29.85,30.22,2969
OPCH,12/22/2022,30.53,30.70,29.61,30.19,4810
OPCH,12/21/2022,29.96,30.70,29.66,30.64,7273
OPCH,12/20/2022,29.83,30.41,29.69,29.71,4915
OPCH,12/19/2022,29.82,29.98,29.24,29.82,5090
OPCH,12/16/2022,29.55,30.45,29.11,29.80,13340
OPCH,12/15/2022,30.98,31.12,30.07,30.17,7886
OPCH,12/14/2022,30.75,31.53,30.56,31.35,13111
OPCH,12/13/2022,31.16,31.27,30.19,30.55,9607
OPCH,12/12/2022,29.88,30.47,29.79,30.32,5952
OPCH,12/09/2022,30.01,30.28,29.72,29.73,7679
OPCH,12/08/2022,29.43,30.13,29.43,30.01,6403
OPCH,12/07/2022,29.85,30.28,29.49,29.56,4786
OPCH,12/06/2022,30.05,30.39,29.61,29.86,8097
OPCH,12/05/2022,30.74,31.01,29.96,30.22,8264
OPCH,12/02/2022,30.54,31.32,30.37,30.76,7420
OPCH,12/01/2022,30.38,31.01,30.22,30.81,12046
OPCH,11/30/2022,29.04,30.18,29.03,30.11,12042
OPCH,11/29/2022,28.69,29.24,28.64,29.17,19072
OPCH,11/28/2022,28.65,29.26,28.62,28.76,8145
OPCH,11/25/2022,28.40,29.00,28.16,28.84,4166
OPCH,11/23/2022,29.01,29.29,28.24,28.35,5848
OPCH,11/22/2022,28.32,28.91,27.90,28.85,33883
OPCH,11/21/2022,28.60,28.93,28.00,28.04,6206
OPCH,11/18/2022,28.41,28.85,28.03,28.69,12525
OPCH,11/17/2022,28.57,28.71,27.68,27.84,13655
OPCH,11/16/2022,28.74,29.47,28.63,29.08,9149
OPCH,11/15/2022,30.54,30.54,28.39,28.76,15713
OPCH,11/14/2022,29.28,31.50,29.28,30.08,17978
OPCH,11/11/2022,31.43,31.53,27.54,29.45,37547
OPCH,11/10/2022,32.47,32.56,31.15,31.52,11354
OPCH,11/09/2022,31.43,31.76,30.96,31.18,5881
OPCH,11/08/2022,31.26,31.92,30.77,31.55,9052
OPCH,11/07/2022,31.57,31.89,31.05,31.21,6737
OPCH,11/04/2022,30.69,32.34,30.54,31.54,16259
OPCH,11/03/2022,29.58,30.64,29.36,30.31,8602
OPCH,11/02/2022,30.31,30.96,29.74,30.02,13133
OPCH,11/01/2022,30.36,30.74,29.72,30.33,13022
OPCH,10/31/2022,31.15,31.33,29.88,30.26,16446
OPCH,10/28/2022,30.67,32.29,30.51,31.20,17693
OPCH,10/27/2022,33.72,33.87,30.69,30.78,28953
OPCH,10/26/2022,34.88,35.87,34.49,35.00,15692
OPCH,10/25/2022,34.01,34.95,33.97,34.64,8390
OPCH,10/24/2022,33.93,34.19,33.65,34.01,8650
OPCH,10/21/2022,32.85,33.62,32.14,33.48,7910
OPCH,10/20/2022,33.56,33.70,32.79,32.92,10231
OPCH,10/19/2022,33.91,34.22,33.32,33.52,9846
OPCH,10/18/2022,34.65,35.01,33.96,34.10,7847
OPCH,10/17/2022,33.39,34.32,33.13,33.77,12370
OPCH,10/14/2022,34.36,34.45,32.81,32.86,9562
OPCH,10/13/2022,33.10,34.81,32.82,33.96,15076
OPCH,10/12/2022,33.67,34.08,33.15,34.02,6585
OPCH,10/11/2022,32.84,34.39,32.84,33.67,15722
OPCH,10/10/2022,32.49,33.43,32.29,33.02,7125
OPCH,10/07/2022,33.16,33.48,32.15,32.38,7467
OPCH,10/06/2022,33.68,34.12,33.49,33.70,4919
OPCH,10/05/2022,33.51,34.10,33.43,33.97,8516
OPCH,10/04/2022,33.12,34.34,33.12,33.87,10808
OPCH,10/03/2022,31.97,32.88,31.40,32.59,10160
OPCH,09/30/2022,31.91,32.38,31.39,31.47,13294
OPCH,09/29/2022,32.07,32.25,31.25,31.98,9049
OPCH,09/28/2022,31.33,32.74,30.83,32.40,30232
OPCH,09/27/2022,30.01,30.48,29.53,29.76,6187
OPCH,09/26/2022,29.63,30.03,29.34,29.77,8679
OPCH,09/23/2022,30.00,30.00,29.20,29.74,7147
OPCH,09/22/2022,31.05,31.05,30.18,30.37,8462
OPCH,09/21/2022,31.39,32.20,31.12,31.16,11184
OPCH,09/20/2022,31.44,31.44,30.74,31.10,8049
OPCH,09/19/2022,31.71,31.85,31.22,31.57,5311
OPCH,09/16/2022,31.96,32.43,31.38,32.17,23950
OPCH,09/15/2022,32.68,33.05,32.07,32.15,8076
OPCH,09/14/2022,32.66,32.99,32.29,32.76,9096
OPCH,09/13/2022,33.01,33.25,32.40,32.57,10956
OPCH,09/12/2022,33.23,33.77,33.01,33.73,8362
OPCH,09/09/2022,33.60,33.76,32.94,33.18,9683
OPCH,09/08/2022,32.50,33.46,32.46,33.36,16350
OPCH,09/07/2022,31.73,32.69,30.73,32.50,13447
OPCH,09/06/2022,30.65,32.01,30.51,31.74,14152
OPCH,09/02/2022,30.80,31.18,30.30,30.55,7220
OPCH,09/01/2022,30.65,30.67,29.93,30.65,7936
OPCH,08/31/2022,31.64,31.69,30.86,30.96,7104
OPCH,08/30/2022,31.56,31.61,31.07,31.52,10173
OPCH,08/29/2022,31.30,31.56,31.13,31.30,6088
OPCH,08/26/2022,32.73,32.87,31.56,31.59,8497
OPCH,08/25/2022,32.83,32.94,32.35,32.77,6439
OPCH,08/24/2022,32.21,32.83,32.14,32.67,8807
OPCH,08/23/2022,32.38,32.74,32.12,32.20,16664
OPCH,08/22/2022,32.44,32.99,32.08,32.34,27400
OPCH,08/19/2022,31.97,32.45,31.66,32.32,44689
OPCH,08/18/2022,32.08,32.61,31.93,32.00,45619
OPCH,08/17/2022,32.29,33.00,31.88,32.11,60957
OPCH,08/16/2022,34.96,35.09,34.58,34.84,8940
OPCH,08/15/2022,34.59,35.37,34.30,35.14,6113
OPCH,08/12/2022,34.38,34.79,34.19,34.77,6909
OPCH,08/11/2022,34.55,35.27,33.97,34.17,9917
OPCH,08/10/2022,34.93,35.03,34.01,34.48,6980
OPCH,08/09/2022,34.75,34.87,34.07,34.37,8385
OPCH,08/08/2022,34.50,34.95,34.29,34.91,8010
OPCH,08/05/2022,34.14,34.93,33.94,34.49,7617
OPCH,08/04/2022,34.58,34.64,33.97,34.22,18431
OPCH,08/03/2022,35.22,35.36,34.60,34.75,9636
OPCH,08/02/2022,33.82,35.57,33.61,35.00,24581
OPCH,08/01/2022,33.37,34.09,33.01,33.86,8100
OPCH,07/29/2022,34.03,34.13,33.49,33.60,11548
OPCH,07/28/2022,33.24,34.26,32.73,33.93,13662
OPCH,07/27/2022,32.38,33.61,31.68,33.16,16723
OPCH,07/26/2022,32.23,32.65,30.85,32.31,10034
OPCH,07/25/2022,32.52,32.68,31.83,32.34,7277
OPCH,07/22/2022,32.16,32.59,31.79,32.28,10945
OPCH,07/21/2022,31.40,31.86,31.23,31.85,8310
OPCH,07/20/2022,31.39,31.58,30.82,31.50,6647
OPCH,07/19/2022,31.19,31.87,30.91,31.44,5733
OPCH,07/18/2022,32.06,32.21,30.63,30.77,10084
OPCH,07/15/2022,30.07,31.68,29.88,31.58,20513
OPCH,07/14/2022,28.85,29.75,28.53,29.33,6041
OPCH,07/13/2022,29.00,29.31,28.63,29.31,6405
OPCH,07/12/2022,29.27,29.89,29.03,29.27,6659
OPCH,07/11/2022,29.62,29.79,29.08,29.21,6253
OPCH,07/08/2022,29.21,30.31,29.21,29.77,7633
OPCH,07/07/2022,28.73,29.86,28.73,29.22,9631
OPCH,07/06/2022,28.33,28.66,27.98,28.39,7069
OPCH,07/05/2022,27.97,28.53,27.26,28.50,5983
OPCH,07/01/2022,27.76,28.64,27.08,28.53,8315
OPCH,06/30/2022,28.81,28.94,27.64,27.79,10301
OPCH,06/29/2022,28.56,29.46,28.25,29.28,10800
OPCH,06/28/2022,29.13,29.61,28.35,28.43,6570
OPCH,06/27/2022,28.69,29.26,27.67,29.04,10780
OPCH,06/24/2022,27.29,28.36,27.15,28.34,44062
OPCH,06/23/2022,26.35,26.86,26.15,26.85,8406
OPCH,06/22/2022,25.89,26.27,25.76,26.17,11159
OPCH,06/21/2022,26.52,26.73,26.07,26.15,11435
OPCH,06/17/2022,26.40,26.68,25.53,25.99,22359
OPCH,06/16/2022,27.04,27.05,25.98,26.11,11721
OPCH,06/15/2022,27.12,27.97,26.95,27.67,7845
OPCH,06/14/2022,26.88,27.36,26.35,26.85,11327
OPCH,06/13/2022,26.45,27.13,26.24,26.87,9174
OPCH,06/10/2022,27.44,27.85,26.02,27.36,7528
OPCH,06/09/2022,28.57,28.98,27.95,28.05,10744
OPCH,06/08/2022,29.90,29.98,28.61,28.88,10588
OPCH,06/07/2022,30.00,30.16,29.30,30.02,11422
OPCH,06/06/2022,30.25,30.25,29.75,30.08,7126
OPCH,06/03/2022,30.43,30.91,30.02,30.23,6029
OPCH,06/02/2022,29.54,30.79,29.22,30.71,6941
OPCH,06/01/2022,30.54,30.73,28.54,29.54,10754
OPCH,05/31/2022,30.80,30.91,29.70,30.36,19030
OPCH,05/27/2022,29.35,31.08,29.33,30.94,13889
OPCH,05/26/2022,28.92,29.28,27.68,29.07,5392
OPCH,05/25/2022,27.84,28.73,27.38,28.56,7761
OPCH,05/24/2022,28.09,28.20,27.37,27.99,6708
OPCH,05/23/2022,29.24,29.24,28.11,28.25,6596
OPCH,05/20/2022,29.28,29.47,28.14,28.89,6443
OPCH,05/19/2022,28.42,29.97,27.97,28.89,15426
OPCH,05/18/2022,28.95,29.85,28.33,28.48,6426
OPCH,05/17/2022,28.83,29.43,28.60,29.42,7379
OPCH,05/16/2022,28.73,28.73,28.10,28.38,5023
OPCH,05/13/2022,27.81,28.88,27.81,28.63,9339
OPCH,05/12/2022,26.30,27.72,26.28,27.72,9316
OPCH,05/11/2022,27.21,28.66,26.39,26.47,8489
OPCH,05/10/2022,27.28,27.44,26.20,26.96,8738
OPCH,05/09/2022,28.20,28.40,26.72,26.93,7244
OPCH,05/06/2022,28.81,29.22,28.08,28.48,6452
OPCH,05/05/2022,29.41,29.73,28.20,29.16,10156
OPCH,05/04/2022,29.29,30.00,28.44,29.82,6048
OPCH,05/03/2022,28.43,29.25,28.29,29.10,7131
OPCH,05/02/2022,29.86,30.01,27.97,28.44,9895
OPCH,04/29/2022,30.54,30.62,29.78,29.88,9233
OPCH,04/28/2022,27.50,30.70,27.50,30.48,17610
OPCH,04/27/2022,27.10,27.45,26.55,27.09,7873
OPCH,04/26/2022,27.85,28.28,27.06,27.08,7040
OPCH,04/25/2022,27.58,28.38,27.33,28.30,5716
OPCH,04/22/2022,29.13,29.65,27.70,27.91,7459
OPCH,04/21/2022,30.07,30.38,29.33,29.49,7637
OPCH,04/20/2022,29.67,30.41,29.43,30.05,4804
OPCH,04/19/2022,28.94,29.66,28.77,29.52,7513
OPCH,04/18/2022,29.51,29.61,28.77,28.90,4310
OPCH,04/14/2022,29.75,30.32,29.20,29.45,7449
OPCH,04/13/2022,28.74,29.78,28.74,29.71,10247
OPCH,04/12/2022,28.21,28.83,28.20,28.74,6060
OPCH,04/11/2022,28.33,28.45,27.79,27.87,5437
OPCH,04/08/2022,28.45,28.88,28.21,28.43,5191
OPCH,04/07/2022,27.90,28.40,27.59,28.33,8332
OPCH,04/06/2022,27.18,28.35,27.10,28.01,10081
OPCH,04/05/2022,27.47,27.86,27.26,27.44,4271
OPCH,04/04/2022,28.74,28.86,27.23,27.43,6098
OPCH,04/01/2022,28.56,29.13,28.40,28.72,7703
OPCH,03/31/2022,28.22,29.00,28.22,28.56,8139
OPCH,03/30/2022,28.74,28.84,28.06,28.29,7294
OPCH,03/29/2022,28.55,28.99,28.12,28.67,5330
OPCH,03/28/2022,27.85,28.35,27.70,28.34,4753
OPCH,03/25/2022,27.51,28.62,27.27,28.04,11100
OPCH,03/24/2022,26.60,27.62,26.45,27.61,4658
OPCH,03/23/2022,26.96,27.28,26.55,26.56,11708
OPCH,03/22/2022,26.57,27.24,26.44,27.19,6553
OPCH,03/21/2022,26.38,26.99,26.24,26.42,3647
OPCH,03/18/2022,26.65,26.77,26.16,26.59,11903
OPCH,03/17/2022,26.14,26.64,25.99,26.51,11792
OPCH,03/16/2022,26.27,26.66,25.60,26.32,6728
OPCH,03/15/2022,25.46,26.08,24.57,25.91,4758
OPCH,03/14/2022,25.63,25.77,24.97,25.23,11114
OPCH,03/11/2022,26.26,26.52,25.64,25.75,4459
OPCH,03/10/2022,25.84,26.12,25.36,26.08,5926
OPCH,03/09/2022,25.82,26.27,25.30,26.16,6783
OPCH,03/08/2022,25.72,26.22,25.28,25.30,9959
OPCH,03/07/2022,26.12,26.13,25.57,25.75,8768
OPCH,03/04/2022,25.53,26.61,25.11,26.23,9808
OPCH,03/03/2022,26.45,26.74,25.62,25.82,6782
OPCH,03/02/2022,25.48,26.54,25.24,26.15,10730
OPCH,03/01/2022,25.51,25.91,25.02,25.34,7176
OPCH,02/28/2022,25.26,26.12,25.04,25.70,7731
OPCH,02/25/2022,25.31,25.64,24.50,25.62,7554
OPCH,02/24/2022,24.05,25.29,23.38,25.19,7811
OPCH,02/23/2022,25.00,25.70,24.29,24.42,10282
OPCH,02/22/2022,23.42,23.86,23.05,23.19,6710
OPCH,02/18/2022,23.80,24.14,23.41,23.65,5025
OPCH,02/17/2022,24.45,24.57,23.87,23.96,4893
OPCH,02/16/2022,24.88,24.97,24.09,24.82,3197
OPCH,02/15/2022,24.22,25.01,24.05,24.93,10348
OPCH,02/14/2022,24.22,24.51,23.65,23.86,4559
