ORI,06/23/2023,24.46,24.56,24.36,24.49,1827
ORI,06/22/2023,24.66,24.68,24.44,24.52,11296
ORI,06/21/2023,24.50,24.78,24.44,24.60,15311
ORI,06/20/2023,24.87,24.88,24.51,24.57,17305
ORI,06/16/2023,24.96,25.08,24.86,24.91,36880
ORI,06/15/2023,24.48,24.85,24.45,24.84,20413
ORI,06/14/2023,24.74,24.92,24.41,24.51,18246
ORI,06/13/2023,24.85,25.26,24.77,24.83,17090
ORI,06/12/2023,25.30,25.32,24.67,24.82,27913
ORI,06/09/2023,25.28,25.42,25.16,25.32,10747
ORI,06/08/2023,25.36,25.46,25.14,25.36,10807
ORI,06/07/2023,25.11,25.61,25.08,25.46,16703
ORI,06/06/2023,24.61,25.02,24.55,24.97,12631
ORI,06/05/2023,24.60,24.72,24.45,24.52,13537
ORI,06/02/2023,24.17,24.77,24.17,24.69,15185
ORI,06/01/2023,24.58,24.66,24.20,24.27,15229
ORI,05/31/2023,24.75,24.90,24.46,24.49,20784
ORI,05/30/2023,24.77,24.97,24.65,24.91,13602
ORI,05/26/2023,24.70,24.88,24.64,24.77,14401
ORI,05/25/2023,24.71,24.80,24.58,24.68,12992
ORI,05/24/2023,25.00,25.00,24.67,24.81,15558
ORI,05/23/2023,25.11,25.32,25.05,25.07,12251
ORI,05/22/2023,25.40,25.50,25.14,25.17,12243
ORI,05/19/2023,25.75,25.82,25.43,25.44,10771
ORI,05/18/2023,25.31,25.62,25.23,25.59,10579
ORI,05/17/2023,25.57,25.67,25.35,25.36,11703
ORI,05/16/2023,25.57,25.68,25.35,25.50,10465
ORI,05/15/2023,25.63,25.72,25.48,25.66,10890
ORI,05/12/2023,25.68,25.77,25.34,25.63,11850
ORI,05/11/2023,25.20,25.31,25.02,25.28,8532
ORI,05/10/2023,25.51,25.51,25.09,25.33,8889
ORI,05/09/2023,25.29,25.56,25.22,25.36,7381
ORI,05/08/2023,25.53,25.56,25.27,25.43,8741
ORI,05/05/2023,25.20,25.65,25.20,25.47,9433
ORI,05/04/2023,25.28,25.28,24.74,24.95,12685
ORI,05/03/2023,25.59,25.78,25.32,25.38,17824
ORI,05/02/2023,25.64,25.72,25.00,25.48,15797
ORI,05/01/2023,25.29,25.81,25.25,25.72,14186
ORI,04/28/2023,25.12,25.46,24.98,25.27,34717
ORI,04/27/2023,24.59,25.20,24.03,25.16,16930
ORI,04/26/2023,24.38,24.77,24.33,24.62,17932
ORI,04/25/2023,24.72,24.87,24.58,24.62,10372
ORI,04/24/2023,25.21,25.32,24.88,24.92,11099
ORI,04/21/2023,25.49,25.49,24.94,25.26,10432
ORI,04/20/2023,25.45,25.50,25.24,25.43,13136
ORI,04/19/2023,25.51,25.54,25.30,25.52,11399
ORI,04/18/2023,25.38,25.42,25.13,25.39,13783
ORI,04/17/2023,25.08,25.32,24.96,25.26,16719
ORI,04/14/2023,25.36,25.54,24.96,25.17,18562
ORI,04/13/2023,25.19,25.50,25.06,25.48,15483
ORI,04/12/2023,25.21,25.39,25.15,25.27,10752
ORI,04/11/2023,25.02,25.25,25.00,25.09,13464
ORI,04/10/2023,24.89,25.20,24.88,24.99,12085
ORI,04/06/2023,24.80,24.98,24.80,24.92,8908
ORI,04/05/2023,24.44,24.76,24.42,24.76,13139
ORI,04/04/2023,24.92,24.96,24.35,24.59,11347
ORI,04/03/2023,24.99,25.11,24.81,24.94,11656
ORI,03/31/2023,24.77,25.00,24.72,24.97,12986
ORI,03/30/2023,24.66,24.78,24.55,24.64,8407
ORI,03/29/2023,24.66,24.70,24.51,24.56,12917
ORI,03/28/2023,24.18,24.46,24.15,24.40,9499
ORI,03/27/2023,24.36,24.75,24.22,24.29,21962
ORI,03/24/2023,23.48,24.05,23.47,24.01,15057
ORI,03/23/2023,23.91,24.10,23.62,23.72,16112
ORI,03/22/2023,24.43,24.56,23.90,23.90,16397
ORI,03/21/2023,24.75,24.85,24.39,24.43,17018
ORI,03/20/2023,23.66,24.36,23.54,24.31,20897
ORI,03/17/2023,24.18,24.18,23.31,23.43,62048
ORI,03/16/2023,23.74,24.66,23.60,24.31,19634
ORI,03/15/2023,24.08,24.31,23.62,24.01,28259
ORI,03/14/2023,24.37,24.75,24.29,24.70,25196
ORI,03/13/2023,23.73,24.18,23.53,23.90,22850
ORI,03/10/2023,24.52,24.69,24.09,24.24,16203
ORI,03/09/2023,25.24,25.35,24.66,24.69,11315
ORI,03/08/2023,25.54,25.59,25.12,25.23,12206
ORI,03/07/2023,25.77,25.89,25.37,25.47,14433
ORI,03/06/2023,26.00,26.21,25.67,25.75,23540
ORI,03/03/2023,26.04,26.11,25.80,25.99,13617
ORI,03/02/2023,26.08,26.23,25.95,26.17,13959
ORI,03/01/2023,26.24,26.43,25.98,26.24,12682
ORI,02/28/2023,26.38,26.67,26.37,26.37,21516
ORI,02/27/2023,26.45,26.64,26.28,26.31,10267
ORI,02/24/2023,26.11,26.41,26.06,26.39,8895
ORI,02/23/2023,26.43,26.53,26.15,26.28,11860
ORI,02/22/2023,26.22,26.45,26.16,26.27,11555
ORI,02/21/2023,26.37,26.49,26.08,26.22,11064
ORI,02/17/2023,26.36,26.52,26.27,26.51,21876
ORI,02/16/2023,26.26,26.65,26.15,26.36,9179
ORI,02/15/2023,26.30,26.50,26.29,26.47,8175
ORI,02/14/2023,26.59,26.59,26.28,26.38,11303
ORI,02/13/2023,26.32,26.72,26.32,26.70,9310
ORI,02/10/2023,26.02,26.40,25.97,26.35,14263
ORI,02/09/2023,26.42,26.54,25.97,26.03,10908
ORI,02/08/2023,26.50,26.70,26.33,26.36,11469
ORI,02/07/2023,26.20,26.69,26.13,26.65,15699
ORI,02/06/2023,26.20,26.39,26.03,26.34,15838
ORI,02/03/2023,26.33,26.43,26.12,26.28,24622
ORI,02/02/2023,26.27,26.42,26.04,26.40,19582
ORI,02/01/2023,26.16,26.41,25.94,26.30,19191
ORI,01/31/2023,26.12,26.47,25.85,26.39,36689
ORI,01/30/2023,26.00,26.41,25.89,26.02,21669
ORI,01/27/2023,26.50,26.51,25.82,25.97,23709
ORI,01/26/2023,25.00,26.69,24.88,26.57,32719
ORI,01/25/2023,24.27,24.73,24.24,24.70,19669
ORI,01/24/2023,24.24,24.42,23.95,24.31,13240
ORI,01/23/2023,24.01,24.08,23.80,24.03,12182
ORI,01/20/2023,23.73,23.94,23.53,23.94,10179
ORI,01/19/2023,23.66,23.71,23.47,23.66,9914
ORI,01/18/2023,24.09,24.22,23.67,23.75,12454
ORI,01/17/2023,24.45,24.50,23.97,24.14,12272
ORI,01/13/2023,24.04,24.45,23.89,24.40,8994
ORI,01/12/2023,24.31,24.42,24.18,24.24,8563
ORI,01/11/2023,24.15,24.41,24.14,24.30,9528
ORI,01/10/2023,24.29,24.35,24.09,24.19,10772
ORI,01/09/2023,24.89,24.99,24.24,24.24,11580
ORI,01/06/2023,24.20,25.04,24.18,25.04,15043
ORI,01/05/2023,24.11,24.22,24.01,24.11,11120
ORI,01/04/2023,24.30,24.42,24.07,24.18,19136
ORI,01/03/2023,24.18,24.36,23.98,24.17,9810
ORI,12/30/2022,24.15,24.22,24.00,24.15,11553
ORI,12/29/2022,24.11,24.32,24.01,24.26,8241
ORI,12/28/2022,24.26,24.37,23.97,24.01,9929
ORI,12/27/2022,24.23,24.38,24.14,24.24,7255
ORI,12/23/2022,24.02,24.29,23.97,24.25,6250
ORI,12/22/2022,23.98,24.09,23.69,24.06,9660
ORI,12/21/2022,23.91,24.27,23.88,24.08,20196
ORI,12/20/2022,23.68,23.94,23.51,23.71,11104
ORI,12/19/2022,23.61,23.83,23.46,23.59,12104
ORI,12/16/2022,23.45,23.73,23.30,23.56,42365
ORI,12/15/2022,23.70,23.85,23.56,23.67,16984
ORI,12/14/2022,24.05,24.22,23.90,24.00,16912
ORI,12/13/2022,24.40,24.53,23.91,23.96,15128
ORI,12/12/2022,23.88,24.07,23.64,24.03,11268
ORI,12/09/2022,23.93,24.11,23.87,23.99,13220
ORI,12/08/2022,24.01,24.21,23.86,24.05,10616
ORI,12/07/2022,23.76,24.10,23.72,23.96,12056
ORI,12/06/2022,23.76,23.90,23.59,23.89,16465
ORI,12/05/2022,24.02,24.03,23.64,23.77,9217
ORI,12/02/2022,24.06,24.30,24.06,24.19,8776
ORI,12/01/2022,24.56,24.66,24.26,24.42,14395
ORI,11/30/2022,24.19,24.50,23.70,24.50,17131
ORI,11/29/2022,24.11,24.45,24.00,24.41,11127
ORI,11/28/2022,24.34,24.40,24.02,24.17,12783
ORI,11/25/2022,24.26,24.47,24.19,24.44,4049
ORI,11/23/2022,24.09,24.24,24.06,24.16,8755
ORI,11/22/2022,23.98,24.18,23.93,24.14,12044
ORI,11/21/2022,23.80,23.97,23.69,23.86,9353
ORI,11/18/2022,24.12,24.24,23.64,23.76,13304
ORI,11/17/2022,23.59,23.92,23.59,23.90,13345
ORI,11/16/2022,23.68,23.84,23.60,23.77,11969
ORI,11/15/2022,23.61,23.78,23.43,23.70,13463
ORI,11/14/2022,23.78,23.89,23.46,23.48,14380
ORI,11/11/2022,23.98,24.09,23.61,23.75,13936
ORI,11/10/2022,23.50,23.91,23.38,23.91,19281
ORI,11/09/2022,23.30,23.42,22.96,22.97,12408
ORI,11/08/2022,23.17,23.53,23.09,23.39,12208
ORI,11/07/2022,23.27,23.34,22.92,23.17,15875
ORI,11/04/2022,23.16,23.52,22.98,23.15,15667
ORI,11/03/2022,22.91,23.17,22.70,22.97,13264
ORI,11/02/2022,23.23,23.64,23.16,23.28,15088
ORI,11/01/2022,23.37,23.47,23.15,23.29,13621
ORI,10/31/2022,23.32,23.36,23.06,23.21,43306
ORI,10/28/2022,23.27,23.51,23.13,23.45,25736
ORI,10/27/2022,23.13,23.44,22.94,23.07,28080
ORI,10/26/2022,23.32,23.50,22.83,22.94,31608
ORI,10/25/2022,22.80,23.28,22.65,23.21,22884
ORI,10/24/2022,22.94,23.29,22.93,23.05,22005
ORI,10/21/2022,22.41,22.95,22.29,22.89,21630
ORI,10/20/2022,22.67,22.93,22.23,22.31,24218
ORI,10/19/2022,23.23,23.45,22.53,22.81,28857
ORI,10/18/2022,23.21,23.42,23.06,23.28,21755
ORI,10/17/2022,23.04,23.18,22.81,22.88,21323
ORI,10/14/2022,23.15,23.28,22.72,22.74,17159
ORI,10/13/2022,21.79,23.30,21.70,23.07,23438
ORI,10/12/2022,22.40,22.47,22.10,22.11,16877
ORI,10/11/2022,22.01,22.70,22.01,22.36,17095
ORI,10/10/2022,21.86,22.24,21.83,22.10,15814
ORI,10/07/2022,21.96,21.98,21.66,21.75,14012
ORI,10/06/2022,22.02,22.19,21.96,22.04,17033
ORI,10/05/2022,22.25,22.51,22.14,22.19,17354
ORI,10/04/2022,21.60,22.50,21.58,22.50,22818
ORI,10/03/2022,21.09,21.50,20.75,21.40,16525
ORI,09/30/2022,21.11,21.35,20.90,20.93,19058
ORI,09/29/2022,20.89,21.16,20.70,21.08,17144
ORI,09/28/2022,20.67,21.18,20.60,21.02,17269
ORI,09/27/2022,20.58,20.80,20.33,20.60,22282
ORI,09/26/2022,20.80,20.94,20.27,20.42,21292
ORI,09/23/2022,21.00,21.04,20.71,20.97,18227
ORI,09/22/2022,21.64,21.70,21.14,21.16,14331
ORI,09/21/2022,22.07,22.18,21.56,21.56,13241
ORI,09/20/2022,22.01,22.08,21.73,21.97,15384
ORI,09/19/2022,21.66,22.25,21.58,22.20,14667
ORI,09/16/2022,21.87,22.21,21.71,21.83,57648
ORI,09/15/2022,21.49,22.17,21.34,22.01,35752
ORI,09/14/2022,21.96,21.96,21.10,21.27,24881
ORI,09/13/2022,22.22,22.43,21.84,21.89,15135
ORI,09/12/2022,22.49,22.76,22.43,22.48,19435
ORI,09/09/2022,22.23,22.50,22.20,22.44,11772
ORI,09/08/2022,21.95,22.24,21.81,22.20,13719
ORI,09/07/2022,21.60,22.06,21.55,22.05,13460
ORI,09/06/2022,22.06,22.13,21.59,21.73,17627
ORI,09/02/2022,22.19,22.44,21.88,21.97,17776
ORI,09/01/2022,21.74,22.06,21.62,22.00,15915
ORI,08/31/2022,22.15,22.20,21.80,21.84,17307
ORI,08/30/2022,23.68,23.69,23.20,23.23,19266
ORI,08/29/2022,23.90,24.08,23.60,23.74,17535
ORI,08/26/2022,24.36,24.40,24.02,24.02,12072
ORI,08/25/2022,24.15,24.43,24.04,24.31,10326
ORI,08/24/2022,24.21,24.27,23.75,24.12,15690
ORI,08/23/2022,24.17,24.35,24.00,24.24,16785
ORI,08/22/2022,24.40,24.45,23.99,24.09,23794
ORI,08/19/2022,24.00,24.77,23.94,24.61,30201
ORI,08/18/2022,23.52,23.78,23.51,23.77,10176
ORI,08/17/2022,23.54,23.65,23.43,23.53,10541
ORI,08/16/2022,23.58,23.73,23.54,23.70,12913
ORI,08/15/2022,23.52,23.80,23.34,23.66,8705
ORI,08/12/2022,23.34,23.66,23.34,23.66,7838
ORI,08/11/2022,23.26,23.46,23.22,23.28,8972
ORI,08/10/2022,22.87,23.15,22.85,23.10,14413
ORI,08/09/2022,22.55,22.74,22.53,22.64,9228
ORI,08/08/2022,22.63,22.77,22.47,22.47,11305
ORI,08/05/2022,22.39,22.68,22.33,22.56,11907
ORI,08/04/2022,22.50,22.63,22.35,22.40,16083
ORI,08/03/2022,22.85,22.99,22.36,22.48,14364
ORI,08/02/2022,23.12,23.15,22.76,22.84,18867
ORI,08/01/2022,23.18,23.28,22.85,23.09,16555
ORI,07/29/2022,23.12,23.41,23.08,23.27,34858
ORI,07/28/2022,22.77,22.99,22.57,22.90,18190
ORI,07/27/2022,22.80,22.94,22.57,22.81,12962
ORI,07/26/2022,22.63,22.83,22.61,22.78,8725
ORI,07/25/2022,22.58,22.96,22.50,22.71,13725
ORI,07/22/2022,22.36,22.62,22.28,22.43,9679
ORI,07/21/2022,22.31,22.37,22.04,22.35,11417
ORI,07/20/2022,22.40,22.51,22.15,22.43,11223
ORI,07/19/2022,22.25,22.55,22.18,22.40,16053
ORI,07/18/2022,21.91,22.11,21.78,21.96,18724
ORI,07/15/2022,21.93,22.12,21.78,21.86,14383
ORI,07/14/2022,22.10,22.10,21.58,21.75,12196
ORI,07/13/2022,22.35,22.43,22.10,22.31,14146
ORI,07/12/2022,22.42,22.85,22.32,22.47,16068
ORI,07/11/2022,22.30,22.62,22.30,22.44,15058
ORI,07/08/2022,22.85,22.89,22.37,22.39,10702
ORI,07/07/2022,22.73,22.94,22.67,22.70,16993
ORI,07/06/2022,22.35,22.81,22.25,22.58,22542
ORI,07/05/2022,22.30,22.35,21.84,22.33,20587
ORI,07/01/2022,22.31,22.63,22.03,22.62,16951
ORI,06/30/2022,21.91,22.43,21.74,22.36,15162
ORI,06/29/2022,22.21,22.24,21.98,22.12,12968
ORI,06/28/2022,22.53,22.70,22.11,22.15,12162
ORI,06/27/2022,22.39,22.56,22.24,22.33,12247
ORI,06/24/2022,21.48,22.47,21.45,22.36,34153
ORI,06/23/2022,21.39,21.53,21.06,21.27,19145
ORI,06/22/2022,21.21,21.57,21.21,21.37,15227
ORI,06/21/2022,21.40,21.55,21.12,21.43,15076
ORI,06/17/2022,21.32,21.46,20.93,21.04,51153
ORI,06/16/2022,21.51,21.71,21.05,21.27,26710
ORI,06/15/2022,22.28,22.35,21.69,21.90,25750
ORI,06/14/2022,22.13,22.41,21.95,22.12,16818
ORI,06/13/2022,22.30,22.53,22.02,22.13,22398
ORI,06/10/2022,22.75,22.86,22.50,22.58,18202
ORI,06/09/2022,23.44,23.55,23.16,23.17,16583
ORI,06/08/2022,23.58,23.72,23.39,23.53,19620
ORI,06/07/2022,23.51,23.81,23.40,23.80,12613
ORI,06/06/2022,23.57,23.75,23.39,23.60,10224
ORI,06/03/2022,23.52,23.57,23.25,23.33,11313
ORI,06/02/2022,23.47,23.62,23.16,23.60,17151
ORI,06/01/2022,23.95,23.99,23.23,23.62,14477
ORI,05/31/2022,23.68,23.98,23.39,23.92,20923
ORI,05/27/2022,23.47,23.70,23.39,23.70,14865
ORI,05/26/2022,23.49,23.64,23.38,23.40,18001
ORI,05/25/2022,22.88,23.36,22.82,23.29,12825
ORI,05/24/2022,22.97,23.01,22.37,22.94,13760
ORI,05/23/2022,22.90,23.07,22.58,22.92,21125
ORI,05/20/2022,22.76,22.87,22.08,22.53,18408
ORI,05/19/2022,22.69,22.91,22.38,22.66,18544
ORI,05/18/2022,23.35,23.46,22.85,22.89,16362
ORI,05/17/2022,23.05,23.55,23.04,23.53,15505
ORI,05/16/2022,22.75,22.91,22.46,22.75,11943
ORI,05/13/2022,22.60,22.74,22.38,22.70,15062
ORI,05/12/2022,22.00,22.40,21.87,22.39,19679
ORI,05/11/2022,22.24,22.52,22.01,22.02,28557
ORI,05/10/2022,22.58,22.68,21.95,22.24,31780
ORI,05/09/2022,22.44,22.84,22.35,22.57,22001
ORI,05/06/2022,22.66,22.81,22.40,22.67,18015
ORI,05/05/2022,23.27,23.39,22.52,22.73,22402
ORI,05/04/2022,22.50,23.51,22.48,23.49,24840
ORI,05/03/2022,22.09,22.80,22.00,22.54,26146
ORI,05/02/2022,22.16,22.37,21.49,21.84,30427
ORI,04/29/2022,22.50,22.59,21.94,22.01,66727
ORI,04/28/2022,23.82,23.82,22.75,23.07,29906
ORI,04/27/2022,23.70,23.98,23.62,23.88,24533
ORI,04/26/2022,23.80,24.05,23.65,23.68,20360
ORI,04/25/2022,23.75,24.05,23.31,24.01,20054
ORI,04/22/2022,24.29,24.32,23.78,23.80,16670
ORI,04/21/2022,24.94,25.00,24.35,24.40,19034
ORI,04/20/2022,24.59,24.82,24.46,24.73,16267
ORI,04/19/2022,24.18,24.43,24.09,24.37,13623
ORI,04/18/2022,23.92,24.17,23.89,24.09,13610
ORI,04/14/2022,24.15,24.24,23.95,24.01,13234
ORI,04/13/2022,24.06,24.26,23.83,24.16,15375
ORI,04/12/2022,24.39,24.47,24.02,24.17,24043
ORI,04/11/2022,24.11,24.63,24.01,24.21,30625
ORI,04/08/2022,24.34,24.49,23.43,24.12,45876
ORI,04/07/2022,24.88,24.97,24.26,24.41,21178
ORI,04/06/2022,25.03,25.22,24.81,24.84,22221
ORI,04/05/2022,25.15,25.34,25.04,25.05,20580
ORI,04/04/2022,26.16,26.16,25.03,25.14,36667
ORI,04/01/2022,26.11,26.33,25.78,26.32,31146
ORI,03/31/2022,26.31,26.63,25.87,25.87,14963
ORI,03/30/2022,26.50,26.54,26.23,26.35,16611
ORI,03/29/2022,26.48,26.59,26.17,26.38,13510
ORI,03/28/2022,26.30,26.42,26.09,26.29,11342
ORI,03/25/2022,25.98,26.35,25.91,26.29,15231
ORI,03/24/2022,25.97,26.13,25.83,25.97,11832
ORI,03/23/2022,26.34,26.38,25.88,25.91,15083
ORI,03/22/2022,26.49,26.63,26.26,26.34,17895
ORI,03/21/2022,26.00,26.53,25.97,26.31,18755
ORI,03/18/2022,25.84,26.09,25.37,25.92,39352
ORI,03/17/2022,25.82,26.04,25.72,25.86,22128
ORI,03/16/2022,25.79,25.95,25.38,25.94,30051
ORI,03/15/2022,25.35,25.58,25.22,25.57,30155
ORI,03/14/2022,26.07,26.15,25.04,25.25,43520
ORI,03/11/2022,25.76,26.05,25.60,25.71,24106
ORI,03/10/2022,25.42,25.66,25.23,25.49,27174
ORI,03/09/2022,25.70,25.96,25.47,25.62,42312
ORI,03/08/2022,25.69,25.89,25.00,25.03,29279
ORI,03/07/2022,26.14,26.14,25.46,25.47,18785
ORI,03/04/2022,26.10,26.47,25.82,26.40,16910
ORI,03/03/2022,26.69,26.93,26.59,26.79,17906
ORI,03/02/2022,26.05,26.85,26.05,26.68,18045
ORI,03/01/2022,26.11,26.25,25.51,25.73,23172
ORI,02/28/2022,25.75,26.38,25.75,26.35,19301
ORI,02/25/2022,25.47,26.57,25.47,26.49,20843
ORI,02/24/2022,25.06,25.34,24.70,25.29,28403
ORI,02/23/2022,26.19,26.34,25.86,25.89,22059
ORI,02/22/2022,26.25,26.45,25.83,26.01,17934
ORI,02/18/2022,26.10,26.49,26.06,26.31,35265
ORI,02/17/2022,26.75,26.82,26.15,26.23,17041
ORI,02/16/2022,26.68,27.19,26.68,26.91,14847
ORI,02/15/2022,26.45,26.85,26.39,26.81,15279
ORI,02/14/2022,26.41,26.74,26.05,26.29,15871
