PCAR,06/23/2023,77.17,77.66,76.93,77.44,1608
PCAR,06/22/2023,78.50,78.55,77.63,78.11,13857
PCAR,06/21/2023,77.65,78.83,77.09,78.52,19548
PCAR,06/20/2023,78.25,78.35,76.88,77.77,21385
PCAR,06/16/2023,79.44,79.44,78.47,78.63,33699
PCAR,06/15/2023,78.28,79.23,77.72,79.08,17129
PCAR,06/14/2023,79.97,80.14,77.63,78.06,21126
PCAR,06/13/2023,78.37,79.85,78.02,79.48,21597
PCAR,06/12/2023,76.83,77.97,76.35,77.76,18770
PCAR,06/09/2023,76.53,77.38,76.44,76.83,16348
PCAR,06/08/2023,76.14,76.91,75.79,76.71,18165
PCAR,06/07/2023,74.83,76.28,74.29,76.19,20219
PCAR,06/06/2023,73.33,74.92,73.05,74.59,20137
PCAR,06/05/2023,73.48,74.62,72.64,73.33,23627
PCAR,06/02/2023,70.83,73.40,70.37,73.30,24528
PCAR,06/01/2023,68.99,70.04,68.40,70.01,19768
PCAR,05/31/2023,70.93,70.93,68.54,68.78,38034
PCAR,05/30/2023,71.29,71.41,70.30,71.16,17009
PCAR,05/26/2023,71.45,71.67,70.88,71.35,16832
PCAR,05/25/2023,70.26,71.10,69.80,71.02,22180
PCAR,05/24/2023,71.50,71.65,70.18,70.44,21293
PCAR,05/23/2023,71.30,71.91,70.60,71.39,19530
PCAR,05/22/2023,71.87,72.29,71.20,71.39,17629
PCAR,05/19/2023,72.40,72.83,71.21,71.75,19260
PCAR,05/18/2023,71.18,71.78,70.50,71.61,26817
PCAR,05/17/2023,71.14,72.05,70.77,71.53,21622
PCAR,05/16/2023,72.35,72.42,70.49,70.52,29339
PCAR,05/15/2023,72.95,73.42,72.12,72.80,19385
PCAR,05/12/2023,73.15,73.37,72.09,72.73,16799
PCAR,05/11/2023,71.51,72.55,71.32,72.44,17222
PCAR,05/10/2023,73.58,73.92,71.26,72.33,22183
PCAR,05/09/2023,72.56,73.43,71.95,73.33,20226
PCAR,05/08/2023,73.23,73.40,71.85,72.78,19834
PCAR,05/05/2023,71.87,72.92,71.81,72.76,21010
PCAR,05/04/2023,71.57,71.61,69.96,71.02,23349
PCAR,05/03/2023,72.57,73.60,71.53,71.63,26894
PCAR,05/02/2023,74.07,74.39,71.72,72.43,39331
PCAR,05/01/2023,74.69,75.70,74.51,74.79,19781
PCAR,04/28/2023,73.78,75.10,73.67,74.69,21458
PCAR,04/27/2023,73.28,73.81,71.76,73.67,28193
PCAR,04/26/2023,74.48,75.26,72.77,73.10,38873
PCAR,04/25/2023,75.26,75.73,72.70,74.80,62658
PCAR,04/24/2023,73.42,74.63,73.39,73.77,42637
PCAR,04/21/2023,72.26,73.33,71.60,73.15,70024
PCAR,04/20/2023,72.38,73.32,72.18,72.58,43768
PCAR,04/19/2023,73.05,73.29,72.13,72.91,21351
PCAR,04/18/2023,73.63,74.05,72.92,73.08,25203
PCAR,04/17/2023,73.09,73.57,72.77,73.26,26063
PCAR,04/14/2023,71.66,72.83,71.65,72.72,22555
PCAR,04/13/2023,72.11,72.49,70.79,71.59,23093
PCAR,04/12/2023,71.68,72.65,71.68,72.11,24059
PCAR,04/11/2023,69.94,71.59,69.86,71.03,29313
PCAR,04/10/2023,68.41,69.70,68.10,69.68,16733
PCAR,04/06/2023,68.60,69.23,67.99,68.49,23169
PCAR,04/05/2023,70.35,70.46,67.48,68.48,39187
PCAR,04/04/2023,73.02,73.16,70.56,70.80,22089
PCAR,04/03/2023,73.14,73.96,72.42,73.04,22756
PCAR,03/31/2023,72.16,73.32,72.02,73.20,27601
PCAR,03/30/2023,72.92,73.04,71.99,72.21,17776
PCAR,03/29/2023,72.58,72.71,71.94,72.35,21339
PCAR,03/28/2023,70.94,71.90,70.89,71.84,16374
PCAR,03/27/2023,70.58,71.15,69.94,70.94,20977
PCAR,03/24/2023,69.17,69.92,68.29,69.90,23094
PCAR,03/23/2023,70.32,71.72,69.42,69.81,30256
PCAR,03/22/2023,71.44,71.85,70.30,70.34,23555
PCAR,03/21/2023,71.11,71.71,70.95,71.44,28610
PCAR,03/20/2023,69.29,70.44,69.24,70.35,27706
PCAR,03/17/2023,70.35,70.35,68.22,68.69,50905
PCAR,03/16/2023,70.11,71.06,69.36,70.85,35577
PCAR,03/15/2023,71.67,71.71,69.59,70.69,42528
PCAR,03/14/2023,71.87,73.33,71.78,72.55,28422
PCAR,03/13/2023,71.49,72.73,71.06,71.42,32300
PCAR,03/10/2023,74.60,74.70,72.13,72.32,29567
PCAR,03/09/2023,76.25,76.50,74.24,74.31,24577
PCAR,03/08/2023,76.19,76.47,75.46,75.96,19833
PCAR,03/07/2023,76.28,76.71,75.67,75.79,35449
PCAR,03/06/2023,76.19,76.63,76.01,76.28,54779
PCAR,03/03/2023,74.92,76.35,74.41,76.19,35827
PCAR,03/02/2023,72.89,74.98,72.63,74.79,31607
PCAR,03/01/2023,71.97,73.12,71.82,73.05,34845
PCAR,02/28/2023,72.17,72.49,71.74,72.20,28637
PCAR,02/27/2023,72.79,72.79,71.28,72.11,26032
PCAR,02/24/2023,72.29,72.73,71.75,72.30,24349
PCAR,02/23/2023,73.57,73.91,73.22,73.44,19666
PCAR,02/22/2023,74.23,74.98,72.86,73.10,22638
PCAR,02/21/2023,75.22,75.63,73.56,73.86,24242
PCAR,02/17/2023,75.02,76.12,74.98,75.69,24361
PCAR,02/16/2023,74.18,75.37,72.32,74.87,20122
PCAR,02/15/2023,73.19,75.00,73.01,74.91,27776
PCAR,02/14/2023,72.91,74.01,72.15,73.20,25720
PCAR,02/13/2023,72.62,73.30,72.19,73.00,17456
PCAR,02/10/2023,73.41,73.69,72.44,72.99,21929
PCAR,02/09/2023,73.39,74.48,72.67,73.01,36477
PCAR,02/08/2023,73.51,73.80,71.91,71.95,28227
PCAR,02/07/2023,73.34,73.88,72.32,73.53,25236
PCAR,02/06/2023,73.32,73.87,73.06,73.63,32648
PCAR,02/03/2023,73.90,74.25,73.32,73.46,22504
PCAR,02/02/2023,74.21,74.66,73.22,74.41,28456
PCAR,02/01/2023,72.39,74.73,71.85,74.24,37576
PCAR,01/31/2023,72.86,73.10,72.14,72.88,40347
PCAR,01/30/2023,73.60,74.04,72.40,72.52,37678
PCAR,01/27/2023,74.67,74.83,72.64,73.76,39716
PCAR,01/26/2023,74.60,75.26,73.72,74.82,39191
PCAR,01/25/2023,73.87,74.22,72.88,73.88,39397
PCAR,01/24/2023,69.72,74.30,69.00,74.06,114669
PCAR,01/23/2023,66.54,68.71,66.04,68.17,53674
PCAR,01/20/2023,65.30,66.31,64.90,66.13,32051
PCAR,01/19/2023,66.35,66.35,64.78,65.34,29913
PCAR,01/18/2023,68.04,68.37,66.42,66.50,26341
PCAR,01/17/2023,68.67,68.86,67.69,67.74,30988
PCAR,01/13/2023,67.26,68.52,67.04,68.45,24712
PCAR,01/12/2023,66.98,67.94,66.85,67.60,27961
PCAR,01/11/2023,67.06,67.43,66.29,67.38,32414
PCAR,01/10/2023,65.84,67.02,65.52,67.00,27156
PCAR,01/09/2023,66.84,67.45,66.36,66.53,23719
PCAR,01/06/2023,65.66,67.08,65.66,66.88,23194
PCAR,01/05/2023,65.29,65.50,64.64,65.19,25360
PCAR,01/04/2023,66.05,66.24,65.18,65.48,25696
PCAR,01/03/2023,65.92,66.16,65.12,65.62,28690
PCAR,12/30/2022,65.19,66.22,65.07,65.98,18009
PCAR,12/29/2022,66.58,66.66,65.57,65.73,19419
PCAR,12/28/2022,67.14,67.22,66.11,66.17,14531
PCAR,12/27/2022,67.16,67.44,66.72,66.88,15095
PCAR,12/23/2022,66.52,67.40,66.20,67.04,22326
PCAR,12/22/2022,67.14,67.32,65.64,66.55,30167
PCAR,12/21/2022,66.62,67.64,66.61,67.36,24531
PCAR,12/20/2022,66.24,66.88,65.97,66.28,28384
PCAR,12/19/2022,65.52,66.65,65.52,66.08,27631
PCAR,12/16/2022,64.72,65.80,64.33,65.49,70416
PCAR,12/15/2022,66.56,66.66,64.98,65.29,38038
PCAR,12/14/2022,69.76,70.32,68.14,68.51,33683
PCAR,12/13/2022,70.28,70.41,67.14,68.15,38018
PCAR,12/12/2022,67.75,68.92,67.24,68.64,30506
PCAR,12/09/2022,69.20,69.35,67.36,67.51,32176
PCAR,12/08/2022,69.82,70.35,68.76,69.08,22857
PCAR,12/07/2022,69.30,70.16,69.27,69.66,25069
PCAR,12/06/2022,69.02,69.40,68.58,69.12,33764
PCAR,12/05/2022,70.04,70.05,68.79,68.91,17628
PCAR,12/02/2022,69.61,70.74,69.38,70.53,24175
PCAR,12/01/2022,70.75,71.20,70.37,70.64,24448
PCAR,11/30/2022,69.44,70.94,68.94,70.61,40583
PCAR,11/29/2022,69.18,69.97,69.05,69.51,24271
PCAR,11/28/2022,69.80,69.96,68.72,69.08,27499
PCAR,11/25/2022,70.71,70.80,69.96,70.02,9463
PCAR,11/23/2022,70.82,71.46,70.10,70.60,21592
PCAR,11/22/2022,69.74,70.84,69.67,70.68,28800
PCAR,11/21/2022,69.29,69.89,69.12,69.58,19910
PCAR,11/18/2022,69.74,69.98,68.89,69.25,28516
PCAR,11/17/2022,67.26,69.06,67.10,69.01,30424
PCAR,11/16/2022,68.52,69.73,68.26,68.94,33290
PCAR,11/15/2022,68.64,69.28,67.94,68.52,26025
PCAR,11/14/2022,68.21,69.26,67.62,68.23,23208
PCAR,11/11/2022,67.94,68.77,67.69,68.42,34585
PCAR,11/10/2022,68.56,68.56,66.89,67.94,43493
PCAR,11/09/2022,66.34,67.68,66.26,66.51,30298
PCAR,11/08/2022,66.21,67.38,65.97,67.04,32002
PCAR,11/07/2022,66.38,66.59,65.67,66.10,32275
PCAR,11/04/2022,65.58,66.44,65.48,66.08,34750
PCAR,11/03/2022,63.08,65.28,62.58,64.66,30707
PCAR,11/02/2022,64.18,65.93,63.66,63.80,28873
PCAR,11/01/2022,64.80,65.04,63.74,64.64,22968
PCAR,10/31/2022,63.70,64.75,63.54,64.56,30797
PCAR,10/28/2022,63.02,64.34,62.75,64.20,30409
PCAR,10/27/2022,62.40,63.34,61.89,62.76,34333
PCAR,10/26/2022,62.30,62.67,61.22,61.87,58303
PCAR,10/25/2022,63.22,63.33,59.80,61.16,47100
PCAR,10/24/2022,60.73,61.50,60.58,61.35,32506
PCAR,10/21/2022,58.63,60.43,58.47,60.12,30566
PCAR,10/20/2022,60.67,60.67,58.22,58.38,26526
PCAR,10/19/2022,60.41,61.06,60.02,60.50,22699
PCAR,10/18/2022,60.51,60.94,59.52,60.47,21408
PCAR,10/17/2022,60.04,60.36,59.04,59.24,27157
PCAR,10/14/2022,60.06,60.23,58.60,58.85,21988
PCAR,10/13/2022,58.06,60.42,57.67,60.16,25642
PCAR,10/12/2022,59.83,60.18,59.01,59.04,19247
PCAR,10/11/2022,58.52,60.18,58.37,59.38,22752
PCAR,10/10/2022,59.01,59.18,58.14,58.59,16625
PCAR,10/07/2022,59.04,59.40,58.32,58.46,26464
PCAR,10/06/2022,60.44,61.38,59.78,59.80,26868
PCAR,10/05/2022,59.66,61.08,59.09,60.61,32602
PCAR,10/04/2022,58.42,60.10,58.35,59.94,37850
PCAR,10/03/2022,56.54,57.99,56.26,57.66,23869
PCAR,09/30/2022,56.72,57.02,55.74,55.80,30077
PCAR,09/29/2022,56.58,56.64,55.58,56.58,29152
PCAR,09/28/2022,55.72,57.12,55.49,56.89,26056
PCAR,09/27/2022,55.66,55.96,54.64,55.31,23577
PCAR,09/26/2022,55.63,56.48,55.32,55.34,28384
PCAR,09/23/2022,56.11,56.22,55.06,55.88,26148
PCAR,09/22/2022,57.00,57.39,56.32,56.60,17805
PCAR,09/21/2022,58.01,58.48,56.98,56.98,18287
PCAR,09/20/2022,57.78,57.93,57.09,57.70,18447
PCAR,09/19/2022,56.42,58.22,56.42,58.20,21600
PCAR,09/16/2022,56.58,57.12,55.93,56.76,40755
PCAR,09/15/2022,57.59,58.14,56.78,57.10,30529
PCAR,09/14/2022,57.39,57.80,57.05,57.60,24367
PCAR,09/13/2022,58.86,58.89,57.10,57.38,28999
PCAR,09/12/2022,59.16,59.82,58.99,59.62,19475
PCAR,09/09/2022,58.71,59.65,58.68,58.99,33638
PCAR,09/08/2022,58.34,58.43,56.49,57.56,39208
PCAR,09/07/2022,57.80,59.26,57.42,59.05,23452
PCAR,09/06/2022,57.75,58.20,57.31,57.89,19245
PCAR,09/02/2022,58.79,59.18,57.48,57.65,14894
PCAR,09/01/2022,57.99,58.36,57.76,58.32,15260
PCAR,08/31/2022,58.76,58.86,57.99,58.34,20694
PCAR,08/30/2022,59.09,59.28,58.14,58.70,17187
PCAR,08/29/2022,59.65,59.79,59.18,59.26,20289
PCAR,08/26/2022,61.64,62.00,59.89,59.98,24864
PCAR,08/25/2022,61.17,61.66,60.96,61.64,24445
PCAR,08/24/2022,60.59,61.08,59.95,61.00,25081
PCAR,08/23/2022,60.42,61.04,60.26,60.42,24480
PCAR,08/22/2022,61.46,61.46,60.22,60.32,19125
PCAR,08/19/2022,62.30,62.43,61.87,62.02,18219
PCAR,08/18/2022,62.30,62.90,62.27,62.82,17207
PCAR,08/17/2022,62.44,62.80,62.29,62.35,17976
PCAR,08/16/2022,62.50,63.42,62.33,63.19,14103
PCAR,08/15/2022,62.27,63.40,62.27,62.83,19731
PCAR,08/12/2022,62.50,62.56,61.98,62.49,22215
PCAR,08/11/2022,62.14,62.79,61.73,62.00,28701
PCAR,08/10/2022,61.95,62.21,61.73,62.17,16539
PCAR,08/09/2022,61.04,61.30,60.66,60.92,12482
PCAR,08/08/2022,61.33,61.70,60.83,61.06,14550
PCAR,08/05/2022,60.05,60.81,59.75,60.76,12407
PCAR,08/04/2022,60.73,60.77,60.29,60.59,15510
PCAR,08/03/2022,60.46,60.73,59.88,60.56,22096
PCAR,08/02/2022,59.91,60.90,59.82,60.16,20842
PCAR,08/01/2022,60.72,61.14,60.19,60.56,22300
PCAR,07/29/2022,60.58,61.22,60.12,61.02,25161
PCAR,07/28/2022,59.57,60.68,59.24,60.66,23403
PCAR,07/27/2022,58.23,59.64,57.85,59.38,27762
PCAR,07/26/2022,58.34,58.68,55.96,57.98,50746
PCAR,07/25/2022,56.66,57.50,56.38,57.36,25578
PCAR,07/22/2022,56.59,56.80,56.16,56.49,17721
PCAR,07/21/2022,56.01,56.70,55.78,56.34,15845
PCAR,07/20/2022,55.66,56.66,55.44,56.23,21642
PCAR,07/19/2022,54.37,56.16,54.12,56.03,35488
PCAR,07/18/2022,53.74,54.26,53.24,53.54,19790
PCAR,07/15/2022,53.38,53.64,52.60,53.37,65117
PCAR,07/14/2022,52.09,52.79,51.34,52.72,27381
PCAR,07/13/2022,52.90,54.06,52.54,52.88,27589
PCAR,07/12/2022,52.89,54.34,52.75,53.55,24237
PCAR,07/11/2022,53.10,53.51,52.71,52.86,32840
PCAR,07/08/2022,55.04,55.04,53.61,54.05,22308
PCAR,07/07/2022,54.45,55.64,54.34,54.83,22657
PCAR,07/06/2022,54.58,54.71,53.61,54.22,17540
PCAR,07/05/2022,54.14,54.62,53.36,54.58,23850
PCAR,07/01/2022,54.82,55.61,54.26,55.26,15536
PCAR,06/30/2022,54.79,55.67,54.20,54.90,28342
PCAR,06/29/2022,55.59,55.72,54.78,55.42,18275
PCAR,06/28/2022,56.04,57.00,55.42,55.48,18261
PCAR,06/27/2022,56.50,56.68,55.47,55.88,19712
PCAR,06/24/2022,54.79,56.36,54.69,56.14,30526
PCAR,06/23/2022,55.84,56.08,53.86,54.39,27933
PCAR,06/22/2022,55.66,56.14,55.22,55.72,19949
PCAR,06/21/2022,55.98,56.47,55.12,56.34,19497
PCAR,06/17/2022,54.33,54.95,53.71,54.62,39226
PCAR,06/16/2022,56.40,56.51,54.00,54.38,26824
PCAR,06/15/2022,56.66,57.97,56.39,57.24,36967
PCAR,06/14/2022,55.72,56.52,55.36,56.11,24549
PCAR,06/13/2022,55.77,56.36,55.04,55.32,27925
PCAR,06/10/2022,57.95,57.97,56.62,56.74,25617
PCAR,06/09/2022,59.41,59.92,58.67,58.69,19283
PCAR,06/08/2022,59.07,59.90,58.76,59.59,42690
PCAR,06/07/2022,58.90,59.60,57.92,59.32,40484
PCAR,06/06/2022,59.34,59.53,58.99,59.10,22228
PCAR,06/03/2022,59.01,59.18,58.51,58.86,27825
PCAR,06/02/2022,59.36,59.74,58.46,59.30,25339
PCAR,06/01/2022,58.04,59.26,57.00,59.03,38755
PCAR,05/31/2022,56.98,58.40,56.24,57.90,47573
PCAR,05/27/2022,56.72,57.25,56.62,57.12,34624
PCAR,05/26/2022,56.00,56.70,55.86,56.10,27307
PCAR,05/25/2022,54.86,55.91,54.64,55.68,25605
PCAR,05/24/2022,54.39,54.93,53.71,54.83,22279
PCAR,05/23/2022,53.97,55.20,53.91,54.58,24139
PCAR,05/20/2022,54.29,54.56,52.12,53.21,23665
PCAR,05/19/2022,53.63,54.98,53.12,54.28,23053
PCAR,05/18/2022,56.49,56.60,54.01,54.12,36176
PCAR,05/17/2022,56.34,56.88,55.87,56.74,22833
PCAR,05/16/2022,55.52,56.03,54.62,55.52,21937
PCAR,05/13/2022,55.87,56.52,55.51,55.84,21109
PCAR,05/12/2022,54.96,55.82,54.65,55.66,16811
PCAR,05/11/2022,55.57,56.40,54.89,55.08,24844
PCAR,05/10/2022,57.78,57.79,55.52,55.84,20818
PCAR,05/09/2022,55.87,57.30,55.69,56.90,33412
PCAR,05/06/2022,56.68,56.86,55.26,56.34,20511
PCAR,05/05/2022,58.00,58.17,56.16,56.80,27343
PCAR,05/04/2022,56.87,58.84,56.52,58.68,25816
PCAR,05/03/2022,56.25,57.52,56.16,56.72,22317
PCAR,05/02/2022,55.65,56.54,55.00,56.01,23676
PCAR,04/29/2022,56.24,57.23,55.23,55.37,26635
PCAR,04/28/2022,56.61,57.07,55.69,56.71,29638
PCAR,04/27/2022,56.30,57.10,55.69,56.23,26290
PCAR,04/26/2022,57.34,58.76,54.86,55.88,40319
PCAR,04/25/2022,56.91,57.76,55.62,57.57,41267
PCAR,04/22/2022,58.14,58.40,57.04,57.13,24099
PCAR,04/21/2022,58.72,59.40,58.45,58.74,19982
PCAR,04/20/2022,57.84,58.61,57.84,58.40,19142
PCAR,04/19/2022,56.00,57.42,55.82,57.27,17967
PCAR,04/18/2022,55.43,56.26,55.43,55.90,18273
PCAR,04/14/2022,55.56,56.20,55.46,55.81,65771
PCAR,04/13/2022,54.88,55.58,54.80,55.50,20151
PCAR,04/12/2022,54.94,55.83,54.69,54.94,25776
PCAR,04/11/2022,55.32,56.68,55.00,55.06,22968
PCAR,04/08/2022,55.60,55.86,55.13,55.37,24118
PCAR,04/07/2022,55.39,55.91,54.86,55.52,25240
PCAR,04/06/2022,55.02,55.81,54.54,55.66,28864
PCAR,04/05/2022,55.21,55.82,54.56,55.23,39143
PCAR,04/04/2022,56.36,56.79,54.66,56.34,32143
PCAR,04/01/2022,59.06,59.44,56.30,56.82,28525
PCAR,03/31/2022,59.76,59.78,58.69,58.72,27907
PCAR,03/30/2022,60.62,60.62,59.22,59.60,18105
PCAR,03/29/2022,59.67,60.83,59.55,60.64,21381
PCAR,03/28/2022,59.11,59.62,58.32,59.54,17135
PCAR,03/25/2022,59.26,59.70,58.81,59.32,11055
PCAR,03/24/2022,58.67,60.00,58.32,59.30,20329
PCAR,03/23/2022,59.14,59.38,58.48,58.62,18600
PCAR,03/22/2022,59.51,60.10,59.12,59.44,18861
PCAR,03/21/2022,59.18,59.76,58.35,59.15,20487
PCAR,03/18/2022,59.68,59.79,58.20,59.12,43917
PCAR,03/17/2022,59.31,60.92,59.04,60.18,26593
PCAR,03/16/2022,58.90,60.66,58.74,60.21,28360
PCAR,03/15/2022,58.52,58.92,57.76,58.45,22185
PCAR,03/14/2022,57.68,58.57,57.51,58.11,27241
PCAR,03/11/2022,57.87,58.44,56.92,57.04,18998
PCAR,03/10/2022,57.04,57.70,56.51,57.44,22930
PCAR,03/09/2022,56.75,58.86,56.55,58.22,39286
PCAR,03/08/2022,55.88,57.62,55.52,55.68,36713
PCAR,03/07/2022,58.53,58.62,55.32,55.46,34630
PCAR,03/04/2022,60.55,60.63,58.02,58.64,39286
PCAR,03/03/2022,61.30,61.80,60.44,61.11,22776
PCAR,03/02/2022,59.88,61.45,59.69,61.10,34051
PCAR,03/01/2022,61.00,61.28,58.99,59.53,28435
PCAR,02/28/2022,60.31,61.42,60.14,61.21,22678
PCAR,02/25/2022,61.64,62.10,60.75,61.14,28962
PCAR,02/24/2022,60.52,61.50,59.62,61.30,33445
PCAR,02/23/2022,62.58,62.68,60.79,60.86,21768
PCAR,02/22/2022,62.62,63.22,62.00,62.41,21124
PCAR,02/18/2022,62.28,63.23,62.12,62.54,20539
PCAR,02/17/2022,63.01,63.60,62.28,62.43,22581
PCAR,02/16/2022,62.80,63.57,62.14,63.32,20586
PCAR,02/15/2022,62.47,63.52,62.26,62.88,22365
PCAR,02/14/2022,62.00,62.39,61.32,61.99,17610
