PCG,06/23/2023,17.25,17.33,17.15,17.28,44862
PCG,06/22/2023,17.33,17.37,17.20,17.29,96818
PCG,06/21/2023,16.86,17.32,16.77,17.28,183010
PCG,06/20/2023,17.41,17.44,16.86,16.87,201333
PCG,06/16/2023,17.40,17.56,17.28,17.40,212805
PCG,06/15/2023,17.27,17.32,17.19,17.25,153946
PCG,06/14/2023,17.05,17.26,17.02,17.24,162434
PCG,06/13/2023,16.81,17.03,16.78,16.96,79406
PCG,06/12/2023,16.87,17.00,16.79,16.94,111276
PCG,06/09/2023,17.00,17.12,16.86,16.88,99489
PCG,06/08/2023,17.12,17.19,16.94,17.00,157664
PCG,06/07/2023,17.05,17.16,16.84,17.15,189660
PCG,06/06/2023,16.96,17.10,16.89,16.94,142152
PCG,06/05/2023,16.70,16.92,16.00,16.83,142233
PCG,06/02/2023,16.46,16.78,16.46,16.65,135502
PCG,06/01/2023,16.84,16.88,16.41,16.56,204101
PCG,05/31/2023,16.65,16.98,16.65,16.94,394176
PCG,05/30/2023,16.64,17.10,16.59,16.65,298681
PCG,05/26/2023,16.38,16.55,16.28,16.52,145618
PCG,05/25/2023,16.46,16.56,16.20,16.43,158161
PCG,05/24/2023,16.35,16.47,16.27,16.47,172516
PCG,05/23/2023,16.38,16.74,16.35,16.41,172171
PCG,05/22/2023,16.74,16.77,16.45,16.51,159547
PCG,05/19/2023,16.62,16.87,16.55,16.61,229408
PCG,05/18/2023,16.71,16.77,16.50,16.56,195169
PCG,05/17/2023,16.95,16.99,16.56,16.80,144699
PCG,05/16/2023,17.06,17.12,16.79,16.86,205260
PCG,05/15/2023,17.53,17.59,16.99,17.07,201966
PCG,05/12/2023,17.51,17.68,17.31,17.45,157003
PCG,05/11/2023,17.30,17.40,17.20,17.35,177292
PCG,05/10/2023,17.43,17.49,17.08,17.37,176176
PCG,05/09/2023,17.38,17.43,17.21,17.28,180601
PCG,05/08/2023,17.23,17.52,17.22,17.41,113944
PCG,05/05/2023,17.20,17.45,17.20,17.27,109654
PCG,05/04/2023,17.37,17.43,16.83,17.24,146125
PCG,05/03/2023,17.37,17.46,17.13,17.29,105886
PCG,05/02/2023,17.22,17.33,17.10,17.26,176376
PCG,05/01/2023,17.21,17.31,17.12,17.20,130656
PCG,04/28/2023,16.97,17.16,16.96,17.11,103967
PCG,04/27/2023,16.96,17.09,16.79,17.05,86800
PCG,04/26/2023,17.21,17.33,16.91,16.94,118751
PCG,04/25/2023,17.06,17.27,17.02,17.27,149278
PCG,04/24/2023,16.87,17.14,16.79,17.14,151134
PCG,04/21/2023,16.99,17.00,16.83,16.89,135513
PCG,04/20/2023,16.90,16.93,16.79,16.91,62393
PCG,04/19/2023,16.82,16.89,16.71,16.89,74270
PCG,04/18/2023,16.90,16.96,16.74,16.90,154703
PCG,04/17/2023,16.91,16.93,16.65,16.86,79167
PCG,04/14/2023,16.78,16.93,16.73,16.89,142783
PCG,04/13/2023,16.97,17.01,16.64,16.80,153255
PCG,04/12/2023,16.55,17.01,16.45,16.96,520129
PCG,04/11/2023,16.75,16.86,16.68,16.82,76724
PCG,04/10/2023,16.59,16.79,16.52,16.78,79128
PCG,04/06/2023,16.58,16.73,16.41,16.71,125533
PCG,04/05/2023,16.19,16.51,16.14,16.50,106484
PCG,04/04/2023,16.29,16.29,16.04,16.13,152352
PCG,04/03/2023,16.20,16.38,16.12,16.19,155648
PCG,03/31/2023,16.00,16.19,15.87,16.17,274216
PCG,03/30/2023,15.90,15.95,15.74,15.89,208095
PCG,03/29/2023,15.78,16.05,15.78,15.84,132843
PCG,03/28/2023,15.78,15.97,15.71,15.74,88337
PCG,03/27/2023,15.71,15.90,15.66,15.75,95482
PCG,03/24/2023,15.15,15.67,15.10,15.64,142830
PCG,03/23/2023,15.51,15.70,15.14,15.29,177094
PCG,03/22/2023,15.85,16.05,15.52,15.54,166224
PCG,03/21/2023,16.12,16.15,15.82,15.97,146462
PCG,03/20/2023,16.17,16.24,15.99,16.00,121854
PCG,03/17/2023,16.31,16.31,15.91,16.10,230394
PCG,03/16/2023,15.79,16.17,15.61,16.16,172027
PCG,03/15/2023,15.79,15.94,15.64,15.86,193512
PCG,03/14/2023,15.98,16.23,15.86,15.99,156489
PCG,03/13/2023,15.67,16.09,15.47,15.76,166551
PCG,03/10/2023,16.13,16.23,15.70,15.83,149410
PCG,03/09/2023,16.35,16.49,16.07,16.15,101130
PCG,03/08/2023,16.25,16.41,16.07,16.32,140133
PCG,03/07/2023,16.74,16.82,16.28,16.33,189734
PCG,03/06/2023,16.30,16.75,16.23,16.74,246382
PCG,03/03/2023,15.90,16.46,15.79,16.35,216823
PCG,03/02/2023,15.59,15.90,15.53,15.85,106994
PCG,03/01/2023,15.54,15.66,15.40,15.61,122776
PCG,02/28/2023,15.69,15.88,15.58,15.62,175024
PCG,02/27/2023,15.86,16.04,15.64,15.75,145049
PCG,02/24/2023,15.35,15.88,15.26,15.78,227680
PCG,02/23/2023,15.65,15.66,14.90,15.28,205945
PCG,02/22/2023,15.33,15.63,15.25,15.52,110722
PCG,02/21/2023,15.51,15.56,15.43,15.45,81123
PCG,02/17/2023,15.51,15.67,15.44,15.57,146098
PCG,02/16/2023,15.63,15.72,15.55,15.55,80680
PCG,02/15/2023,15.51,15.87,15.47,15.83,81796
PCG,02/14/2023,15.60,15.82,15.45,15.58,70434
PCG,02/13/2023,15.53,15.69,15.50,15.66,78417
PCG,02/10/2023,15.51,15.65,15.42,15.54,124151
PCG,02/09/2023,15.50,15.68,15.45,15.46,146680
PCG,02/08/2023,15.59,15.59,15.42,15.45,171166
PCG,02/07/2023,15.59,15.68,15.39,15.64,147905
PCG,02/06/2023,15.51,15.66,15.37,15.66,103540
PCG,02/03/2023,15.54,15.61,15.37,15.55,132946
PCG,02/02/2023,15.72,15.81,15.44,15.63,207829
PCG,02/01/2023,15.80,15.85,15.47,15.64,153822
PCG,01/31/2023,15.87,15.91,15.74,15.90,87988
PCG,01/30/2023,15.97,16.11,15.84,15.85,79081
PCG,01/27/2023,15.87,16.13,15.84,16.06,97393
PCG,01/26/2023,15.96,16.02,15.80,15.85,154708
PCG,01/25/2023,15.69,16.00,15.65,16.00,114155
PCG,01/24/2023,15.73,15.92,15.66,15.83,79993
PCG,01/23/2023,15.62,15.89,15.56,15.73,96591
PCG,01/20/2023,15.46,15.67,15.37,15.65,100208
PCG,01/19/2023,15.50,15.63,15.31,15.44,126023
PCG,01/18/2023,15.98,15.98,15.55,15.61,149611
PCG,01/17/2023,15.92,16.00,15.81,15.87,127944
PCG,01/13/2023,15.86,15.93,15.66,15.89,121107
PCG,01/12/2023,15.80,16.12,15.73,15.97,238936
PCG,01/11/2023,15.90,15.95,15.71,15.76,130501
PCG,01/10/2023,15.65,15.95,15.50,15.94,323607
PCG,01/09/2023,15.93,16.19,15.86,15.96,100446
PCG,01/06/2023,15.86,16.00,15.65,15.89,103621
PCG,01/05/2023,15.76,15.80,15.57,15.66,88588
PCG,01/04/2023,15.75,15.98,15.64,15.88,166001
PCG,01/03/2023,15.99,16.15,15.49,15.68,179267
PCG,12/30/2022,16.30,16.38,16.18,16.26,81077
PCG,12/29/2022,16.21,16.38,16.18,16.34,75853
PCG,12/28/2022,16.45,16.49,16.11,16.16,85532
PCG,12/27/2022,16.12,16.46,16.03,16.45,120578
PCG,12/23/2022,15.97,16.09,15.89,16.06,84758
PCG,12/22/2022,15.90,15.98,15.61,15.95,86307
PCG,12/21/2022,15.97,16.06,15.86,15.95,115247
PCG,12/20/2022,15.92,16.10,15.86,15.88,124266
PCG,12/19/2022,16.08,16.22,15.57,15.84,142522
PCG,12/16/2022,16.09,16.22,15.84,16.08,368619
PCG,12/15/2022,16.33,16.43,16.03,16.19,187354
PCG,12/14/2022,16.06,16.41,15.90,16.40,283461
PCG,12/13/2022,15.79,16.01,15.69,16.01,390238
PCG,12/12/2022,15.65,16.02,15.56,16.01,197380
PCG,12/09/2022,15.40,15.68,15.38,15.54,179263
PCG,12/08/2022,15.27,15.45,15.12,15.42,191150
PCG,12/07/2022,15.42,15.74,15.32,15.57,151038
PCG,12/06/2022,15.33,15.50,15.21,15.43,170181
PCG,12/05/2022,15.58,15.88,15.24,15.32,222046
PCG,12/02/2022,15.43,15.78,15.41,15.66,90097
PCG,12/01/2022,15.76,15.91,15.59,15.62,114856
PCG,11/30/2022,15.18,15.70,15.09,15.70,193958
PCG,11/29/2022,15.27,15.30,15.00,15.17,106589
PCG,11/28/2022,15.08,15.28,14.95,15.27,102393
PCG,11/25/2022,15.25,15.38,15.18,15.37,48225
PCG,11/23/2022,15.01,15.26,14.84,15.24,88885
PCG,11/22/2022,15.03,15.22,14.96,15.12,78554
PCG,11/21/2022,15.10,15.12,14.87,14.99,115468
PCG,11/18/2022,14.75,15.03,14.69,15.02,115403
PCG,11/17/2022,14.50,14.70,14.46,14.58,82941
PCG,11/16/2022,14.41,14.85,14.36,14.73,139833
PCG,11/15/2022,14.73,14.82,14.32,14.44,309892
PCG,11/14/2022,14.73,14.73,14.42,14.46,116909
PCG,11/11/2022,14.89,15.05,14.65,14.76,188182
PCG,11/10/2022,15.12,15.12,14.63,14.81,258686
PCG,11/09/2022,14.87,14.96,14.56,14.58,128701
PCG,11/08/2022,15.07,15.17,14.83,14.93,99318
PCG,11/07/2022,15.29,15.38,14.97,15.07,118705
PCG,11/04/2022,15.35,15.49,15.06,15.31,171610
PCG,11/03/2022,14.79,15.28,14.75,15.20,174468
PCG,11/02/2022,15.28,15.43,14.90,14.93,171804
PCG,11/01/2022,15.06,15.31,15.01,15.31,183933
PCG,10/31/2022,15.22,15.25,14.85,14.93,208028
PCG,10/28/2022,15.26,15.46,15.00,15.25,287617
PCG,10/27/2022,15.29,15.60,15.13,15.38,225983
PCG,10/26/2022,15.12,15.34,15.05,15.17,250255
PCG,10/25/2022,14.74,15.25,14.69,15.13,235293
PCG,10/24/2022,14.52,14.79,14.41,14.73,180182
PCG,10/21/2022,14.05,14.58,13.98,14.50,166248
PCG,10/20/2022,14.00,14.10,13.88,14.04,142687
PCG,10/19/2022,14.11,14.22,13.88,13.96,155993
PCG,10/18/2022,14.36,14.39,13.85,14.15,195965
PCG,10/17/2022,14.09,14.27,13.90,14.16,171716
PCG,10/14/2022,14.38,14.44,13.77,13.83,238171
PCG,10/13/2022,13.86,14.35,13.72,14.31,267641
PCG,10/12/2022,14.13,14.47,13.99,14.07,212685
PCG,10/11/2022,14.13,14.34,13.78,14.22,255549
PCG,10/10/2022,14.89,15.03,13.91,14.13,398886
PCG,10/07/2022,14.71,14.95,14.52,14.93,380872
PCG,10/06/2022,14.78,15.07,14.37,14.63,629684
PCG,10/05/2022,13.80,14.80,13.68,14.75,938561
PCG,10/04/2022,13.25,14.21,13.21,14.19,530454
PCG,10/03/2022,12.60,13.19,12.45,13.11,470149
PCG,09/30/2022,12.58,12.58,12.13,12.50,3310771
PCG,09/29/2022,12.76,12.88,12.37,12.38,352730
PCG,09/28/2022,12.45,12.79,12.38,12.72,282709
PCG,09/27/2022,12.80,12.98,12.40,12.41,403591
PCG,09/26/2022,13.20,13.25,12.69,12.75,638717
PCG,09/23/2022,12.74,12.74,12.16,12.61,201998
PCG,09/22/2022,13.11,13.17,12.72,12.96,150522
PCG,09/21/2022,13.34,13.39,13.01,13.01,143747
PCG,09/20/2022,13.39,13.53,13.15,13.30,174636
PCG,09/19/2022,12.95,13.47,12.93,13.46,130378
PCG,09/16/2022,13.01,13.13,12.73,13.08,189382
PCG,09/15/2022,13.10,13.24,13.07,13.11,135035
PCG,09/14/2022,12.97,13.25,12.94,13.22,156369
PCG,09/13/2022,12.86,13.32,12.86,12.92,176229
PCG,09/12/2022,12.89,13.38,12.89,13.18,216121
PCG,09/09/2022,12.91,13.02,12.76,12.89,226208
PCG,09/08/2022,12.68,13.03,12.65,12.83,248335
PCG,09/07/2022,12.25,12.74,12.17,12.73,158792
PCG,09/06/2022,12.57,12.57,11.97,12.23,222857
PCG,09/02/2022,12.60,12.73,12.49,12.55,213608
PCG,09/01/2022,12.32,12.55,12.18,12.53,166445
PCG,08/31/2022,12.24,12.48,12.18,12.33,130558
PCG,08/30/2022,12.61,12.61,12.05,12.20,120030
PCG,08/29/2022,12.36,12.67,12.33,12.52,105324
PCG,08/26/2022,12.55,12.58,12.40,12.48,158733
PCG,08/25/2022,12.08,12.55,12.05,12.50,165222
PCG,08/24/2022,11.65,12.04,11.60,12.00,73726
PCG,08/23/2022,11.90,11.90,11.66,11.72,61018
PCG,08/22/2022,12.00,12.01,11.71,11.72,90773
PCG,08/19/2022,12.11,12.17,12.00,12.13,52358
PCG,08/18/2022,12.16,12.30,12.12,12.20,55988
PCG,08/17/2022,12.32,12.39,11.99,12.18,97623
PCG,08/16/2022,12.39,12.48,12.29,12.39,97560
PCG,08/15/2022,12.08,12.45,12.07,12.39,147040
PCG,08/12/2022,11.98,12.13,11.89,12.13,98420
PCG,08/11/2022,11.60,11.99,11.55,11.91,111096
PCG,08/10/2022,11.47,11.58,11.38,11.54,66214
PCG,08/09/2022,11.30,11.40,11.23,11.35,77077
PCG,08/08/2022,11.26,11.47,11.21,11.27,85233
PCG,08/05/2022,11.02,11.18,10.97,11.14,81169
PCG,08/04/2022,11.18,11.26,11.05,11.05,66476
PCG,08/03/2022,11.10,11.14,10.95,11.12,71925
PCG,08/02/2022,10.92,11.07,10.81,11.02,135232
PCG,08/01/2022,10.86,11.02,10.76,10.91,170843
PCG,07/29/2022,10.80,10.88,10.71,10.86,115872
PCG,07/28/2022,10.77,11.01,10.51,10.78,92030
PCG,07/27/2022,10.57,10.81,10.57,10.78,75809
PCG,07/26/2022,10.66,10.86,10.53,10.58,104096
PCG,07/25/2022,10.68,10.81,10.47,10.75,165658
PCG,07/22/2022,10.67,10.77,10.56,10.63,67979
PCG,07/21/2022,10.64,10.67,10.41,10.58,141170
PCG,07/20/2022,10.70,10.80,10.43,10.70,113793
PCG,07/19/2022,10.48,10.74,10.48,10.69,105600
PCG,07/18/2022,10.41,10.48,10.31,10.35,79773
PCG,07/15/2022,10.07,10.45,9.95,10.32,79505
PCG,07/14/2022,9.89,10.02,9.81,10.01,92799
PCG,07/13/2022,10.00,10.21,9.92,10.08,60156
PCG,07/12/2022,10.11,10.23,10.04,10.11,61332
PCG,07/11/2022,10.26,10.34,10.06,10.12,91281
PCG,07/08/2022,10.18,10.31,10.11,10.27,71372
PCG,07/07/2022,9.91,10.24,9.91,10.19,133372
PCG,07/06/2022,9.91,10.05,9.71,9.83,113731
PCG,07/05/2022,10.08,10.17,9.66,9.84,149431
PCG,07/01/2022,9.98,10.25,9.93,10.24,95967
PCG,06/30/2022,9.76,10.09,9.71,9.98,139227
PCG,06/29/2022,10.08,10.16,9.74,9.96,126646
PCG,06/28/2022,10.25,10.40,10.15,10.15,85988
PCG,06/27/2022,10.30,10.38,10.16,10.25,91525
PCG,06/24/2022,9.90,10.30,9.85,10.25,389216
PCG,06/23/2022,9.89,9.94,9.64,9.79,184766
PCG,06/22/2022,9.85,10.03,9.82,9.90,147345
PCG,06/21/2022,9.93,10.10,9.77,10.00,201417
PCG,06/17/2022,10.04,10.14,9.67,9.78,357732
PCG,06/16/2022,10.05,10.14,9.85,10.08,265030
PCG,06/15/2022,10.06,10.46,9.92,10.28,298406
PCG,06/14/2022,10.52,10.53,9.84,9.96,218420
PCG,06/13/2022,10.77,10.78,10.40,10.40,245927
PCG,06/10/2022,11.23,11.37,10.91,10.98,381036
PCG,06/09/2022,12.05,12.05,11.63,11.63,111217
PCG,06/08/2022,12.19,12.26,11.92,12.04,136861
PCG,06/07/2022,12.22,12.39,12.12,12.23,106348
PCG,06/06/2022,12.55,12.56,12.08,12.21,213975
PCG,06/03/2022,12.45,12.61,12.30,12.40,258439
PCG,06/02/2022,12.28,12.58,12.22,12.57,161898
PCG,06/01/2022,12.21,12.30,11.90,12.25,121927
PCG,05/31/2022,12.20,12.32,12.01,12.20,206545
PCG,05/27/2022,12.06,12.35,12.01,12.35,201875
PCG,05/26/2022,12.15,12.21,11.94,12.01,218047
PCG,05/25/2022,11.92,12.18,11.92,12.16,88601
PCG,05/24/2022,12.00,12.12,11.64,11.92,164813
PCG,05/23/2022,11.87,12.17,11.87,12.07,188364
PCG,05/20/2022,12.15,12.16,11.54,11.74,245618
PCG,05/19/2022,11.80,12.19,11.75,12.14,107863
PCG,05/18/2022,12.10,12.25,11.75,11.89,147313
PCG,05/17/2022,11.94,12.24,11.79,12.10,149026
PCG,05/16/2022,11.77,11.89,11.68,11.79,174222
PCG,05/13/2022,11.72,11.92,11.66,11.72,168775
PCG,05/12/2022,11.90,12.02,11.43,11.57,222632
PCG,05/11/2022,11.87,12.24,11.84,12.03,152259
PCG,05/10/2022,12.19,12.19,11.50,11.77,307579
PCG,05/09/2022,12.36,12.49,12.05,12.09,269182
PCG,05/06/2022,12.61,12.69,12.34,12.56,169986
PCG,05/05/2022,13.02,13.07,12.47,12.61,241589
PCG,05/04/2022,12.75,13.03,12.72,13.03,206320
PCG,05/03/2022,12.66,12.90,12.63,12.72,136719
PCG,05/02/2022,12.58,12.66,12.28,12.65,176876
PCG,04/29/2022,12.95,13.11,12.63,12.65,261145
PCG,04/28/2022,12.64,13.03,12.51,12.93,248130
PCG,04/27/2022,12.19,12.74,12.18,12.49,310956
PCG,04/26/2022,11.88,12.25,11.82,12.23,303564
PCG,04/25/2022,12.11,12.18,11.60,11.82,166524
PCG,04/22/2022,12.40,12.40,12.12,12.13,262364
PCG,04/21/2022,12.40,12.49,12.30,12.37,209901
PCG,04/20/2022,12.57,12.61,12.30,12.40,222107
PCG,04/19/2022,12.20,12.33,12.10,12.31,135136
PCG,04/18/2022,12.40,12.42,12.13,12.18,75079
PCG,04/14/2022,12.20,12.40,12.07,12.30,369116
PCG,04/13/2022,12.55,12.88,12.48,12.85,142155
PCG,04/12/2022,12.25,12.62,12.22,12.53,152204
PCG,04/11/2022,12.76,12.80,12.10,12.15,187676
PCG,04/08/2022,12.37,13.05,12.29,12.84,279474
PCG,04/07/2022,12.14,12.36,12.10,12.34,251933
PCG,04/06/2022,12.03,12.15,11.90,12.09,93452
PCG,04/05/2022,12.11,12.26,12.03,12.05,160216
PCG,04/04/2022,12.20,12.27,11.90,12.07,149678
PCG,04/01/2022,11.97,12.28,11.84,12.27,128654
PCG,03/31/2022,12.07,12.18,11.93,11.94,86322
PCG,03/30/2022,12.00,12.22,11.97,12.09,96970
PCG,03/29/2022,12.09,12.44,11.89,12.01,381977
PCG,03/28/2022,11.95,12.10,11.95,12.04,120567
PCG,03/25/2022,11.85,11.98,11.79,11.98,78875
PCG,03/24/2022,11.60,11.85,11.54,11.82,151602
PCG,03/23/2022,11.62,11.73,11.53,11.58,84366
PCG,03/22/2022,11.38,11.69,11.30,11.62,210068
PCG,03/21/2022,11.51,11.72,11.29,11.30,178970
PCG,03/18/2022,11.74,11.86,11.49,11.58,573950
PCG,03/17/2022,11.86,12.03,11.70,11.76,273903
PCG,03/16/2022,11.61,12.02,11.54,12.00,321928
PCG,03/15/2022,11.25,11.54,11.01,11.50,283663
PCG,03/14/2022,10.79,11.20,10.74,11.19,326630
PCG,03/11/2022,10.92,10.96,10.74,10.78,112359
PCG,03/10/2022,10.92,10.93,10.65,10.88,132043
PCG,03/09/2022,11.04,11.24,10.98,11.01,164903
PCG,03/08/2022,10.57,10.93,10.36,10.84,326409
PCG,03/07/2022,11.06,11.19,10.42,10.51,284933
PCG,03/04/2022,11.36,11.38,11.11,11.20,146723
PCG,03/03/2022,11.52,11.67,11.34,11.43,134508
PCG,03/02/2022,11.30,11.52,11.26,11.46,155999
PCG,03/01/2022,11.32,11.46,10.97,11.30,152638
PCG,02/28/2022,11.15,11.44,11.10,11.37,165505
PCG,02/25/2022,11.13,11.44,11.10,11.36,122109
PCG,02/24/2022,10.60,11.13,10.47,11.08,185126
PCG,02/23/2022,11.32,11.38,10.84,10.86,156419
PCG,02/22/2022,11.30,11.38,11.22,11.32,142432
PCG,02/18/2022,11.54,11.66,11.34,11.41,115565
PCG,02/17/2022,11.71,11.81,11.55,11.59,111372
PCG,02/16/2022,11.50,12.02,11.45,11.74,271434
PCG,02/15/2022,11.40,11.46,11.22,11.40,205613
PCG,02/14/2022,11.20,11.31,11.05,11.28,189402
