PEG,06/23/2023,62.30,62.73,62.11,62.57,3354
PEG,06/22/2023,62.74,62.92,61.75,62.11,17984
PEG,06/21/2023,61.86,62.89,61.22,62.58,46539
PEG,06/20/2023,61.78,62.60,61.53,62.02,40753
PEG,06/16/2023,62.56,62.95,62.43,62.54,51858
PEG,06/15/2023,61.97,62.34,61.57,62.26,45291
PEG,06/14/2023,62.18,62.84,61.86,61.93,38808
PEG,06/13/2023,61.38,62.20,61.38,61.97,20918
PEG,06/12/2023,62.24,62.24,61.67,61.95,24902
PEG,06/09/2023,62.23,62.27,61.78,62.07,25759
PEG,06/08/2023,61.93,62.37,61.58,62.14,31996
PEG,06/07/2023,61.67,62.84,61.31,62.72,20835
PEG,06/06/2023,61.76,61.92,61.35,61.57,21993
PEG,06/05/2023,60.88,61.87,60.88,61.36,25469
PEG,06/02/2023,59.90,61.36,59.84,61.04,31397
PEG,06/01/2023,59.95,59.95,58.89,59.90,30364
PEG,05/31/2023,59.38,60.33,59.16,59.75,47630
PEG,05/30/2023,59.52,59.92,59.32,59.47,22300
PEG,05/26/2023,59.80,59.80,59.02,59.57,17656
PEG,05/25/2023,60.65,60.67,59.56,59.83,19359
PEG,05/24/2023,61.26,61.51,60.66,60.80,19143
PEG,05/23/2023,62.17,62.47,61.26,61.31,20439
PEG,05/22/2023,61.58,62.41,61.58,62.23,21095
PEG,05/19/2023,61.74,62.36,61.41,61.58,21198
PEG,05/18/2023,61.07,61.54,60.76,61.41,20570
PEG,05/17/2023,61.98,62.03,61.22,61.53,17323
PEG,05/16/2023,62.57,62.84,61.59,61.76,20784
PEG,05/15/2023,63.96,64.05,62.36,62.55,14380
PEG,05/12/2023,63.80,64.12,63.40,63.81,17252
PEG,05/11/2023,64.16,64.23,63.26,63.44,19589
PEG,05/10/2023,63.99,64.29,63.46,64.14,19711
PEG,05/09/2023,63.22,63.74,62.95,63.71,20909
PEG,05/08/2023,63.77,64.13,63.17,63.49,14255
PEG,05/05/2023,63.58,64.09,63.51,63.82,17391
PEG,05/04/2023,63.78,63.89,62.98,63.51,19161
PEG,05/03/2023,63.44,64.03,62.88,63.21,24461
PEG,05/02/2023,64.00,64.49,62.47,62.81,28069
PEG,05/01/2023,63.03,63.89,62.97,63.14,22282
PEG,04/28/2023,63.40,63.80,62.78,63.20,17243
PEG,04/27/2023,62.50,63.48,62.50,63.45,17120
PEG,04/26/2023,63.52,63.97,62.46,62.49,28968
PEG,04/25/2023,64.05,64.38,63.84,63.90,16231
PEG,04/24/2023,64.00,64.29,63.57,64.20,18257
PEG,04/21/2023,64.43,64.62,63.71,64.09,11594
PEG,04/20/2023,64.01,64.29,63.66,63.96,16998
PEG,04/19/2023,64.00,64.47,63.70,64.05,14837
PEG,04/18/2023,63.65,63.97,63.30,63.81,21987
PEG,04/17/2023,63.65,63.87,63.09,63.70,17307
PEG,04/14/2023,63.01,63.68,62.83,63.50,27611
PEG,04/13/2023,63.12,63.74,62.51,63.48,18849
PEG,04/12/2023,64.00,64.00,63.34,63.59,33895
PEG,04/11/2023,63.14,63.77,63.00,63.65,28924
PEG,04/10/2023,62.96,63.26,62.32,63.23,43213
PEG,04/06/2023,63.57,63.91,62.86,63.31,38554
PEG,04/05/2023,61.59,63.42,61.51,63.17,30689
PEG,04/04/2023,61.31,61.64,60.81,61.43,19231
PEG,04/03/2023,61.96,62.42,61.26,61.31,29749
PEG,03/31/2023,62.17,62.56,61.74,62.45,30787
PEG,03/30/2023,61.75,62.03,61.31,61.87,22776
PEG,03/29/2023,60.41,61.43,60.29,61.34,31310
PEG,03/28/2023,59.05,60.45,59.03,59.88,20475
PEG,03/27/2023,59.28,59.99,59.10,59.22,21811
PEG,03/24/2023,56.92,58.83,56.57,58.78,19061
PEG,03/23/2023,57.02,57.78,56.43,56.74,20323
PEG,03/22/2023,58.43,58.70,57.10,57.13,21231
PEG,03/21/2023,59.48,59.65,57.56,58.53,27781
PEG,03/20/2023,58.78,59.46,58.63,59.32,29291
PEG,03/17/2023,58.97,59.18,58.03,58.53,61489
PEG,03/16/2023,58.03,59.26,57.90,59.18,31491
PEG,03/15/2023,58.08,59.07,57.59,58.62,35361
PEG,03/14/2023,57.76,58.86,57.41,58.52,36724
PEG,03/13/2023,56.19,58.30,56.08,57.07,47672
PEG,03/10/2023,57.97,57.97,56.18,56.36,26942
PEG,03/09/2023,58.64,59.25,57.59,57.76,21013
PEG,03/08/2023,58.54,59.20,58.19,59.03,25522
PEG,03/07/2023,60.20,60.25,58.23,58.55,29059
PEG,03/06/2023,60.35,61.15,59.86,60.10,24791
PEG,03/03/2023,60.07,60.39,59.41,60.37,30839
PEG,03/02/2023,58.38,59.89,58.28,59.87,22574
PEG,03/01/2023,59.98,60.56,58.51,58.54,27892
PEG,02/28/2023,61.17,61.68,60.36,60.43,30331
PEG,02/27/2023,61.42,62.88,61.23,61.52,36020
PEG,02/24/2023,60.24,61.29,59.88,61.15,30084
PEG,02/23/2023,61.22,61.41,60.11,60.54,28139
PEG,02/22/2023,61.24,61.53,60.43,60.80,25058
PEG,02/21/2023,62.08,62.11,60.73,61.15,30080
PEG,02/17/2023,61.88,62.54,61.21,62.23,27537
PEG,02/16/2023,61.04,61.86,60.40,61.77,18574
PEG,02/15/2023,60.89,61.91,60.83,61.76,19320
PEG,02/14/2023,61.24,61.62,60.72,61.16,17999
PEG,02/13/2023,60.88,61.36,60.66,61.31,12782
PEG,02/10/2023,59.76,60.73,59.54,60.65,23142
PEG,02/09/2023,60.34,60.68,59.48,59.56,20495
PEG,02/08/2023,60.63,60.72,59.84,60.14,15756
PEG,02/07/2023,60.93,61.23,60.01,61.01,13915
PEG,02/06/2023,60.60,61.37,60.38,61.28,17466
PEG,02/03/2023,61.61,61.77,59.65,60.85,21056
PEG,02/02/2023,61.98,62.39,61.30,62.13,24639
PEG,02/01/2023,61.51,62.28,61.00,61.81,24489
PEG,01/31/2023,61.45,61.96,60.63,61.93,31628
PEG,01/30/2023,60.33,61.58,60.24,61.10,22306
PEG,01/27/2023,60.96,61.20,60.55,60.63,18505
PEG,01/26/2023,60.63,61.18,60.48,61.03,16250
PEG,01/25/2023,60.41,60.90,59.97,60.85,13567
PEG,01/24/2023,60.42,61.10,59.85,60.95,14723
PEG,01/23/2023,60.33,61.53,60.08,60.89,20101
PEG,01/20/2023,59.90,60.47,58.97,60.43,21603
PEG,01/19/2023,60.80,60.86,59.84,60.02,19487
PEG,01/18/2023,62.85,62.96,60.76,60.83,24186
PEG,01/17/2023,62.77,63.19,62.72,62.90,24840
PEG,01/13/2023,62.49,63.01,62.24,62.66,20306
PEG,01/12/2023,64.20,64.26,62.64,62.79,25233
PEG,01/11/2023,63.70,64.25,63.59,63.97,16465
PEG,01/10/2023,63.33,63.76,63.02,63.67,14150
PEG,01/09/2023,62.50,63.76,62.46,63.49,23062
PEG,01/06/2023,61.90,62.86,61.71,62.64,22483
PEG,01/05/2023,62.02,62.24,60.82,61.12,23785
PEG,01/04/2023,62.41,63.10,62.17,62.51,19217
PEG,01/03/2023,61.47,62.08,60.34,62.05,22156
PEG,12/30/2022,61.86,61.89,60.67,61.27,18146
PEG,12/29/2022,61.65,62.06,61.53,61.83,13530
PEG,12/28/2022,61.92,62.35,61.23,61.29,17683
PEG,12/27/2022,61.22,61.96,60.93,61.81,17786
PEG,12/23/2022,59.98,61.11,59.98,61.08,13354
PEG,12/22/2022,60.26,60.40,59.07,60.13,17458
PEG,12/21/2022,59.40,60.52,59.36,60.50,16918
PEG,12/20/2022,59.28,59.69,58.83,59.21,19033
PEG,12/19/2022,59.23,59.81,58.79,59.36,19814
PEG,12/16/2022,59.53,59.67,58.32,59.24,51482
PEG,12/15/2022,60.98,61.20,59.82,60.34,23925
PEG,12/14/2022,61.29,62.12,60.66,61.18,19622
PEG,12/13/2022,61.51,62.37,60.45,61.12,28473
PEG,12/12/2022,60.12,60.65,59.72,60.62,28561
PEG,12/09/2022,59.75,60.38,59.65,59.77,20190
PEG,12/08/2022,59.39,60.04,59.09,60.00,20494
PEG,12/07/2022,60.28,60.65,59.78,59.95,23111
PEG,12/06/2022,60.33,60.62,59.55,60.60,31369
PEG,12/05/2022,60.45,60.73,59.97,60.27,29071
PEG,12/02/2022,59.69,60.93,59.68,60.92,36977
PEG,12/01/2022,61.03,61.69,60.25,60.40,24081
PEG,11/30/2022,58.20,60.82,58.19,60.55,94550
PEG,11/29/2022,58.08,58.33,57.51,58.29,24098
PEG,11/28/2022,58.72,59.07,58.06,58.35,27172
PEG,11/25/2022,59.19,59.48,59.04,59.22,11230
PEG,11/23/2022,58.29,59.03,58.15,59.01,21612
PEG,11/22/2022,58.21,58.74,58.06,58.35,26393
PEG,11/21/2022,57.73,58.22,57.52,57.85,21379
PEG,11/18/2022,56.60,57.70,56.60,57.69,33851
PEG,11/17/2022,56.84,57.12,55.64,55.87,30806
PEG,11/16/2022,57.28,58.49,57.22,57.79,34000
PEG,11/15/2022,57.65,57.98,56.48,57.11,36206
PEG,11/14/2022,57.11,57.75,56.06,57.36,74290
PEG,11/11/2022,59.28,59.35,57.67,58.29,49354
PEG,11/10/2022,58.84,59.63,58.11,59.52,44382
PEG,11/09/2022,57.56,57.60,56.96,57.27,51329
PEG,11/08/2022,57.47,58.24,57.02,57.85,54977
PEG,11/07/2022,57.94,58.26,56.52,57.31,32197
PEG,11/04/2022,57.14,58.02,56.58,57.89,31929
PEG,11/03/2022,55.99,57.36,55.65,57.06,41232
PEG,11/02/2022,56.33,57.78,56.06,56.61,36762
PEG,11/01/2022,56.40,56.64,55.38,56.33,30905
PEG,10/31/2022,57.61,57.61,55.13,56.07,41260
PEG,10/28/2022,55.54,57.47,55.39,57.43,48618
PEG,10/27/2022,56.00,56.16,55.23,55.49,34342
PEG,10/26/2022,56.54,56.77,55.43,55.57,35455
PEG,10/25/2022,55.48,56.42,55.23,56.08,43029
PEG,10/24/2022,55.15,55.73,54.74,55.22,43355
PEG,10/21/2022,54.04,54.82,53.29,54.30,55047
PEG,10/20/2022,54.48,54.79,53.50,53.77,33936
PEG,10/19/2022,55.00,55.40,54.56,54.80,19224
PEG,10/18/2022,56.05,56.52,55.49,55.69,31778
PEG,10/17/2022,54.93,55.99,54.81,55.27,26260
PEG,10/14/2022,55.62,55.67,53.54,53.81,20627
PEG,10/13/2022,52.75,55.11,52.51,54.97,29916
PEG,10/12/2022,54.93,55.05,53.46,53.48,27706
PEG,10/11/2022,55.07,55.79,54.58,55.13,20800
PEG,10/10/2022,55.52,56.12,55.33,55.41,22064
PEG,10/07/2022,56.54,56.84,54.85,55.32,20652
PEG,10/06/2022,58.06,58.30,56.42,56.66,21102
PEG,10/05/2022,58.93,59.00,57.68,58.47,19620
PEG,10/04/2022,58.19,59.84,57.96,59.81,23134
PEG,10/03/2022,57.65,58.52,56.56,57.91,30091
PEG,09/30/2022,57.30,57.46,56.05,56.23,47536
PEG,09/29/2022,59.49,59.59,56.82,56.92,27599
PEG,09/28/2022,60.49,60.49,59.33,59.88,25032
PEG,09/27/2022,61.17,61.33,59.26,59.56,27548
PEG,09/26/2022,62.64,62.86,60.17,60.80,29268
PEG,09/23/2022,63.25,63.61,62.09,62.94,18973
PEG,09/22/2022,64.38,64.40,63.55,63.97,17184
PEG,09/21/2022,65.85,66.32,64.48,64.48,13673
PEG,09/20/2022,66.11,66.15,64.95,65.38,18063
PEG,09/19/2022,66.09,66.67,65.73,66.62,18633
PEG,09/16/2022,66.19,66.75,66.19,66.36,36922
PEG,09/15/2022,66.92,66.97,66.24,66.47,25582
PEG,09/14/2022,66.95,68.31,66.93,67.27,22675
PEG,09/13/2022,68.61,68.86,66.57,66.84,25057
PEG,09/12/2022,68.06,69.27,67.94,69.18,44237
PEG,09/09/2022,68.12,68.35,67.47,68.00,32860
PEG,09/08/2022,66.40,67.90,66.18,67.88,56046
PEG,09/07/2022,64.15,67.57,63.80,67.23,47378
PEG,09/06/2022,64.31,64.60,63.36,63.53,21461
PEG,09/02/2022,64.88,65.69,63.75,64.01,22891
PEG,09/01/2022,64.46,64.85,63.86,64.83,22859
PEG,08/31/2022,65.25,65.46,64.31,64.36,29801
PEG,08/30/2022,66.20,66.47,64.96,65.22,14675
PEG,08/29/2022,66.28,67.02,65.85,66.42,29414
PEG,08/26/2022,68.00,68.12,66.56,66.69,15962
PEG,08/25/2022,67.26,67.81,66.91,67.80,15154
PEG,08/24/2022,67.41,67.64,66.89,67.24,17439
PEG,08/23/2022,67.82,67.82,67.02,67.38,18362
PEG,08/22/2022,68.95,69.06,67.74,67.85,18150
PEG,08/19/2022,69.59,69.94,69.03,69.40,26617
PEG,08/18/2022,69.01,69.52,68.97,69.39,22187
PEG,08/17/2022,68.52,69.15,68.43,68.81,18879
PEG,08/16/2022,68.60,69.12,68.56,68.79,23328
PEG,08/15/2022,67.60,68.93,67.40,68.83,33796
PEG,08/12/2022,67.06,67.66,66.72,67.61,23209
PEG,08/11/2022,66.81,67.51,66.56,66.69,18348
PEG,08/10/2022,66.50,66.77,66.13,66.59,22556
PEG,08/09/2022,65.73,66.10,65.44,66.03,20802
PEG,08/08/2022,65.39,65.70,65.08,65.44,17044
PEG,08/05/2022,64.82,64.97,63.86,64.74,24990
PEG,08/04/2022,65.51,65.70,64.67,64.73,19832
PEG,08/03/2022,65.08,65.76,64.79,65.38,25464
PEG,08/02/2022,65.12,65.59,63.50,65.15,35583
PEG,08/01/2022,65.35,65.83,65.15,65.68,25301
PEG,07/29/2022,65.27,66.10,65.27,65.67,43796
PEG,07/28/2022,63.89,65.54,63.83,65.44,39537
PEG,07/27/2022,61.44,62.08,61.15,61.90,21314
PEG,07/26/2022,60.48,61.55,60.48,61.45,17003
PEG,07/25/2022,60.10,60.74,60.10,60.69,15709
PEG,07/22/2022,59.82,60.22,59.60,60.10,14660
PEG,07/21/2022,59.44,59.87,58.93,59.60,23002
PEG,07/20/2022,60.50,60.59,59.45,59.64,24669
PEG,07/19/2022,60.28,60.59,60.13,60.41,29372
PEG,07/18/2022,60.47,60.74,60.02,60.06,22933
PEG,07/15/2022,60.83,60.88,59.71,60.55,33183
PEG,07/14/2022,60.18,60.52,59.77,60.34,52381
PEG,07/13/2022,61.30,61.84,60.90,61.00,38123
PEG,07/12/2022,62.00,62.60,61.44,61.74,24156
PEG,07/11/2022,62.10,62.70,61.73,62.48,19089
PEG,07/08/2022,62.79,62.98,62.35,62.46,15093
PEG,07/07/2022,63.09,63.35,62.69,62.80,21841
PEG,07/06/2022,62.78,63.46,62.40,62.98,17890
PEG,07/05/2022,64.45,64.54,61.67,62.56,21143
PEG,07/01/2022,63.56,64.80,63.25,64.67,21208
PEG,06/30/2022,62.33,63.35,61.93,63.28,45289
PEG,06/29/2022,62.75,62.89,62.39,62.61,15307
PEG,06/28/2022,63.20,63.62,62.56,62.63,20756
PEG,06/27/2022,62.19,63.11,62.09,62.83,19953
PEG,06/24/2022,60.70,62.54,60.66,62.51,35077
PEG,06/23/2022,60.01,60.53,59.81,60.43,25958
PEG,06/22/2022,59.31,60.19,59.22,59.82,25527
PEG,06/21/2022,59.33,60.13,58.97,59.66,21534
PEG,06/17/2022,59.03,59.64,58.19,59.16,55611
PEG,06/16/2022,59.62,59.67,58.35,59.00,41295
PEG,06/15/2022,61.48,61.49,59.82,60.52,26712
PEG,06/14/2022,63.09,63.23,60.43,60.97,26995
PEG,06/13/2022,64.69,64.91,62.81,63.10,32002
PEG,06/10/2022,64.51,65.98,64.40,65.47,40189
PEG,06/09/2022,67.00,67.09,65.14,65.16,26643
PEG,06/08/2022,67.95,68.15,66.99,67.13,22687
PEG,06/07/2022,68.00,69.11,67.42,68.95,22040
PEG,06/06/2022,68.84,68.95,68.26,68.39,22084
PEG,06/03/2022,68.33,68.70,67.95,68.50,18583
PEG,06/02/2022,68.42,68.61,67.11,68.54,24348
PEG,06/01/2022,68.50,69.05,67.58,68.10,22782
PEG,05/31/2022,68.49,69.02,67.88,68.54,31005
PEG,05/27/2022,67.67,69.05,67.67,69.04,17992
PEG,05/26/2022,68.61,68.81,67.90,67.98,22606
PEG,05/25/2022,68.86,68.86,67.78,68.13,30720
PEG,05/24/2022,68.30,68.92,67.73,68.70,25331
PEG,05/23/2022,68.45,68.64,67.61,68.28,23253
PEG,05/20/2022,67.95,68.05,66.76,67.55,21982
PEG,05/19/2022,67.66,68.05,66.67,67.67,24413
PEG,05/18/2022,68.87,68.92,67.70,67.86,29864
PEG,05/17/2022,68.55,68.81,67.69,68.65,22747
PEG,05/16/2022,68.71,68.78,67.88,68.06,23124
PEG,05/13/2022,68.71,68.79,67.81,68.58,21711
PEG,05/12/2022,68.96,69.18,67.64,68.29,43224
PEG,05/11/2022,68.34,70.04,68.34,68.95,22813
PEG,05/10/2022,68.87,70.08,67.77,68.33,24251
PEG,05/09/2022,68.92,69.78,68.22,69.06,30896
PEG,05/06/2022,68.47,69.65,68.47,69.43,40499
PEG,05/05/2022,68.98,69.76,68.29,68.89,34903
PEG,05/04/2022,68.91,69.49,68.05,69.27,28682
PEG,05/03/2022,69.05,70.11,67.92,68.50,30362
PEG,05/02/2022,69.97,70.37,68.01,68.85,29883
PEG,04/29/2022,70.78,70.94,69.56,69.66,26459
PEG,04/28/2022,70.73,71.17,70.25,71.15,36975
PEG,04/27/2022,71.47,71.90,70.38,70.45,58645
PEG,04/26/2022,72.33,72.92,71.16,71.26,50893
PEG,04/25/2022,73.97,74.13,72.17,72.64,38684
PEG,04/22/2022,74.68,74.76,73.84,73.88,23910
PEG,04/21/2022,74.65,75.61,74.30,74.67,24984
PEG,04/20/2022,73.85,74.88,73.64,74.73,24391
PEG,04/19/2022,72.53,73.27,72.53,73.08,17859
PEG,04/18/2022,72.99,73.39,72.33,72.43,26065
PEG,04/14/2022,72.15,73.29,71.95,72.80,41465
PEG,04/13/2022,72.00,72.10,71.10,71.55,22030
PEG,04/12/2022,71.61,72.16,71.19,71.92,41805
PEG,04/11/2022,72.43,72.64,71.48,71.73,30284
PEG,04/08/2022,71.96,72.30,70.96,72.09,35632
PEG,04/07/2022,72.08,72.19,71.44,71.61,21884
PEG,04/06/2022,70.85,72.23,70.73,72.08,29365
PEG,04/05/2022,70.42,71.43,70.23,70.56,17431
PEG,04/04/2022,70.65,71.06,69.72,70.29,16917
PEG,04/01/2022,70.02,71.09,69.48,71.06,21330
PEG,03/31/2022,70.16,71.01,69.95,70.00,30039
PEG,03/30/2022,69.28,69.99,69.03,69.94,23000
PEG,03/29/2022,68.67,69.12,68.43,69.10,23240
PEG,03/28/2022,68.24,68.56,67.90,68.52,20929
PEG,03/25/2022,67.87,68.44,67.67,68.31,17297
PEG,03/24/2022,66.95,67.68,66.94,67.54,19261
PEG,03/23/2022,67.04,67.36,66.37,66.80,22951
PEG,03/22/2022,67.71,67.71,66.85,67.10,20734
PEG,03/21/2022,66.93,67.78,66.80,67.45,17235
PEG,03/18/2022,66.27,67.52,65.88,66.80,61695
PEG,03/17/2022,67.76,68.37,67.39,67.75,34111
PEG,03/16/2022,67.48,67.73,66.54,67.71,25884
PEG,03/15/2022,67.25,67.70,67.03,67.53,29767
PEG,03/14/2022,66.04,67.10,66.04,66.53,28829
PEG,03/11/2022,65.40,66.09,65.33,65.72,19077
PEG,03/10/2022,65.45,66.04,64.88,65.40,39416
PEG,03/09/2022,67.00,67.11,65.75,65.82,20889
PEG,03/08/2022,68.01,68.31,66.67,66.68,21909
PEG,03/07/2022,67.72,68.00,66.99,67.71,20772
PEG,03/04/2022,66.02,67.70,65.87,67.60,19092
PEG,03/03/2022,65.43,66.47,65.43,66.29,27246
PEG,03/02/2022,64.39,65.56,64.37,65.38,20971
PEG,03/01/2022,64.70,65.42,64.00,64.46,22371
PEG,02/28/2022,64.35,65.15,64.24,64.83,34681
PEG,02/25/2022,63.05,65.02,62.80,64.87,28128
PEG,02/24/2022,63.20,63.48,61.04,62.32,49861
PEG,02/23/2022,64.74,64.94,63.47,63.57,21780
PEG,02/22/2022,64.79,65.03,64.24,64.68,18413
PEG,02/18/2022,64.34,65.49,64.34,64.68,32128
PEG,02/17/2022,64.71,64.93,64.06,64.73,17461
PEG,02/16/2022,64.40,65.02,63.78,64.79,23702
PEG,02/15/2022,65.11,65.58,64.17,64.43,24255
PEG,02/14/2022,66.22,66.36,64.03,64.77,32774
