PFGC,06/23/2023,56.86,57.24,56.73,57.23,605
PFGC,06/22/2023,56.48,56.88,55.86,56.86,9270
PFGC,06/21/2023,54.62,56.31,54.58,56.22,8358
PFGC,06/20/2023,55.38,55.61,54.68,54.83,16141
PFGC,06/16/2023,56.79,57.03,55.88,56.31,16484
PFGC,06/15/2023,56.30,56.91,56.19,56.85,7724
PFGC,06/14/2023,56.37,56.88,56.18,56.41,8392
PFGC,06/13/2023,55.45,56.20,55.15,56.19,8742
PFGC,06/12/2023,55.41,55.56,54.93,55.41,6476
PFGC,06/09/2023,55.97,56.00,55.16,55.21,5842
PFGC,06/08/2023,56.13,56.31,55.61,56.01,5883
PFGC,06/07/2023,55.94,56.69,55.69,56.06,9254
PFGC,06/06/2023,56.72,57.07,56.37,56.75,5302
PFGC,06/05/2023,56.56,57.08,56.32,56.75,6808
PFGC,06/02/2023,56.24,57.17,55.45,57.15,8988
PFGC,06/01/2023,55.18,55.88,55.01,55.65,13397
PFGC,05/31/2023,55.52,55.87,54.93,55.29,11709
PFGC,05/30/2023,56.49,56.85,55.08,55.63,9609
PFGC,05/26/2023,55.39,56.74,55.39,56.70,9464
PFGC,05/25/2023,55.63,55.94,55.12,55.49,6556
PFGC,05/24/2023,55.56,56.28,55.32,55.86,8214
PFGC,05/23/2023,56.86,57.05,55.59,55.82,9041
PFGC,05/22/2023,57.34,57.73,57.04,57.43,8140
PFGC,05/19/2023,58.19,58.19,56.93,57.20,5651
PFGC,05/18/2023,58.01,58.20,56.91,57.98,8912
PFGC,05/17/2023,58.54,58.65,57.93,58.21,8193
PFGC,05/16/2023,59.33,59.33,58.25,58.32,7504
PFGC,05/15/2023,60.12,60.12,59.40,59.57,7801
PFGC,05/12/2023,60.55,61.17,59.25,60.27,10775
PFGC,05/11/2023,60.04,60.87,59.29,60.08,13233
PFGC,05/10/2023,61.70,62.38,57.77,59.65,23491
PFGC,05/09/2023,60.81,62.03,60.23,61.70,18266
PFGC,05/08/2023,62.10,62.33,61.04,61.17,9720
PFGC,05/05/2023,61.25,62.08,61.12,62.01,10763
PFGC,05/04/2023,61.41,61.71,60.89,60.93,9692
PFGC,05/03/2023,61.95,62.46,61.58,61.60,7496
PFGC,05/02/2023,62.03,62.22,60.35,61.74,9692
PFGC,05/01/2023,62.80,63.22,61.85,62.03,10424
PFGC,04/28/2023,61.29,62.84,60.91,62.69,8066
PFGC,04/27/2023,60.10,61.22,60.01,61.15,5808
PFGC,04/26/2023,60.34,60.81,59.76,60.00,6576
PFGC,04/25/2023,61.33,61.51,60.30,60.33,6082
PFGC,04/24/2023,61.62,61.99,61.03,61.77,7519
PFGC,04/21/2023,61.00,62.00,60.83,61.95,4947
PFGC,04/20/2023,61.21,61.40,60.71,60.93,8906
PFGC,04/19/2023,62.34,62.43,61.55,61.56,7362
PFGC,04/18/2023,61.52,62.39,61.44,62.27,10554
PFGC,04/17/2023,60.45,61.44,60.20,61.41,6252
PFGC,04/14/2023,60.51,60.90,60.02,60.30,8408
PFGC,04/13/2023,60.75,61.37,59.91,60.54,16397
PFGC,04/12/2023,61.73,61.89,60.72,60.75,11098
PFGC,04/11/2023,60.63,61.82,60.51,61.41,7864
PFGC,04/10/2023,59.69,60.63,59.57,60.43,6110
PFGC,04/06/2023,59.67,60.30,59.66,60.00,7263
PFGC,04/05/2023,59.54,60.07,59.38,59.94,10714
PFGC,04/04/2023,60.89,60.91,59.63,60.00,11723
PFGC,04/03/2023,60.16,60.77,59.96,60.66,7726
PFGC,03/31/2023,60.05,60.75,59.95,60.34,9474
PFGC,03/30/2023,59.14,60.11,59.11,59.62,9367
PFGC,03/29/2023,58.82,59.41,58.53,59.07,16867
PFGC,03/28/2023,58.01,58.79,57.67,58.15,10496
PFGC,03/27/2023,57.34,58.21,57.27,57.85,7964
PFGC,03/24/2023,55.48,56.99,54.94,56.98,7447
PFGC,03/23/2023,56.49,57.16,55.57,56.01,6793
PFGC,03/22/2023,56.69,57.41,56.09,56.13,7357
PFGC,03/21/2023,55.95,56.98,55.95,56.85,7639
PFGC,03/20/2023,54.82,55.60,54.77,55.24,7897
PFGC,03/17/2023,55.13,55.13,53.71,54.52,18753
PFGC,03/16/2023,54.01,54.75,52.96,54.72,13464
PFGC,03/15/2023,53.02,54.58,52.32,54.52,26366
PFGC,03/14/2023,54.98,55.64,53.83,54.42,12939
PFGC,03/13/2023,53.88,54.97,53.50,54.00,13209
PFGC,03/10/2023,55.16,55.42,53.90,54.60,11465
PFGC,03/09/2023,57.26,57.31,55.47,55.48,18130
PFGC,03/08/2023,56.30,56.99,55.65,56.91,16387
PFGC,03/07/2023,57.99,58.38,57.17,57.48,8477
PFGC,03/06/2023,57.83,58.64,57.50,57.90,12611
PFGC,03/03/2023,58.06,58.18,57.31,57.83,5815
PFGC,03/02/2023,57.11,57.89,56.81,57.71,6462
PFGC,03/01/2023,56.31,57.33,56.05,57.30,11200
PFGC,02/28/2023,58.03,58.14,56.42,56.59,17202
PFGC,02/27/2023,58.95,58.95,57.80,57.98,7477
PFGC,02/24/2023,57.95,58.90,57.52,58.61,9277
PFGC,02/23/2023,58.84,59.39,58.27,58.56,10772
PFGC,02/22/2023,58.68,59.02,58.14,58.69,10002
PFGC,02/21/2023,59.21,59.66,58.65,58.67,5242
PFGC,02/17/2023,59.79,59.95,59.45,59.81,13208
PFGC,02/16/2023,59.23,60.83,59.13,59.79,7802
PFGC,02/15/2023,59.53,60.20,59.35,59.80,14574
PFGC,02/14/2023,60.11,60.64,59.71,60.23,15674
PFGC,02/13/2023,59.06,60.13,58.74,60.12,9208
PFGC,02/10/2023,58.58,58.86,57.85,58.74,16589
PFGC,02/09/2023,60.42,60.63,58.41,58.91,29328
PFGC,02/08/2023,60.50,61.53,58.82,59.89,29789
PFGC,02/07/2023,61.47,62.14,60.65,61.79,22007
PFGC,02/06/2023,61.05,62.08,60.55,61.88,11808
PFGC,02/03/2023,60.64,61.46,60.48,61.12,10874
PFGC,02/02/2023,62.78,63.13,60.59,60.99,15792
PFGC,02/01/2023,61.26,63.01,61.12,62.67,12546
PFGC,01/31/2023,59.65,61.38,58.96,61.32,13222
PFGC,01/30/2023,59.71,60.39,59.69,59.97,10229
PFGC,01/27/2023,60.40,60.55,59.71,59.87,10258
PFGC,01/26/2023,60.20,60.81,59.76,60.42,6239
PFGC,01/25/2023,59.14,60.03,59.01,59.94,6389
PFGC,01/24/2023,59.24,60.14,58.95,59.82,5965
PFGC,01/23/2023,59.09,59.96,59.00,59.61,8228
PFGC,01/20/2023,58.80,59.35,58.45,59.31,6880
PFGC,01/19/2023,58.50,58.85,58.31,58.53,11102
PFGC,01/18/2023,59.34,59.79,58.92,59.01,16150
PFGC,01/17/2023,59.67,60.23,59.23,59.25,12837
PFGC,01/13/2023,58.54,60.18,58.54,60.12,9285
PFGC,01/12/2023,59.19,59.56,58.48,58.91,12700
PFGC,01/11/2023,58.90,59.26,58.01,58.81,12677
PFGC,01/10/2023,59.16,59.79,58.36,58.71,12421
PFGC,01/09/2023,61.00,61.51,59.04,59.11,13814
PFGC,01/06/2023,57.54,60.34,57.05,59.89,25159
PFGC,01/05/2023,56.85,57.37,56.40,56.71,17811
PFGC,01/04/2023,57.39,57.65,56.94,57.18,14209
PFGC,01/03/2023,58.73,58.90,56.67,56.89,10619
PFGC,12/30/2022,58.30,58.77,57.99,58.39,7959
PFGC,12/29/2022,58.83,59.22,58.28,58.94,6029
PFGC,12/28/2022,59.56,59.70,58.49,58.52,6371
PFGC,12/27/2022,59.89,60.03,59.16,59.31,6241
PFGC,12/23/2022,59.00,59.92,58.62,59.90,6008
PFGC,12/22/2022,59.40,59.40,57.57,59.03,11461
PFGC,12/21/2022,60.60,60.97,59.28,60.18,11563
PFGC,12/20/2022,59.70,60.41,59.57,60.05,29507
PFGC,12/19/2022,60.85,61.26,59.70,60.10,20951
PFGC,12/16/2022,60.45,60.89,59.40,60.56,30112
PFGC,12/15/2022,59.98,60.84,59.81,60.75,10965
PFGC,12/14/2022,61.10,62.00,60.07,60.96,11937
PFGC,12/13/2022,61.76,61.79,60.85,61.23,8195
PFGC,12/12/2022,59.68,60.76,59.34,60.42,6350
PFGC,12/09/2022,59.78,60.30,59.48,59.68,15979
PFGC,12/08/2022,60.25,60.43,59.85,60.20,9474
PFGC,12/07/2022,60.02,60.76,59.73,60.05,9726
PFGC,12/06/2022,60.29,60.89,59.44,60.10,13082
PFGC,12/05/2022,60.10,60.85,59.97,60.26,9149
PFGC,12/02/2022,60.46,61.20,60.25,60.78,11034
PFGC,12/01/2022,61.01,61.74,60.51,60.91,10928
PFGC,11/30/2022,59.02,61.14,58.88,60.98,13648
PFGC,11/29/2022,58.94,59.71,58.76,59.03,13006
PFGC,11/28/2022,57.81,59.28,57.41,58.96,8541
PFGC,11/25/2022,58.31,59.12,58.15,58.41,4067
PFGC,11/23/2022,59.36,59.87,58.41,58.48,9321
PFGC,11/22/2022,58.12,59.32,57.76,59.32,9302
PFGC,11/21/2022,58.28,58.73,57.67,58.21,8437
PFGC,11/18/2022,59.49,59.58,57.30,58.27,9156
PFGC,11/17/2022,58.15,58.58,57.56,58.54,10463
PFGC,11/16/2022,58.03,59.12,57.60,58.69,10161
PFGC,11/15/2022,58.69,59.48,57.36,58.09,15204
PFGC,11/14/2022,56.76,58.93,56.49,57.94,21748
PFGC,11/11/2022,57.01,57.37,56.04,56.46,16832
PFGC,11/10/2022,56.63,58.38,56.06,56.26,28077
PFGC,11/09/2022,54.72,56.20,53.61,54.53,22592
PFGC,11/08/2022,51.96,52.83,51.14,51.84,12591
PFGC,11/07/2022,52.39,52.39,51.11,51.73,8001
PFGC,11/04/2022,51.85,52.36,50.94,52.06,7004
PFGC,11/03/2022,50.51,51.63,49.73,51.02,6959
PFGC,11/02/2022,52.13,52.50,50.86,51.05,7326
PFGC,11/01/2022,52.35,53.48,51.81,52.67,8889
PFGC,10/31/2022,52.11,52.58,51.56,52.04,10808
PFGC,10/28/2022,50.56,52.60,50.24,52.58,9174
PFGC,10/27/2022,50.47,50.99,50.07,50.43,6585
PFGC,10/26/2022,49.89,51.28,49.62,50.12,6791
PFGC,10/25/2022,47.97,49.90,47.97,49.77,7036
PFGC,10/24/2022,47.50,48.39,47.29,48.05,6469
PFGC,10/21/2022,45.66,47.50,45.22,47.50,12193
PFGC,10/20/2022,46.22,46.68,45.57,45.77,9495
PFGC,10/19/2022,46.55,47.63,46.02,46.36,10869
PFGC,10/18/2022,47.41,47.65,46.40,46.85,9588
PFGC,10/17/2022,45.33,46.19,45.33,45.81,13672
PFGC,10/14/2022,46.31,46.31,44.34,44.56,8453
PFGC,10/13/2022,44.67,46.28,43.87,45.73,13060
PFGC,10/12/2022,45.99,46.24,45.22,45.51,4887
PFGC,10/11/2022,45.14,46.49,45.00,45.81,10402
PFGC,10/10/2022,45.29,45.75,44.69,45.34,5728
PFGC,10/07/2022,45.30,45.71,44.50,44.88,9053
PFGC,10/06/2022,46.70,47.24,45.84,46.02,6600
PFGC,10/05/2022,45.45,46.91,45.45,46.74,10297
PFGC,10/04/2022,45.32,46.66,45.12,46.44,8984
PFGC,10/03/2022,43.58,44.44,42.80,44.16,8039
PFGC,09/30/2022,43.23,44.31,42.88,42.95,10427
PFGC,09/29/2022,43.87,43.92,42.77,43.31,6047
PFGC,09/28/2022,43.75,44.89,43.38,44.63,8973
PFGC,09/27/2022,44.38,45.05,43.06,43.53,11179
PFGC,09/26/2022,44.33,45.23,43.64,43.64,9694
PFGC,09/23/2022,45.26,45.47,43.67,44.83,10699
PFGC,09/22/2022,47.21,47.28,45.52,45.90,6717
PFGC,09/21/2022,48.91,49.14,47.32,47.37,8938
PFGC,09/20/2022,48.99,49.29,48.17,48.89,10481
PFGC,09/19/2022,48.03,49.79,48.03,49.50,7899
PFGC,09/16/2022,48.54,48.66,47.84,48.59,15143
PFGC,09/15/2022,49.40,50.48,49.03,49.14,8772
PFGC,09/14/2022,50.07,50.07,48.72,49.76,10822
PFGC,09/13/2022,51.83,52.35,49.93,50.22,8333
PFGC,09/12/2022,52.37,53.39,52.23,53.19,11408
PFGC,09/09/2022,51.28,51.99,50.48,51.94,8739
PFGC,09/08/2022,50.02,50.85,49.85,50.74,7517
PFGC,09/07/2022,49.04,50.89,48.91,50.53,10365
PFGC,09/06/2022,49.56,49.74,48.13,48.78,11266
PFGC,09/02/2022,49.94,49.94,48.86,49.12,12207
PFGC,09/01/2022,49.33,49.33,48.22,49.24,8489
PFGC,08/31/2022,50.22,50.48,49.44,49.98,11273
PFGC,08/30/2022,50.78,50.78,49.67,49.99,11918
PFGC,08/29/2022,50.08,50.92,49.39,50.36,7826
PFGC,08/26/2022,51.50,51.84,50.31,50.73,20549
PFGC,08/25/2022,51.20,51.86,50.71,51.59,7264
PFGC,08/24/2022,49.99,51.16,49.92,51.03,8783
PFGC,08/23/2022,50.04,50.68,49.83,49.99,7251
PFGC,08/22/2022,50.09,50.70,49.45,50.24,7955
PFGC,08/19/2022,51.99,52.19,50.79,51.05,9409
PFGC,08/18/2022,53.24,53.35,51.49,52.25,11860
PFGC,08/17/2022,53.20,54.74,52.40,52.46,16234
PFGC,08/16/2022,53.21,53.54,52.10,53.32,11658
PFGC,08/15/2022,51.24,53.21,51.10,53.09,9559
PFGC,08/12/2022,51.01,51.66,50.91,51.64,7381
PFGC,08/11/2022,51.52,51.89,50.65,50.81,7347
PFGC,08/10/2022,50.30,51.89,50.30,50.68,16230
PFGC,08/09/2022,51.09,51.19,48.61,49.15,12725
PFGC,08/08/2022,51.15,52.11,50.88,51.35,8181
PFGC,08/05/2022,50.69,51.98,50.52,50.91,7211
PFGC,08/04/2022,50.35,51.67,50.14,51.38,6550
PFGC,08/03/2022,50.86,51.44,50.50,50.69,5950
PFGC,08/02/2022,50.46,50.98,49.84,50.53,5401
PFGC,08/01/2022,49.66,51.30,49.15,50.76,8607
PFGC,07/29/2022,51.11,51.13,49.50,49.71,11167
PFGC,07/28/2022,50.88,51.65,50.16,51.32,8315
PFGC,07/27/2022,51.36,51.49,50.51,50.88,6615
PFGC,07/26/2022,50.77,51.39,50.12,50.62,9355
PFGC,07/25/2022,50.96,51.35,49.95,51.23,6841
PFGC,07/22/2022,51.47,52.12,50.20,50.83,7469
PFGC,07/21/2022,50.70,51.29,50.33,51.18,7278
PFGC,07/20/2022,50.64,51.25,50.41,50.99,6067
PFGC,07/19/2022,50.08,51.03,49.91,50.44,9388
PFGC,07/18/2022,50.02,50.65,49.05,49.23,9158
PFGC,07/15/2022,48.60,49.76,48.26,49.70,15799
PFGC,07/14/2022,47.25,48.50,46.90,48.12,8240
PFGC,07/13/2022,47.40,48.50,46.78,47.98,11441
PFGC,07/12/2022,47.79,48.75,47.73,48.17,14157
PFGC,07/11/2022,46.97,47.92,46.86,47.88,15670
PFGC,07/08/2022,46.79,48.28,46.51,47.45,11401
PFGC,07/07/2022,46.48,47.32,45.99,47.03,13219
PFGC,07/06/2022,47.26,47.92,46.08,46.14,21888
PFGC,07/05/2022,46.47,47.46,45.81,47.24,16862
PFGC,07/01/2022,45.94,47.43,45.94,47.34,13030
PFGC,06/30/2022,46.36,46.98,44.60,45.98,17347
PFGC,06/29/2022,46.27,46.97,45.70,46.32,16900
PFGC,06/28/2022,47.00,47.95,46.13,46.17,14849
PFGC,06/27/2022,48.33,48.33,46.61,46.80,25511
PFGC,06/24/2022,43.43,48.00,42.96,48.00,168911
PFGC,06/23/2022,42.83,43.13,41.59,42.95,22491
PFGC,06/22/2022,41.56,42.52,41.33,42.16,29230
PFGC,06/21/2022,41.92,42.32,41.11,42.18,19032
PFGC,06/17/2022,39.92,41.40,39.70,41.27,28894
PFGC,06/16/2022,39.74,40.06,38.81,39.31,20709
PFGC,06/15/2022,39.67,40.66,39.25,39.85,17979
PFGC,06/14/2022,39.23,39.74,38.51,38.91,21492
PFGC,06/13/2022,39.75,40.18,38.54,39.05,18423
PFGC,06/10/2022,40.70,41.17,39.84,40.91,12851
PFGC,06/09/2022,42.04,42.54,41.26,41.83,12442
PFGC,06/08/2022,43.48,43.99,42.48,42.64,12221
PFGC,06/07/2022,42.88,43.83,42.66,43.78,13377
PFGC,06/06/2022,42.88,43.83,42.34,43.46,11294
PFGC,06/03/2022,42.74,43.05,41.71,42.65,14373
PFGC,06/02/2022,41.90,43.15,41.90,43.15,15883
PFGC,06/01/2022,43.39,44.22,41.86,42.45,26474
PFGC,05/31/2022,43.79,44.34,43.21,43.34,15008
PFGC,05/27/2022,43.30,44.90,43.30,44.26,9556
PFGC,05/26/2022,42.62,44.52,42.15,43.50,14989
PFGC,05/25/2022,38.50,41.46,38.33,40.91,13719
PFGC,05/24/2022,41.01,41.08,38.23,38.87,13564
PFGC,05/23/2022,40.86,41.85,39.46,41.81,16676
PFGC,05/20/2022,43.06,43.06,39.57,40.36,21015
PFGC,05/19/2022,43.04,43.85,42.40,42.67,20885
PFGC,05/18/2022,46.67,46.67,43.32,43.62,16020
PFGC,05/17/2022,44.82,46.58,44.55,46.49,11644
PFGC,05/16/2022,45.10,45.65,44.14,44.24,8391
PFGC,05/13/2022,43.62,45.42,43.46,45.23,15048
PFGC,05/12/2022,42.33,43.80,41.36,43.00,21814
PFGC,05/11/2022,45.00,47.58,42.76,43.14,37631
PFGC,05/10/2022,46.77,48.40,45.82,47.54,27821
PFGC,05/09/2022,47.76,48.18,44.98,45.40,17013
PFGC,05/06/2022,48.66,49.42,47.32,48.65,13804
PFGC,05/05/2022,50.67,50.91,48.04,48.86,9888
PFGC,05/04/2022,49.96,51.55,48.46,51.46,11914
PFGC,05/03/2022,50.28,51.14,48.98,50.37,12422
PFGC,05/02/2022,49.48,50.36,48.51,50.33,13066
PFGC,04/29/2022,51.61,51.88,49.00,49.25,10974
PFGC,04/28/2022,52.00,52.25,50.35,51.64,11300
PFGC,04/27/2022,51.62,52.52,50.00,51.43,12381
PFGC,04/26/2022,53.31,53.84,51.77,51.82,11451
PFGC,04/25/2022,51.98,54.10,51.41,53.91,13144
PFGC,04/22/2022,52.69,53.82,52.39,52.52,9562
PFGC,04/21/2022,54.72,56.00,52.97,53.06,12534
PFGC,04/20/2022,52.73,53.81,52.47,53.66,15047
PFGC,04/19/2022,50.58,52.78,50.58,52.08,10227
PFGC,04/18/2022,49.91,50.58,49.58,50.36,7581
PFGC,04/14/2022,51.27,52.08,50.10,50.17,9998
PFGC,04/13/2022,49.43,51.43,49.43,51.19,13255
PFGC,04/12/2022,50.60,51.37,48.69,49.35,15198
PFGC,04/11/2022,49.34,50.37,49.09,49.82,10411
PFGC,04/08/2022,48.73,50.15,48.26,49.32,10810
PFGC,04/07/2022,48.80,49.16,47.85,48.64,11300
PFGC,04/06/2022,49.19,49.20,47.52,48.65,13175
PFGC,04/05/2022,51.12,52.06,49.57,49.94,13862
PFGC,04/04/2022,51.02,51.72,50.44,51.61,10202
PFGC,04/01/2022,51.06,51.99,49.94,50.92,20714
PFGC,03/31/2022,51.32,52.09,50.89,50.91,9135
PFGC,03/30/2022,52.00,53.01,51.48,51.72,6719
PFGC,03/29/2022,52.38,53.60,52.03,52.83,12008
PFGC,03/28/2022,51.71,51.75,50.17,51.48,8205
PFGC,03/25/2022,52.43,52.43,51.05,51.95,10526
PFGC,03/24/2022,51.64,52.28,50.37,52.14,10659
PFGC,03/23/2022,50.99,52.04,50.69,51.34,8542
PFGC,03/22/2022,51.94,52.76,51.33,51.80,11133
PFGC,03/21/2022,52.49,53.03,50.88,51.62,11219
PFGC,03/18/2022,51.88,53.43,50.85,53.18,17888
PFGC,03/17/2022,50.96,51.73,50.40,51.49,10035
PFGC,03/16/2022,49.19,51.54,49.04,51.44,13420
PFGC,03/15/2022,46.87,48.76,46.87,48.54,10352
PFGC,03/14/2022,47.71,48.26,45.28,46.42,14271
PFGC,03/11/2022,49.20,49.20,47.42,47.59,10343
PFGC,03/10/2022,46.46,48.60,46.12,48.18,14071
PFGC,03/09/2022,45.95,49.17,45.60,47.72,23941
PFGC,03/08/2022,45.29,46.37,42.71,43.92,28979
PFGC,03/07/2022,52.00,52.08,45.54,45.54,26703
PFGC,03/04/2022,53.33,53.63,51.80,51.89,23951
PFGC,03/03/2022,57.82,58.13,54.06,54.25,15868
PFGC,03/02/2022,56.23,57.63,55.55,57.45,17603
PFGC,03/01/2022,55.75,56.48,54.95,56.06,25054
PFGC,02/28/2022,55.63,56.79,54.94,56.04,17211
PFGC,02/25/2022,55.46,56.67,54.74,56.59,13658
PFGC,02/24/2022,51.68,55.55,51.33,55.18,23865
PFGC,02/23/2022,53.88,54.30,53.15,53.65,18978
PFGC,02/22/2022,52.73,54.21,52.15,53.25,15881
PFGC,02/18/2022,52.75,54.28,52.75,53.31,17529
PFGC,02/17/2022,53.30,54.58,52.44,52.79,18056
PFGC,02/16/2022,52.91,54.43,52.60,54.10,18774
PFGC,02/15/2022,52.66,54.30,52.65,53.14,25523
PFGC,02/14/2022,52.81,53.36,51.39,51.90,19451
