PKG,06/23/2023,129.62,130.45,128.73,130.04,353
PKG,06/22/2023,131.29,131.29,129.52,130.81,5410
PKG,06/21/2023,130.93,132.75,129.63,131.66,5971
PKG,06/20/2023,131.36,132.81,130.78,131.68,6862
PKG,06/16/2023,133.04,133.87,131.30,132.42,16104
PKG,06/15/2023,130.93,133.19,130.57,132.66,4605
PKG,06/14/2023,131.76,133.66,130.86,131.36,6088
PKG,06/13/2023,131.58,134.17,131.38,131.96,8129
PKG,06/12/2023,129.90,131.42,128.56,130.84,5167
PKG,06/09/2023,130.70,131.47,129.21,130.80,4066
PKG,06/08/2023,133.11,133.11,130.33,130.82,6386
PKG,06/07/2023,130.21,133.13,129.55,132.85,5002
PKG,06/06/2023,126.95,130.17,126.95,129.57,4915
PKG,06/05/2023,127.74,128.57,126.37,127.15,8442
PKG,06/02/2023,126.56,128.15,125.86,128.08,9047
PKG,06/01/2023,124.86,125.62,122.20,124.83,8747
PKG,05/31/2023,125.79,126.19,123.71,124.03,8727
PKG,05/30/2023,126.99,127.35,124.82,126.39,4269
PKG,05/26/2023,127.88,129.04,127.01,127.20,3448
PKG,05/25/2023,126.75,127.85,125.91,127.33,4977
PKG,05/24/2023,127.38,128.07,126.27,127.41,4722
PKG,05/23/2023,128.93,129.58,127.65,127.93,6192
PKG,05/22/2023,129.12,130.29,127.79,129.07,6783
PKG,05/19/2023,130.26,130.70,128.48,129.45,3952
PKG,05/18/2023,128.56,129.31,127.37,129.23,3987
PKG,05/17/2023,127.49,129.19,126.98,128.96,4897
PKG,05/16/2023,129.39,129.83,126.82,127.00,8084
PKG,05/15/2023,132.34,132.34,129.71,130.44,6853
PKG,05/12/2023,132.98,133.45,131.21,132.42,3233
PKG,05/11/2023,132.40,133.16,131.66,132.34,4542
PKG,05/10/2023,134.25,134.65,131.19,133.28,6016
PKG,05/09/2023,135.89,135.90,132.90,133.35,6425
PKG,05/08/2023,135.98,136.89,134.76,136.03,4161
PKG,05/05/2023,134.60,136.55,134.22,135.37,5361
PKG,05/04/2023,133.87,134.46,132.13,133.05,6569
PKG,05/03/2023,134.20,136.02,133.31,133.65,8370
PKG,05/02/2023,137.22,137.22,131.65,133.55,9178
PKG,05/01/2023,134.71,138.48,134.71,138.15,9231
PKG,04/28/2023,133.57,136.09,133.13,135.26,6445
PKG,04/27/2023,132.01,133.34,130.17,133.31,9277
PKG,04/26/2023,132.81,134.52,131.75,132.09,7910
PKG,04/25/2023,135.00,138.27,133.70,134.38,13509
PKG,04/24/2023,143.67,145.17,143.67,144.91,8177
PKG,04/21/2023,143.18,143.61,141.17,143.23,4764
PKG,04/20/2023,142.49,143.55,141.03,143.34,5618
PKG,04/19/2023,142.62,143.03,141.43,142.37,7774
PKG,04/18/2023,143.06,143.58,141.67,142.88,4112
PKG,04/17/2023,141.59,142.96,140.78,142.89,4546
PKG,04/14/2023,141.61,142.76,139.76,141.16,5076
PKG,04/13/2023,142.36,143.10,140.39,142.41,4206
PKG,04/12/2023,144.13,144.65,141.76,142.19,4668
PKG,04/11/2023,141.95,144.42,141.70,143.24,5965
PKG,04/10/2023,140.75,141.67,139.88,140.95,4783
PKG,04/06/2023,140.72,141.82,139.72,141.15,7007
PKG,04/05/2023,138.92,140.44,138.09,140.39,5844
PKG,04/04/2023,140.28,141.28,138.24,138.93,11506
PKG,04/03/2023,138.63,140.85,138.63,140.30,7442
PKG,03/31/2023,138.31,139.16,138.07,138.83,5717
PKG,03/30/2023,137.98,138.05,136.93,137.58,4927
PKG,03/29/2023,135.95,136.87,134.78,136.67,4895
PKG,03/28/2023,132.32,134.72,132.32,134.52,3322
PKG,03/27/2023,133.83,133.91,132.02,132.25,5375
PKG,03/24/2023,130.35,133.34,129.20,133.15,4700
PKG,03/23/2023,130.40,132.41,129.76,131.08,5568
PKG,03/22/2023,133.31,133.77,130.57,130.72,5238
PKG,03/21/2023,135.30,135.62,132.40,132.96,8194
PKG,03/20/2023,129.42,134.24,129.42,133.50,9611
PKG,03/17/2023,129.46,129.46,126.23,127.32,32815
PKG,03/16/2023,126.94,130.10,126.83,129.17,7850
PKG,03/15/2023,128.71,129.44,127.06,128.50,8905
PKG,03/14/2023,131.43,132.42,129.74,131.35,7881
PKG,03/13/2023,130.94,133.51,129.57,130.69,8349
PKG,03/10/2023,135.16,135.16,131.03,132.42,5589
PKG,03/09/2023,138.52,139.08,135.52,135.60,6403
PKG,03/08/2023,137.32,138.82,137.11,138.07,5481
PKG,03/07/2023,137.27,138.59,136.73,137.27,6365
PKG,03/06/2023,141.84,141.84,137.17,137.76,9510
PKG,03/03/2023,141.63,142.94,139.76,142.34,6424
PKG,03/02/2023,138.22,141.28,138.15,141.01,9587
PKG,03/01/2023,136.37,139.59,136.34,138.70,4754
PKG,02/28/2023,136.34,137.53,136.05,136.72,6775
PKG,02/27/2023,139.24,140.07,135.97,136.87,6155
PKG,02/24/2023,135.78,138.01,135.26,137.80,5974
PKG,02/23/2023,135.45,137.51,134.03,137.40,5038
PKG,02/22/2023,134.62,135.64,133.81,134.72,5896
PKG,02/21/2023,139.30,139.50,133.65,134.17,5842
PKG,02/17/2023,141.35,141.49,140.09,141.01,3879
PKG,02/16/2023,141.30,142.54,140.46,141.48,2750
PKG,02/15/2023,141.88,143.34,141.38,142.60,3513
PKG,02/14/2023,141.93,143.31,141.00,142.63,4150
PKG,02/13/2023,140.37,142.24,139.35,142.08,4245
PKG,02/10/2023,139.70,140.22,138.34,139.92,5382
PKG,02/09/2023,142.61,143.25,139.68,140.10,6063
PKG,02/08/2023,142.72,143.24,140.43,141.81,7647
PKG,02/07/2023,142.00,144.04,140.68,143.38,6297
PKG,02/06/2023,143.01,143.37,142.03,142.59,5241
PKG,02/03/2023,144.51,146.24,144.38,144.42,8578
PKG,02/02/2023,142.19,145.44,141.30,145.09,8955
PKG,02/01/2023,140.37,143.10,139.44,142.15,8893
PKG,01/31/2023,140.20,142.70,137.79,142.70,31751
PKG,01/30/2023,137.73,140.97,137.73,138.69,7608
PKG,01/27/2023,138.62,140.31,137.05,138.41,7048
PKG,01/26/2023,129.23,138.83,127.50,138.62,12532
PKG,01/25/2023,129.37,130.07,127.13,129.15,8777
PKG,01/24/2023,130.66,131.21,128.86,130.03,6710
PKG,01/23/2023,132.51,133.96,131.34,132.05,6734
PKG,01/20/2023,130.36,132.74,129.29,132.48,4832
PKG,01/19/2023,130.49,130.49,128.29,129.77,7184
PKG,01/18/2023,134.17,134.20,130.88,130.91,5298
PKG,01/17/2023,135.47,136.05,133.21,133.50,5940
PKG,01/13/2023,135.26,135.53,134.12,135.40,5688
PKG,01/12/2023,134.59,136.11,133.22,135.97,5090
PKG,01/11/2023,133.29,134.06,132.63,133.58,4616
PKG,01/10/2023,132.74,133.10,131.29,132.73,4663
PKG,01/09/2023,134.27,135.48,132.18,132.48,8044
PKG,01/06/2023,131.42,132.78,131.06,132.19,5140
PKG,01/05/2023,129.62,130.34,127.86,129.88,5770
PKG,01/04/2023,130.29,131.76,129.84,130.80,5972
PKG,01/03/2023,128.34,129.66,127.32,129.06,4740
PKG,12/30/2022,127.41,128.69,127.06,127.91,3670
PKG,12/29/2022,128.19,129.42,128.01,128.63,2865
PKG,12/28/2022,129.69,130.60,127.00,127.01,2572
PKG,12/27/2022,128.63,130.71,128.43,129.56,3126
PKG,12/23/2022,127.47,128.99,126.93,128.70,3025
PKG,12/22/2022,127.35,127.77,124.83,127.41,6476
PKG,12/21/2022,128.74,129.26,128.04,128.43,4482
PKG,12/20/2022,128.97,129.55,127.44,127.89,3922
PKG,12/19/2022,130.88,131.70,127.76,128.61,5357
PKG,12/16/2022,131.14,131.35,129.09,130.58,10705
PKG,12/15/2022,132.17,133.76,131.24,132.88,6871
PKG,12/14/2022,136.27,137.59,134.71,135.33,6123
PKG,12/13/2022,140.20,140.45,135.58,136.50,6326
PKG,12/12/2022,135.50,137.15,134.26,137.13,5941
PKG,12/09/2022,135.68,137.23,134.70,135.11,6531
PKG,12/08/2022,135.94,136.80,134.55,135.96,5566
PKG,12/07/2022,134.53,135.90,134.42,135.20,4634
PKG,12/06/2022,135.83,136.58,133.67,134.83,4384
PKG,12/05/2022,136.74,136.90,135.12,135.58,5250
PKG,12/02/2022,135.27,138.60,134.66,137.82,8140
PKG,12/01/2022,136.61,136.97,134.78,136.16,6758
PKG,11/30/2022,132.35,136.63,131.83,135.89,13143
PKG,11/29/2022,130.19,133.31,130.19,132.69,8362
PKG,11/28/2022,131.94,132.01,129.81,130.10,5052
PKG,11/25/2022,133.04,133.71,132.62,132.97,2320
PKG,11/23/2022,133.85,134.55,132.43,133.35,3031
PKG,11/22/2022,132.24,133.58,131.80,133.32,5127
PKG,11/21/2022,128.38,131.98,127.69,131.34,7744
PKG,11/18/2022,131.07,131.58,128.71,129.04,9273
PKG,11/17/2022,128.88,129.67,127.19,129.48,6624
PKG,11/16/2022,129.97,130.63,129.23,129.87,7564
PKG,11/15/2022,131.67,132.87,129.36,130.18,7855
PKG,11/14/2022,129.25,132.06,128.68,129.75,8359
PKG,11/11/2022,126.40,130.25,124.93,129.47,7624
PKG,11/10/2022,124.03,125.12,121.97,125.08,13940
PKG,11/09/2022,120.99,121.32,119.44,120.01,7905
PKG,11/08/2022,123.14,123.58,121.15,121.61,11473
PKG,11/07/2022,125.16,125.17,122.20,122.61,7680
PKG,11/04/2022,123.62,125.37,122.44,124.50,9865
PKG,11/03/2022,118.23,122.01,117.95,121.23,10110
PKG,11/02/2022,119.81,122.29,118.02,118.54,8794
PKG,11/01/2022,121.76,122.41,118.94,120.59,8310
PKG,10/31/2022,119.86,121.22,118.41,120.21,8622
PKG,10/28/2022,118.83,121.16,118.23,120.70,8556
PKG,10/27/2022,116.56,121.66,116.37,119.25,12605
PKG,10/26/2022,115.80,119.24,114.77,116.36,10242
PKG,10/25/2022,114.51,117.72,112.00,115.93,7819
PKG,10/24/2022,117.45,117.99,116.27,116.28,6761
PKG,10/21/2022,113.25,117.21,112.97,116.94,6173
PKG,10/20/2022,114.40,115.73,112.52,112.87,4487
PKG,10/19/2022,116.23,116.39,113.68,114.40,3478
PKG,10/18/2022,115.70,117.78,115.70,116.70,7319
PKG,10/17/2022,115.92,116.95,115.02,115.94,5475
PKG,10/14/2022,116.66,116.96,113.62,113.71,5538
PKG,10/13/2022,111.68,116.62,110.56,115.79,4478
PKG,10/12/2022,115.08,115.08,113.49,113.52,5794
PKG,10/11/2022,113.14,115.93,112.25,114.42,5047
PKG,10/10/2022,114.81,115.20,113.34,114.15,4772
PKG,10/07/2022,114.58,114.71,112.84,113.71,5837
PKG,10/06/2022,116.14,117.74,115.53,115.92,7859
PKG,10/05/2022,116.27,118.62,115.40,117.39,6681
PKG,10/04/2022,117.06,118.43,116.54,118.14,5931
PKG,10/03/2022,114.06,116.12,112.62,115.00,7568
PKG,09/30/2022,113.43,115.36,111.95,112.29,11273
PKG,09/29/2022,113.71,114.59,111.98,114.22,8772
PKG,09/28/2022,114.60,116.37,114.24,115.81,9231
PKG,09/27/2022,114.53,115.45,111.73,113.29,6898
PKG,09/26/2022,113.66,114.78,110.73,112.92,9598
PKG,09/23/2022,114.10,114.80,112.46,113.97,8127
PKG,09/22/2022,118.01,118.19,115.75,115.88,5332
PKG,09/21/2022,120.17,122.60,118.05,118.10,7525
PKG,09/20/2022,122.14,122.14,117.76,119.41,9583
PKG,09/19/2022,118.76,124.15,118.40,124.10,11816
PKG,09/16/2022,125.01,125.33,116.60,118.07,25929
PKG,09/15/2022,132.00,134.30,131.75,132.68,6441
PKG,09/14/2022,137.62,138.00,131.54,132.07,8178
PKG,09/13/2022,139.36,140.03,137.44,137.78,6124
PKG,09/12/2022,140.67,143.25,140.65,142.08,3971
PKG,09/09/2022,140.09,140.40,139.08,139.58,5794
PKG,09/08/2022,137.85,139.60,136.41,139.51,7478
PKG,09/07/2022,136.36,139.45,136.36,139.20,5146
PKG,09/06/2022,136.42,137.63,135.57,136.18,7486
PKG,09/02/2022,137.99,139.11,135.50,136.11,6356
PKG,09/01/2022,136.28,136.77,135.08,136.48,7931
PKG,08/31/2022,139.13,139.39,136.88,136.92,11489
PKG,08/30/2022,138.22,139.76,136.55,139.15,6382
PKG,08/29/2022,137.94,138.98,136.86,137.87,3673
PKG,08/26/2022,143.76,143.76,138.77,138.94,3519
PKG,08/25/2022,140.52,143.59,140.34,143.56,3767
PKG,08/24/2022,140.78,141.15,139.26,139.96,5092
PKG,08/23/2022,140.59,142.09,140.59,141.13,3862
PKG,08/22/2022,141.04,141.07,139.28,140.41,4208
PKG,08/19/2022,144.52,145.15,142.65,143.17,5876
PKG,08/18/2022,144.18,145.48,143.06,145.14,4407
PKG,08/17/2022,143.99,145.22,143.46,144.49,4074
PKG,08/16/2022,143.00,146.26,142.85,145.76,4121
PKG,08/15/2022,142.85,143.60,142.01,143.32,3559
PKG,08/12/2022,142.94,144.09,141.98,143.92,3436
PKG,08/11/2022,141.53,142.73,140.35,142.06,5157
PKG,08/10/2022,141.35,142.58,140.91,141.18,4561
PKG,08/09/2022,137.85,138.96,137.38,138.94,6085
PKG,08/08/2022,136.69,139.00,135.85,137.97,5861
PKG,08/05/2022,136.88,137.82,133.80,135.22,9991
PKG,08/04/2022,138.50,139.43,137.43,137.74,9565
PKG,08/03/2022,139.38,140.04,137.21,139.15,5223
PKG,08/02/2022,138.37,138.76,136.96,138.11,9384
PKG,08/01/2022,139.75,140.84,138.36,138.84,8696
PKG,07/29/2022,141.01,141.45,139.43,140.61,13402
PKG,07/28/2022,140.37,141.57,138.34,140.16,5925
PKG,07/27/2022,136.99,139.68,136.35,139.33,7189
PKG,07/26/2022,141.34,141.86,134.27,136.93,10945
PKG,07/25/2022,141.92,144.28,141.22,143.91,10100
PKG,07/22/2022,142.48,143.03,141.34,141.60,4662
PKG,07/21/2022,138.81,141.95,138.33,141.87,5800
PKG,07/20/2022,137.94,139.33,137.23,139.03,3981
PKG,07/19/2022,135.62,138.93,135.27,138.28,4460
PKG,07/18/2022,136.73,137.16,133.80,134.29,6948
PKG,07/15/2022,137.46,137.58,135.28,135.80,4750
PKG,07/14/2022,134.45,136.24,133.81,135.44,4993
PKG,07/13/2022,136.45,137.67,135.56,137.00,4828
PKG,07/12/2022,137.83,139.46,137.83,138.13,6847
PKG,07/11/2022,138.87,140.13,137.11,137.83,4726
PKG,07/08/2022,142.24,142.24,139.16,139.81,5996
PKG,07/07/2022,139.77,142.19,139.60,141.59,7310
PKG,07/06/2022,137.75,139.09,135.48,138.48,6075
PKG,07/05/2022,137.11,137.33,135.10,137.16,6553
PKG,07/01/2022,136.88,139.29,134.82,138.75,7272
PKG,06/30/2022,137.22,137.88,135.48,137.50,8677
PKG,06/29/2022,140.00,140.00,137.98,138.92,5388
PKG,06/28/2022,141.99,143.06,138.87,138.95,5429
PKG,06/27/2022,141.04,142.84,140.61,141.69,6225
PKG,06/24/2022,136.77,140.75,136.48,140.60,11657
PKG,06/23/2022,136.10,137.01,133.79,135.80,5861
PKG,06/22/2022,137.55,139.18,135.77,136.60,6282
PKG,06/21/2022,140.40,142.06,138.78,139.51,7943
PKG,06/17/2022,142.14,142.94,138.76,139.68,11133
PKG,06/16/2022,144.64,144.66,140.10,141.45,5478
PKG,06/15/2022,148.46,149.42,145.24,147.23,7504
PKG,06/14/2022,142.39,147.51,142.21,147.23,9567
PKG,06/13/2022,148.67,149.02,142.96,143.67,6752
PKG,06/10/2022,153.68,153.68,151.16,151.50,5848
PKG,06/09/2022,157.87,158.98,156.03,156.16,5255
PKG,06/08/2022,161.18,162.93,158.70,159.62,4971
PKG,06/07/2022,159.65,162.67,159.19,162.30,5168
PKG,06/06/2022,160.08,161.21,158.88,160.84,5411
PKG,06/03/2022,158.81,160.17,158.41,159.12,3270
PKG,06/02/2022,158.62,159.90,155.90,159.69,6007
PKG,06/01/2022,157.02,158.19,153.90,157.47,6175
PKG,05/31/2022,158.48,159.23,156.39,157.28,12655
PKG,05/27/2022,157.61,159.98,156.60,159.90,6767
PKG,05/26/2022,154.40,157.28,154.40,156.41,5016
PKG,05/25/2022,151.10,154.55,151.10,153.34,4931
PKG,05/24/2022,152.61,153.03,147.90,151.72,5540
PKG,05/23/2022,150.54,153.56,150.22,152.94,5368
PKG,05/20/2022,152.06,152.27,146.84,149.06,8722
PKG,05/19/2022,150.55,152.28,148.23,150.49,8671
PKG,05/18/2022,157.62,157.62,150.47,151.02,7804
PKG,05/17/2022,157.98,159.62,156.57,158.74,5284
PKG,05/16/2022,155.71,156.11,153.82,155.54,7394
PKG,05/13/2022,157.45,159.68,154.60,155.40,6956
PKG,05/12/2022,159.22,159.22,154.56,156.51,6396
PKG,05/11/2022,159.68,162.32,158.58,158.83,4878
PKG,05/10/2022,161.89,162.59,156.79,160.22,8035
PKG,05/09/2022,161.18,163.45,160.27,160.78,4939
PKG,05/06/2022,162.27,163.36,160.42,162.47,4836
PKG,05/05/2022,164.00,165.47,161.55,163.05,4710
PKG,05/04/2022,162.18,165.72,161.97,165.61,5484
PKG,05/03/2022,160.73,162.89,160.31,161.69,7831
PKG,05/02/2022,162.19,162.32,158.11,160.07,6125
PKG,04/29/2022,163.28,163.82,160.42,161.17,6315
PKG,04/28/2022,162.40,163.34,160.01,162.85,5651
PKG,04/27/2022,160.75,163.64,159.15,161.65,5853
PKG,04/26/2022,161.62,164.87,159.10,159.44,7494
PKG,04/25/2022,160.47,163.10,158.65,162.29,6608
PKG,04/22/2022,165.24,165.51,161.11,161.18,4480
PKG,04/21/2022,167.27,168.50,165.93,166.03,4665
PKG,04/20/2022,165.00,167.79,164.98,166.97,6876
PKG,04/19/2022,161.39,164.34,160.95,163.94,6420
PKG,04/18/2022,162.81,164.32,160.05,160.79,6690
PKG,04/14/2022,160.25,164.27,159.90,163.02,5959
PKG,04/13/2022,157.13,159.97,157.13,159.59,5830
PKG,04/12/2022,154.91,157.99,154.56,156.97,5178
PKG,04/11/2022,154.09,156.92,154.09,154.91,4088
PKG,04/08/2022,152.57,153.91,151.49,153.34,4744
PKG,04/07/2022,152.04,152.75,150.07,151.30,10428
PKG,04/06/2022,153.12,153.60,150.25,152.45,5767
PKG,04/05/2022,154.69,155.62,153.44,154.08,3962
PKG,04/04/2022,154.90,155.62,152.87,155.16,7502
PKG,04/01/2022,157.27,157.27,154.41,155.76,6148
PKG,03/31/2022,156.41,158.09,156.11,156.11,5391
PKG,03/30/2022,156.39,158.47,156.08,156.87,4595
PKG,03/29/2022,156.58,156.62,154.58,156.39,4799
PKG,03/28/2022,156.20,156.20,154.30,155.18,3901
PKG,03/25/2022,153.55,156.13,152.21,156.13,4408
PKG,03/24/2022,153.89,155.22,152.59,152.96,3673
PKG,03/23/2022,152.95,154.19,152.12,152.82,4107
PKG,03/22/2022,157.58,157.58,152.72,153.46,9400
PKG,03/21/2022,156.80,157.75,154.77,156.33,5066
PKG,03/18/2022,157.50,157.50,153.98,156.47,13233
PKG,03/17/2022,154.42,156.46,152.87,156.26,5336
PKG,03/16/2022,152.85,155.93,152.72,155.34,7397
PKG,03/15/2022,151.77,152.94,149.08,152.35,9223
PKG,03/14/2022,150.49,152.10,149.57,150.93,7467
PKG,03/11/2022,150.03,150.93,148.79,149.75,5782
PKG,03/10/2022,146.50,149.74,145.96,149.01,6698
PKG,03/09/2022,143.80,148.68,143.04,147.65,9703
PKG,03/08/2022,145.89,146.75,140.13,140.80,9488
PKG,03/07/2022,149.23,150.01,145.00,145.17,7051
PKG,03/04/2022,146.30,149.88,145.64,149.61,5504
PKG,03/03/2022,148.18,149.76,147.41,148.65,4753
PKG,03/02/2022,143.99,147.52,143.66,147.28,7437
PKG,03/01/2022,146.96,147.27,142.73,143.12,7212
PKG,02/28/2022,147.51,148.66,144.93,147.19,6927
PKG,02/25/2022,146.80,150.74,146.80,149.62,7990
PKG,02/24/2022,143.35,146.52,141.10,145.99,10032
PKG,02/23/2022,149.39,149.58,145.21,145.26,6105
PKG,02/22/2022,149.05,149.96,147.93,149.06,4498
PKG,02/18/2022,148.08,149.67,147.56,148.47,4558
PKG,02/17/2022,149.76,149.76,148.01,148.53,7311
PKG,02/16/2022,147.50,148.88,147.23,148.49,3899
PKG,02/15/2022,148.30,149.59,147.28,148.07,6934
PKG,02/14/2022,148.10,148.10,145.59,147.02,10219
