PSTG,06/23/2023,36.09,36.31,35.74,35.85,9116
PSTG,06/22/2023,35.90,36.69,35.26,36.65,61676
PSTG,06/21/2023,36.86,37.23,36.05,36.10,40579
PSTG,06/20/2023,37.34,37.63,36.77,37.02,39746
PSTG,06/16/2023,37.98,38.36,37.42,37.74,57202
PSTG,06/15/2023,36.92,37.67,36.87,37.60,32435
PSTG,06/14/2023,36.48,37.50,36.45,37.36,54103
PSTG,06/13/2023,36.50,36.67,36.08,36.60,36810
PSTG,06/12/2023,35.46,36.25,35.30,36.20,43092
PSTG,06/09/2023,34.90,35.60,34.72,35.37,47734
PSTG,06/08/2023,34.37,34.84,34.05,34.55,43171
PSTG,06/07/2023,35.00,35.44,33.80,34.02,61572
PSTG,06/06/2023,34.28,34.99,34.11,34.90,33329
PSTG,06/05/2023,34.25,34.84,33.88,34.41,50527
PSTG,06/02/2023,33.01,34.64,32.71,34.25,114155
PSTG,06/01/2023,31.05,35.42,30.97,34.28,203883
PSTG,05/31/2023,29.06,29.40,28.43,28.79,117757
PSTG,05/30/2023,28.00,29.66,27.98,29.40,142308
PSTG,05/26/2023,25.89,27.74,25.87,27.56,71305
PSTG,05/25/2023,25.31,26.05,25.29,25.89,62568
PSTG,05/24/2023,24.36,24.61,24.20,24.53,23281
PSTG,05/23/2023,24.77,25.10,24.48,24.52,22298
PSTG,05/22/2023,24.35,25.04,24.30,24.84,47265
PSTG,05/19/2023,24.66,24.72,24.00,24.24,36336
PSTG,05/18/2023,24.15,24.91,24.05,24.82,42175
PSTG,05/17/2023,23.87,24.09,23.57,24.05,21656
PSTG,05/16/2023,23.53,23.89,23.53,23.69,32625
PSTG,05/15/2023,23.32,23.65,23.25,23.62,28957
PSTG,05/12/2023,23.01,23.37,22.64,23.24,59385
PSTG,05/11/2023,23.02,23.15,22.76,22.94,47260
PSTG,05/10/2023,23.37,23.46,22.74,23.04,18005
PSTG,05/09/2023,22.66,23.16,22.57,23.11,36391
PSTG,05/08/2023,22.59,22.88,22.43,22.75,22940
PSTG,05/05/2023,22.43,22.82,22.43,22.64,23894
PSTG,05/04/2023,22.22,22.62,22.14,22.22,20679
PSTG,05/03/2023,22.60,22.76,22.22,22.25,30990
PSTG,05/02/2023,22.95,23.15,22.27,22.50,37320
PSTG,05/01/2023,22.91,23.07,22.72,23.04,23827
PSTG,04/28/2023,22.72,22.92,22.55,22.83,21300
PSTG,04/27/2023,22.65,22.84,22.41,22.81,32512
PSTG,04/26/2023,22.32,22.77,22.17,22.65,49149
PSTG,04/25/2023,22.85,22.94,22.24,22.28,59267
PSTG,04/24/2023,23.11,23.34,22.83,22.95,56691
PSTG,04/21/2023,23.62,23.82,23.16,23.28,69149
PSTG,04/20/2023,24.19,24.24,23.79,23.86,62421
PSTG,04/19/2023,25.59,25.65,24.43,24.54,84578
PSTG,04/18/2023,26.11,26.23,25.87,26.05,25983
PSTG,04/17/2023,25.98,26.19,25.82,25.97,27641
PSTG,04/14/2023,26.01,26.52,25.86,26.05,33048
PSTG,04/13/2023,26.03,26.22,25.69,26.13,28895
PSTG,04/12/2023,26.45,26.53,25.64,25.75,39777
PSTG,04/11/2023,26.02,26.43,25.94,26.19,53169
PSTG,04/10/2023,25.49,26.18,25.49,26.04,53536
PSTG,04/06/2023,25.71,25.82,25.18,25.62,47483
PSTG,04/05/2023,25.53,25.54,24.93,25.32,48926
PSTG,04/04/2023,25.64,25.77,25.32,25.68,44031
PSTG,04/03/2023,25.45,25.70,25.19,25.52,30914
PSTG,03/31/2023,24.70,25.52,24.65,25.51,39416
PSTG,03/30/2023,24.88,24.90,24.47,24.75,36778
PSTG,03/29/2023,24.18,24.72,23.99,24.64,39657
PSTG,03/28/2023,23.95,24.03,23.65,23.87,32856
PSTG,03/27/2023,24.05,24.15,23.71,23.98,62935
PSTG,03/24/2023,24.08,24.14,23.53,23.77,33181
PSTG,03/23/2023,24.84,24.94,24.02,24.12,45712
PSTG,03/22/2023,24.96,25.26,24.48,24.50,48366
PSTG,03/21/2023,24.49,25.11,24.34,25.08,69963
PSTG,03/20/2023,24.00,24.40,23.87,24.32,41293
PSTG,03/17/2023,24.07,24.70,23.99,24.05,74198
PSTG,03/16/2023,23.23,24.30,23.13,24.12,58695
PSTG,03/15/2023,23.08,23.72,22.96,23.35,57114
PSTG,03/14/2023,23.47,23.66,23.22,23.46,64932
PSTG,03/13/2023,23.31,23.50,22.94,23.09,55540
PSTG,03/10/2023,23.68,23.89,23.26,23.45,58984
PSTG,03/09/2023,24.63,24.80,23.68,23.77,83676
PSTG,03/08/2023,24.39,24.97,24.25,24.73,45677
PSTG,03/07/2023,24.39,24.93,24.23,24.40,58751
PSTG,03/06/2023,24.63,25.20,24.32,24.46,68113
PSTG,03/03/2023,24.51,24.72,23.96,24.56,107414
PSTG,03/02/2023,25.65,25.85,23.74,24.43,312847
PSTG,03/01/2023,28.81,29.21,28.58,28.79,55167
PSTG,02/28/2023,28.67,28.88,28.47,28.54,55211
PSTG,02/27/2023,28.46,28.71,28.38,28.61,78256
PSTG,02/24/2023,28.92,29.04,27.97,28.09,55064
PSTG,02/23/2023,29.35,29.47,28.49,29.45,65251
PSTG,02/22/2023,29.44,29.58,28.65,29.08,46709
PSTG,02/21/2023,29.87,30.18,29.48,29.49,55909
PSTG,02/17/2023,31.32,31.42,30.38,30.48,46477
PSTG,02/16/2023,31.49,32.02,31.34,31.59,32585
PSTG,02/15/2023,31.33,32.18,31.30,31.96,45491
PSTG,02/14/2023,30.67,31.60,30.55,31.32,52064
PSTG,02/13/2023,30.71,31.01,30.50,30.81,39355
PSTG,02/10/2023,30.71,30.90,30.31,30.55,30476
PSTG,02/09/2023,30.91,31.74,30.80,30.92,51213
PSTG,02/08/2023,30.22,30.81,30.21,30.44,34061
PSTG,02/07/2023,29.31,30.34,29.24,30.25,36362
PSTG,02/06/2023,29.57,29.85,29.29,29.45,37660
PSTG,02/03/2023,29.83,30.45,29.60,29.91,37826
PSTG,02/02/2023,29.91,30.97,29.88,30.27,86134
PSTG,02/01/2023,29.02,29.67,28.69,29.55,42693
PSTG,01/31/2023,28.41,29.11,28.31,28.94,41275
PSTG,01/30/2023,28.09,28.38,27.97,28.32,28171
PSTG,01/27/2023,28.09,28.85,27.97,28.30,54755
PSTG,01/26/2023,28.04,28.28,27.64,28.24,45201
PSTG,01/25/2023,27.19,27.63,26.62,27.61,42710
PSTG,01/24/2023,26.95,27.71,26.90,27.66,54233
PSTG,01/23/2023,26.21,27.22,26.10,27.05,65553
PSTG,01/20/2023,26.10,26.19,25.70,26.01,38820
PSTG,01/19/2023,26.49,26.67,25.58,25.89,57358
PSTG,01/18/2023,27.43,27.63,26.70,26.74,49290
PSTG,01/17/2023,26.41,27.15,26.10,27.14,49577
PSTG,01/13/2023,26.17,26.64,26.09,26.46,41161
PSTG,01/12/2023,26.85,26.85,26.18,26.52,34081
PSTG,01/11/2023,26.52,26.85,26.20,26.57,28595
PSTG,01/10/2023,26.29,26.61,26.27,26.46,33873
PSTG,01/09/2023,26.95,27.27,26.32,26.40,37666
PSTG,01/06/2023,26.38,26.74,26.10,26.67,36439
PSTG,01/05/2023,26.65,26.76,25.77,26.03,38882
PSTG,01/04/2023,27.40,27.41,26.56,26.89,56646
PSTG,01/03/2023,26.99,27.55,26.59,27.15,26737
PSTG,12/30/2022,26.75,26.95,26.36,26.76,20037
PSTG,12/29/2022,26.60,27.14,26.54,27.04,25752
PSTG,12/28/2022,26.35,26.53,26.13,26.28,25390
PSTG,12/27/2022,26.64,26.74,26.41,26.41,22209
PSTG,12/23/2022,26.71,26.81,26.19,26.65,37849
PSTG,12/22/2022,27.41,27.52,26.65,26.96,31003
PSTG,12/21/2022,27.87,27.87,27.24,27.72,56970
PSTG,12/20/2022,27.35,27.88,26.91,27.75,42588
PSTG,12/19/2022,28.50,28.67,27.24,27.52,49972
PSTG,12/16/2022,28.88,29.14,28.38,28.62,53831
PSTG,12/15/2022,30.15,30.21,28.96,29.08,38406
PSTG,12/14/2022,30.18,31.23,30.00,30.65,49097
PSTG,12/13/2022,30.55,30.88,29.88,30.18,50943
PSTG,12/12/2022,29.27,29.82,29.02,29.81,28983
PSTG,12/09/2022,29.00,29.55,28.92,29.14,20130
PSTG,12/08/2022,28.89,29.42,28.67,29.14,32697
PSTG,12/07/2022,28.94,29.18,28.36,28.68,23377
PSTG,12/06/2022,29.38,29.64,28.81,29.02,31558
PSTG,12/05/2022,29.51,30.13,29.23,29.28,28587
PSTG,12/02/2022,30.05,30.08,28.87,29.61,52643
PSTG,12/01/2022,29.09,30.57,28.60,30.25,93133
PSTG,11/30/2022,28.98,29.25,27.33,29.19,105657
PSTG,11/29/2022,29.63,29.93,29.38,29.46,68784
PSTG,11/28/2022,30.25,30.69,29.45,29.54,59665
PSTG,11/25/2022,30.36,30.61,29.80,30.46,11105
PSTG,11/23/2022,30.43,30.92,30.38,30.61,22079
PSTG,11/22/2022,30.39,30.60,29.90,30.48,31916
PSTG,11/21/2022,30.48,30.57,30.06,30.45,22905
PSTG,11/18/2022,30.95,30.95,30.42,30.75,28833
PSTG,11/17/2022,29.90,30.51,29.67,30.49,31825
PSTG,11/16/2022,31.19,31.30,30.32,30.48,39110
PSTG,11/15/2022,31.83,32.45,31.36,31.56,46639
PSTG,11/14/2022,30.74,32.39,30.39,31.07,69906
PSTG,11/11/2022,31.00,31.42,30.44,30.78,33526
PSTG,11/10/2022,31.13,31.47,30.36,30.95,32893
PSTG,11/09/2022,30.25,30.32,29.27,29.66,37780
PSTG,11/08/2022,30.94,31.28,30.48,30.88,25204
PSTG,11/07/2022,30.33,30.83,30.09,30.65,22990
PSTG,11/04/2022,30.99,31.20,29.91,30.34,25760
PSTG,11/03/2022,30.18,30.88,29.77,30.50,26104
PSTG,11/02/2022,31.59,31.91,30.76,30.95,29346
PSTG,11/01/2022,31.40,31.97,31.30,31.70,41941
PSTG,10/31/2022,31.20,31.38,30.62,30.86,33386
PSTG,10/28/2022,29.69,30.80,29.69,30.50,26701
PSTG,10/27/2022,30.56,31.05,29.74,29.83,41543
PSTG,10/26/2022,29.19,29.74,28.90,29.30,28447
PSTG,10/25/2022,28.66,29.72,28.58,29.51,26950
PSTG,10/24/2022,28.82,29.00,28.11,28.63,24132
PSTG,10/21/2022,27.66,28.89,27.54,28.81,39858
PSTG,10/20/2022,27.46,28.12,27.41,27.64,29530
PSTG,10/19/2022,27.55,28.06,27.26,27.46,28705
PSTG,10/18/2022,28.43,28.70,27.52,27.82,24416
PSTG,10/17/2022,26.74,27.83,26.68,27.75,52469
PSTG,10/14/2022,26.95,27.20,26.06,26.30,26588
PSTG,10/13/2022,25.83,26.88,25.50,26.46,35594
PSTG,10/12/2022,27.11,27.17,26.37,26.44,28205
PSTG,10/11/2022,27.16,27.52,26.40,27.04,34360
PSTG,10/10/2022,28.42,28.49,26.87,27.30,32117
PSTG,10/07/2022,28.53,28.79,27.98,28.26,23800
PSTG,10/06/2022,28.98,29.43,28.98,29.15,19205
PSTG,10/05/2022,28.31,29.36,28.26,29.04,30898
PSTG,10/04/2022,28.41,28.87,28.24,28.70,32748
PSTG,10/03/2022,27.61,27.90,27.30,27.71,28366
PSTG,09/30/2022,27.40,28.14,27.36,27.37,27741
PSTG,09/29/2022,27.25,27.51,26.94,27.44,28574
PSTG,09/28/2022,26.76,27.72,26.72,27.66,34891
PSTG,09/27/2022,26.79,27.20,26.57,26.86,34608
PSTG,09/26/2022,26.07,26.51,25.79,26.09,29381
PSTG,09/23/2022,26.15,26.29,25.75,26.26,29182
PSTG,09/22/2022,27.25,27.44,25.98,26.50,82215
PSTG,09/21/2022,28.20,28.52,27.56,27.57,23936
PSTG,09/20/2022,27.93,28.20,27.72,28.01,20501
PSTG,09/19/2022,28.28,28.63,27.87,28.14,30026
PSTG,09/16/2022,28.41,28.75,27.88,28.73,62840
PSTG,09/15/2022,29.33,29.39,28.32,28.71,42318
PSTG,09/14/2022,29.69,29.85,29.36,29.67,25206
PSTG,09/13/2022,30.10,30.38,29.18,29.64,39819
PSTG,09/12/2022,30.65,30.88,30.08,30.81,40147
PSTG,09/09/2022,29.48,30.70,29.46,30.30,57055
PSTG,09/08/2022,29.00,29.53,28.76,29.15,35322
PSTG,09/07/2022,28.73,29.22,28.49,29.22,33846
PSTG,09/06/2022,29.13,29.40,28.12,28.73,35875
PSTG,09/02/2022,28.66,29.76,28.41,29.16,71603
PSTG,09/01/2022,30.00,30.28,27.19,28.23,118482
PSTG,08/31/2022,29.61,29.86,28.89,28.97,51535
PSTG,08/30/2022,29.96,30.17,29.08,29.49,30013
PSTG,08/29/2022,29.94,30.23,29.67,29.77,37168
PSTG,08/26/2022,30.94,31.16,30.11,30.38,32175
PSTG,08/25/2022,30.09,31.08,30.06,31.05,34434
PSTG,08/24/2022,29.76,30.19,29.55,29.72,16024
PSTG,08/23/2022,29.99,30.17,29.45,29.68,29104
PSTG,08/22/2022,30.25,30.32,29.84,29.93,23732
PSTG,08/19/2022,30.94,31.03,30.39,30.69,29509
PSTG,08/18/2022,30.33,31.52,30.23,31.34,49217
PSTG,08/17/2022,30.23,30.38,29.74,30.16,21198
PSTG,08/16/2022,30.28,30.48,30.12,30.25,14885
PSTG,08/15/2022,30.29,30.41,30.03,30.28,19520
PSTG,08/12/2022,30.52,30.65,30.13,30.37,25233
PSTG,08/11/2022,30.56,30.66,29.93,30.21,17724
PSTG,08/10/2022,30.02,30.47,29.90,30.27,27551
PSTG,08/09/2022,29.55,29.66,29.00,29.21,23057
PSTG,08/08/2022,29.59,30.09,29.56,29.86,24234
PSTG,08/05/2022,29.06,29.99,29.04,29.63,20394
PSTG,08/04/2022,29.17,29.53,29.03,29.52,17240
PSTG,08/03/2022,28.83,29.17,28.71,29.09,17138
PSTG,08/02/2022,27.80,28.73,27.77,28.61,24331
PSTG,08/01/2022,28.31,28.83,28.16,28.35,15870
PSTG,07/29/2022,27.87,28.52,27.76,28.35,27101
PSTG,07/28/2022,27.52,28.21,27.32,27.90,22323
PSTG,07/27/2022,27.02,27.79,26.99,27.52,31847
PSTG,07/26/2022,27.12,27.39,26.55,26.73,21815
PSTG,07/25/2022,26.74,27.04,26.25,26.98,22278
PSTG,07/22/2022,27.50,27.99,26.61,26.82,32539
PSTG,07/21/2022,26.89,27.58,26.87,27.56,27077
PSTG,07/20/2022,26.70,27.59,26.58,27.13,39903
PSTG,07/19/2022,26.11,26.62,26.05,26.57,22928
PSTG,07/18/2022,26.04,26.61,25.62,25.83,23635
PSTG,07/15/2022,26.16,26.16,25.40,25.92,17867
PSTG,07/14/2022,25.26,25.81,25.03,25.65,30268
PSTG,07/13/2022,25.04,25.97,24.89,25.51,21330
PSTG,07/12/2022,26.19,26.41,25.31,25.52,22584
PSTG,07/11/2022,26.05,26.23,25.69,26.01,12602
PSTG,07/08/2022,25.76,26.39,25.53,26.28,13439
PSTG,07/07/2022,25.81,26.74,25.75,26.03,24583
PSTG,07/06/2022,25.60,25.76,25.19,25.48,24239
PSTG,07/05/2022,24.43,25.75,24.30,25.68,33037
PSTG,07/01/2022,25.54,25.86,24.23,24.76,32520
PSTG,06/30/2022,25.50,25.88,24.98,25.71,36633
PSTG,06/29/2022,26.25,26.38,25.71,25.92,20759
PSTG,06/28/2022,26.87,27.13,25.75,26.11,30697
PSTG,06/27/2022,27.11,27.33,26.45,26.96,33985
PSTG,06/24/2022,26.98,27.43,26.73,26.95,37968
PSTG,06/23/2022,25.50,26.72,25.42,26.60,50818
PSTG,06/22/2022,25.31,25.67,25.01,25.32,40638
PSTG,06/21/2022,25.88,26.31,25.69,25.69,32220
PSTG,06/17/2022,24.65,25.72,24.64,25.33,58464
PSTG,06/16/2022,24.93,25.34,24.14,24.49,37494
PSTG,06/15/2022,25.17,26.17,25.08,25.68,30897
PSTG,06/14/2022,24.95,25.47,24.80,24.95,31590
PSTG,06/13/2022,25.05,25.48,24.35,24.85,34593
PSTG,06/10/2022,26.30,26.64,25.66,26.07,26525
PSTG,06/09/2022,27.49,27.69,26.57,26.61,26633
PSTG,06/08/2022,27.97,28.06,27.20,27.61,34441
PSTG,06/07/2022,27.51,28.25,27.44,27.90,29579
PSTG,06/06/2022,28.31,28.62,27.29,27.76,36103
PSTG,06/03/2022,27.88,28.27,27.18,27.65,50583
PSTG,06/02/2022,27.20,29.17,26.63,28.37,206462
PSTG,06/01/2022,23.90,25.07,23.52,24.01,80897
PSTG,05/31/2022,24.29,24.51,23.62,23.73,44323
PSTG,05/27/2022,23.59,24.53,23.59,24.38,61866
PSTG,05/26/2022,22.46,23.39,22.21,23.07,46094
PSTG,05/25/2022,22.20,23.38,22.17,23.03,32149
PSTG,05/24/2022,23.27,23.38,21.89,22.33,44358
PSTG,05/23/2022,23.46,23.96,23.22,23.54,33882
PSTG,05/20/2022,24.28,24.54,22.34,23.44,78228
PSTG,05/19/2022,25.27,25.75,24.15,25.17,49715
PSTG,05/18/2022,25.77,26.32,25.19,25.57,30902
PSTG,05/17/2022,26.59,26.74,25.79,26.29,26547
PSTG,05/16/2022,26.25,26.70,25.88,26.02,23076
PSTG,05/13/2022,25.72,26.84,25.72,26.59,37266
PSTG,05/12/2022,24.53,25.99,24.25,25.21,41096
PSTG,05/11/2022,25.83,26.52,24.70,24.75,41896
PSTG,05/10/2022,26.29,26.56,25.31,26.10,32977
PSTG,05/09/2022,26.71,27.10,25.52,25.61,42169
PSTG,05/06/2022,27.40,27.89,26.77,27.38,24699
PSTG,05/05/2022,29.65,29.65,27.47,27.78,41736
PSTG,05/04/2022,29.42,30.04,28.15,30.00,33205
PSTG,05/03/2022,29.73,29.98,28.98,29.22,20060
PSTG,05/02/2022,29.30,29.85,28.67,29.82,30724
PSTG,04/29/2022,30.09,30.81,29.29,29.30,21706
PSTG,04/28/2022,30.21,30.83,29.61,30.58,23215
PSTG,04/27/2022,30.20,30.68,29.67,29.84,34556
PSTG,04/26/2022,30.57,30.75,29.92,30.06,26540
PSTG,04/25/2022,29.33,30.96,29.32,30.77,44311
PSTG,04/22/2022,30.00,30.27,29.34,29.69,37698
PSTG,04/21/2022,31.49,31.81,30.01,30.20,32117
PSTG,04/20/2022,31.18,31.56,30.95,31.16,28678
PSTG,04/19/2022,30.58,31.31,30.45,30.94,20633
PSTG,04/18/2022,30.70,30.83,30.18,30.55,18176
PSTG,04/14/2022,31.31,31.42,30.68,30.73,18464
PSTG,04/13/2022,30.52,31.50,30.48,31.35,30526
PSTG,04/12/2022,31.12,31.56,30.45,30.51,29724
PSTG,04/11/2022,30.83,31.20,30.57,30.70,46546
PSTG,04/08/2022,31.88,32.16,31.11,31.13,28397
PSTG,04/07/2022,32.62,33.02,31.70,32.17,28349
PSTG,04/06/2022,33.00,33.23,32.09,32.43,52983
PSTG,04/05/2022,34.96,35.10,33.46,33.52,52462
PSTG,04/04/2022,35.29,35.99,35.04,35.25,28054
PSTG,04/01/2022,35.37,35.87,34.88,35.12,31893
PSTG,03/31/2022,36.10,36.10,35.31,35.31,27302
PSTG,03/30/2022,36.00,36.49,35.55,35.97,35654
PSTG,03/29/2022,36.20,36.42,35.59,36.00,27147
PSTG,03/28/2022,36.05,36.71,35.49,35.95,31394
PSTG,03/25/2022,36.04,36.44,35.27,35.84,44024
PSTG,03/24/2022,34.87,35.93,34.40,35.73,45814
PSTG,03/23/2022,34.70,34.90,33.97,34.53,50469
PSTG,03/22/2022,35.10,35.71,34.80,35.25,41527
PSTG,03/21/2022,34.58,35.54,34.10,35.07,51734
PSTG,03/18/2022,33.65,34.58,33.58,34.55,44025
PSTG,03/17/2022,31.50,33.85,31.41,33.85,59933
PSTG,03/16/2022,31.48,32.06,30.45,31.68,29792
PSTG,03/15/2022,30.57,31.19,30.51,31.03,17647
PSTG,03/14/2022,31.50,31.99,30.11,30.41,30869
PSTG,03/11/2022,32.37,32.83,31.57,31.67,29191
PSTG,03/10/2022,31.09,32.57,31.01,32.40,52833
PSTG,03/09/2022,29.93,31.84,29.60,31.52,53445
PSTG,03/08/2022,28.55,30.19,28.53,29.17,43917
PSTG,03/07/2022,29.50,30.15,28.44,28.95,49551
PSTG,03/04/2022,29.49,30.26,29.00,29.41,55196
PSTG,03/03/2022,30.40,32.50,29.51,29.89,152184
PSTG,03/02/2022,25.85,26.73,25.71,26.50,60118
PSTG,03/01/2022,25.81,26.04,25.36,25.48,33572
PSTG,02/28/2022,25.70,26.10,25.39,25.94,31718
PSTG,02/25/2022,25.85,26.19,25.34,26.08,29647
PSTG,02/24/2022,24.25,26.15,23.34,26.11,36830
PSTG,02/23/2022,25.70,26.35,25.34,25.35,42331
PSTG,02/22/2022,25.36,26.32,25.36,25.58,23476
PSTG,02/18/2022,26.17,26.46,25.52,25.88,23722
PSTG,02/17/2022,27.05,27.28,26.10,26.16,22272
PSTG,02/16/2022,27.04,27.67,27.04,27.44,18028
PSTG,02/15/2022,26.73,27.37,26.68,27.30,19820
PSTG,02/14/2022,26.62,26.82,26.00,26.18,25124
