PXD,06/23/2023,198.00,198.74,196.74,198.29,2307
PXD,06/22/2023,201.50,202.08,199.48,200.19,16979
PXD,06/21/2023,202.16,205.07,201.08,203.27,14624
PXD,06/20/2023,205.51,206.06,199.60,201.84,23014
PXD,06/16/2023,205.15,207.85,204.04,206.80,41326
PXD,06/15/2023,201.46,205.32,201.30,203.29,20183
PXD,06/14/2023,203.95,205.42,199.76,201.28,23282
PXD,06/13/2023,203.16,207.85,201.83,201.92,22441
PXD,06/12/2023,201.30,204.07,200.13,201.65,21835
PXD,06/09/2023,206.34,207.01,203.76,204.80,17356
PXD,06/08/2023,207.00,208.45,203.38,207.03,14210
PXD,06/07/2023,205.00,209.32,204.32,206.81,22733
PXD,06/06/2023,199.75,203.63,199.28,203.45,17072
PXD,06/05/2023,209.00,209.00,202.81,202.85,16553
PXD,06/02/2023,204.12,207.32,203.00,205.67,19731
PXD,06/01/2023,199.11,203.12,198.00,200.80,16050
PXD,05/31/2023,199.66,202.24,198.71,199.44,28371
PXD,05/30/2023,205.71,207.89,203.11,206.30,21210
PXD,05/26/2023,208.93,209.37,205.50,207.93,14273
PXD,05/25/2023,209.06,209.48,206.00,207.60,17414
PXD,05/24/2023,215.21,216.00,211.15,212.33,16459
PXD,05/23/2023,212.77,216.76,212.55,214.02,22698
PXD,05/22/2023,209.21,213.13,207.96,211.04,18801
PXD,05/19/2023,205.67,210.45,204.96,208.94,20528
PXD,05/18/2023,202.25,204.46,200.69,203.97,17616
PXD,05/17/2023,203.40,205.09,201.56,203.96,16228
PXD,05/16/2023,205.75,206.40,201.10,201.18,15161
PXD,05/15/2023,205.95,208.10,204.61,206.78,15174
PXD,05/12/2023,208.42,209.00,203.52,204.78,16239
PXD,05/11/2023,206.01,207.96,205.50,207.20,14213
PXD,05/10/2023,211.49,212.42,207.85,209.11,14314
PXD,05/09/2023,210.17,214.13,210.11,211.24,11509
PXD,05/08/2023,215.67,216.16,211.81,212.35,15702
PXD,05/05/2023,212.10,215.10,211.72,212.22,18594
PXD,05/04/2023,208.16,209.55,205.67,206.06,18363
PXD,05/03/2023,206.37,211.56,206.05,207.79,20640
PXD,05/02/2023,214.78,215.00,205.84,209.51,30853
PXD,05/01/2023,215.20,219.56,215.00,216.99,16661
PXD,04/28/2023,214.00,220.27,213.26,217.55,25678
PXD,04/27/2023,217.60,219.31,210.65,212.81,55206
PXD,04/26/2023,221.73,223.68,220.29,222.48,17809
PXD,04/25/2023,224.97,225.59,221.46,222.44,14212
PXD,04/24/2023,224.59,228.47,223.69,227.24,12588
PXD,04/21/2023,225.60,225.78,222.42,224.78,14779
PXD,04/20/2023,223.57,225.45,222.80,225.30,18353
PXD,04/19/2023,226.50,227.57,223.85,227.31,15714
PXD,04/18/2023,227.63,228.79,225.87,228.48,16183
PXD,04/17/2023,230.40,232.12,227.76,228.22,17245
PXD,04/14/2023,229.94,231.82,228.80,230.00,17817
PXD,04/13/2023,224.78,229.90,224.78,227.92,25097
PXD,04/12/2023,221.66,227.16,221.50,225.10,30517
PXD,04/11/2023,220.23,221.56,217.80,220.39,33249
PXD,04/10/2023,223.00,225.76,218.56,220.22,72578
PXD,04/06/2023,209.33,209.90,207.67,208.16,16932
PXD,04/05/2023,211.50,212.43,207.72,210.40,22113
PXD,04/04/2023,214.42,214.73,209.36,210.76,21588
PXD,04/03/2023,213.38,217.09,211.19,213.37,37466
PXD,03/31/2023,202.89,204.72,202.14,204.24,18696
PXD,03/30/2023,204.00,204.24,200.54,202.06,20022
PXD,03/29/2023,200.00,202.54,198.15,202.28,23762
PXD,03/28/2023,193.40,197.97,193.40,197.77,15882
PXD,03/27/2023,193.06,196.03,190.56,194.42,20378
PXD,03/24/2023,187.00,193.11,186.01,192.22,21812
PXD,03/23/2023,192.50,194.13,187.02,189.18,20026
PXD,03/22/2023,195.50,196.46,189.70,189.81,15195
PXD,03/21/2023,190.58,195.71,190.51,195.34,31180
PXD,03/20/2023,181.51,187.99,181.51,186.89,27586
PXD,03/17/2023,186.83,188.11,181.01,182.05,53080
PXD,03/16/2023,178.26,186.95,177.27,186.49,37519
PXD,03/15/2023,189.92,191.30,180.38,181.85,51564
PXD,03/14/2023,195.96,199.58,191.83,195.24,32074
PXD,03/13/2023,194.37,199.12,190.27,195.36,53997
PXD,03/10/2023,201.50,204.19,198.22,198.78,25417
PXD,03/09/2023,205.31,207.30,201.56,202.02,28849
PXD,03/08/2023,205.13,209.00,202.41,204.32,26161
PXD,03/07/2023,207.63,208.74,205.45,206.33,17796
PXD,03/06/2023,208.00,210.00,206.58,209.59,22207
PXD,03/03/2023,201.27,210.76,200.77,209.83,32225
PXD,03/02/2023,205.07,210.68,205.00,209.80,33596
PXD,03/01/2023,200.88,205.69,200.41,205.43,35161
PXD,02/28/2023,203.42,204.00,200.17,200.41,34609
PXD,02/27/2023,203.00,203.59,198.74,201.97,51236
PXD,02/24/2023,202.59,203.61,190.99,196.57,78958
PXD,02/23/2023,210.00,211.25,201.31,205.06,46640
PXD,02/22/2023,206.00,207.41,202.85,205.27,23766
PXD,02/21/2023,208.97,209.25,204.73,205.94,28788
PXD,02/17/2023,214.01,214.88,206.45,208.96,55434
PXD,02/16/2023,220.11,222.09,216.22,216.37,30869
PXD,02/15/2023,231.74,232.00,220.58,220.90,39964
PXD,02/14/2023,230.00,234.50,229.19,233.72,12980
PXD,02/13/2023,230.24,233.58,228.61,232.45,13376
PXD,02/10/2023,225.06,231.88,224.50,231.39,23927
PXD,02/09/2023,225.05,225.37,220.80,221.32,15877
PXD,02/08/2023,226.58,229.55,223.43,223.88,20019
PXD,02/07/2023,220.01,226.20,217.40,226.07,20644
PXD,02/06/2023,220.50,221.70,216.59,218.40,22502
PXD,02/03/2023,220.00,224.53,219.83,220.00,24691
PXD,02/02/2023,222.82,224.70,218.25,220.00,28831
PXD,02/01/2023,228.35,229.68,220.68,223.96,23132
PXD,01/31/2023,229.74,232.07,228.26,230.35,13552
PXD,01/30/2023,231.15,232.71,229.12,229.83,18021
PXD,01/27/2023,237.36,239.22,233.95,234.39,17776
PXD,01/26/2023,239.46,239.80,232.85,237.00,21861
PXD,01/25/2023,235.53,236.34,228.41,236.22,17572
PXD,01/24/2023,240.51,242.85,236.66,237.74,11726
PXD,01/23/2023,241.89,243.36,240.25,241.45,11844
PXD,01/20/2023,239.42,239.92,236.15,239.40,16075
PXD,01/19/2023,232.00,239.18,229.71,238.38,16369
PXD,01/18/2023,242.03,243.11,233.65,233.97,16288
PXD,01/17/2023,240.00,243.73,237.53,237.90,14344
PXD,01/13/2023,239.28,240.00,234.95,238.99,11456
PXD,01/12/2023,233.04,240.26,233.04,239.18,15966
PXD,01/11/2023,234.59,234.59,228.40,231.60,11799
PXD,01/10/2023,231.96,232.45,228.61,231.16,13011
PXD,01/09/2023,236.50,237.15,228.41,230.16,17808
PXD,01/06/2023,231.00,235.33,230.47,233.46,18168
PXD,01/05/2023,222.68,228.21,222.40,227.13,12130
PXD,01/04/2023,216.88,225.14,216.53,223.05,18120
PXD,01/03/2023,225.37,228.87,217.25,220.25,27510
PXD,12/30/2022,226.44,228.81,225.52,228.39,9479
PXD,12/29/2022,222.50,228.42,222.25,226.68,11646
PXD,12/28/2022,230.73,231.79,223.85,224.39,12711
PXD,12/27/2022,230.78,233.19,229.48,231.53,15200
PXD,12/23/2022,223.01,229.19,222.00,229.11,15582
PXD,12/22/2022,226.00,226.40,216.37,220.15,21281
PXD,12/21/2022,225.00,226.39,221.40,225.56,16080
PXD,12/20/2022,218.00,221.60,217.27,219.65,16977
PXD,12/19/2022,219.81,222.47,216.91,218.07,20176
PXD,12/16/2022,218.92,220.99,215.08,218.92,34962
PXD,12/15/2022,222.88,225.00,218.78,224.61,21915
PXD,12/14/2022,227.10,228.84,222.46,225.12,18883
PXD,12/13/2022,224.23,227.00,223.09,224.82,23942
PXD,12/12/2022,214.89,219.38,213.54,218.96,28207
PXD,12/09/2022,220.04,222.68,213.90,214.00,26429
PXD,12/08/2022,233.23,234.07,220.37,221.28,24933
PXD,12/07/2022,227.00,229.67,224.88,229.38,23521
PXD,12/06/2022,228.00,232.02,223.41,226.14,25237
PXD,12/05/2022,244.04,245.02,228.40,230.37,20215
PXD,12/02/2022,238.35,242.68,238.35,239.41,16496
PXD,12/01/2022,238.91,242.85,236.89,239.07,20553
PXD,11/30/2022,242.95,244.06,233.21,235.99,52039
PXD,11/29/2022,242.50,243.83,239.70,240.78,17572
PXD,11/28/2022,248.63,249.69,244.61,245.21,31964
PXD,11/25/2022,255.40,258.06,253.28,254.14,10781
PXD,11/23/2022,247.02,254.48,246.19,254.37,19111
PXD,11/22/2022,247.53,251.95,245.45,251.08,22948
PXD,11/21/2022,244.00,246.21,235.12,244.51,28388
PXD,11/18/2022,250.75,251.12,246.14,249.94,23947
PXD,11/17/2022,250.82,256.92,247.86,256.56,15845
PXD,11/16/2022,259.82,261.84,253.96,254.11,21713
PXD,11/15/2022,257.99,262.42,255.44,262.39,19883
PXD,11/14/2022,254.68,261.21,254.31,255.44,17403
PXD,11/11/2022,252.01,255.93,248.02,255.63,22222
PXD,11/10/2022,248.00,248.38,243.00,245.45,21008
PXD,11/09/2022,254.56,255.67,241.61,241.74,28396
PXD,11/08/2022,256.99,260.12,254.60,259.25,15274
PXD,11/07/2022,257.07,258.21,254.50,257.91,17620
PXD,11/04/2022,260.99,264.50,253.82,255.06,21995
PXD,11/03/2022,250.82,257.73,249.55,255.64,27828
PXD,11/02/2022,252.52,260.09,249.05,252.92,21592
PXD,11/01/2022,261.00,261.68,252.46,252.93,24400
PXD,10/31/2022,255.00,261.71,254.00,256.41,24088
PXD,10/28/2022,272.03,274.70,256.73,257.31,35255
PXD,10/27/2022,269.81,273.14,265.04,265.84,22295
PXD,10/26/2022,266.28,270.40,264.06,265.49,24631
PXD,10/25/2022,267.36,268.34,262.60,264.83,20681
PXD,10/24/2022,265.35,270.68,264.71,268.62,22648
PXD,10/21/2022,256.24,264.75,255.03,264.35,25276
PXD,10/20/2022,251.41,257.12,250.04,254.02,20821
PXD,10/19/2022,243.36,250.75,242.84,250.55,15624
PXD,10/18/2022,247.39,248.29,241.28,244.54,13624
PXD,10/17/2022,243.26,246.74,242.20,244.05,14498
PXD,10/14/2022,250.45,253.52,238.70,239.89,26806
PXD,10/13/2022,243.40,254.87,243.02,253.45,17267
PXD,10/12/2022,242.50,249.81,240.74,246.89,19675
PXD,10/11/2022,244.07,248.35,240.72,246.13,21031
PXD,10/10/2022,256.00,260.05,247.11,249.60,20545
PXD,10/07/2022,257.72,261.88,255.40,256.88,30344
PXD,10/06/2022,249.00,257.25,248.50,256.70,27659
PXD,10/05/2022,244.84,253.56,240.38,251.18,29908
PXD,10/04/2022,235.33,243.56,233.69,243.41,28073
PXD,10/03/2022,226.42,232.56,225.91,231.44,29123
PXD,09/30/2022,214.04,219.77,211.87,216.53,25301
PXD,09/29/2022,212.50,216.72,207.51,216.50,23617
PXD,09/28/2022,208.60,215.67,207.26,215.14,26984
PXD,09/27/2022,209.68,211.96,205.72,206.78,24213
PXD,09/26/2022,207.55,210.45,205.01,205.41,36094
PXD,09/23/2022,217.10,217.74,207.57,208.99,34987
PXD,09/22/2022,232.39,233.25,226.52,226.65,16720
PXD,09/21/2022,235.32,236.93,227.99,228.00,17001
PXD,09/20/2022,234.46,235.06,228.35,231.74,19388
PXD,09/19/2022,231.63,237.93,231.49,234.85,20782
PXD,09/16/2022,244.04,244.04,234.47,239.50,74200
PXD,09/15/2022,245.79,248.03,243.10,244.28,21118
PXD,09/14/2022,245.52,255.43,244.38,251.70,25938
PXD,09/13/2022,246.19,251.60,240.76,242.00,23246
PXD,09/12/2022,243.00,249.10,242.14,248.68,24544
PXD,09/09/2022,238.27,241.11,236.93,239.62,16776
PXD,09/08/2022,235.71,236.96,232.53,234.02,16363
PXD,09/07/2022,232.83,237.14,231.00,234.54,23096
PXD,09/06/2022,242.32,243.87,236.40,238.99,22501
PXD,09/02/2022,245.29,246.71,240.32,241.76,23162
PXD,09/01/2022,248.75,249.86,244.39,247.80,34062
PXD,08/31/2022,249.29,256.96,247.60,253.22,23439
PXD,08/30/2022,257.96,258.94,251.16,254.71,24526
PXD,08/29/2022,256.30,265.87,255.09,262.50,22035
PXD,08/26/2022,260.00,263.09,255.64,257.38,22530
PXD,08/25/2022,259.00,261.60,256.38,259.89,17634
PXD,08/24/2022,251.30,257.67,250.20,256.82,24367
PXD,08/23/2022,247.83,254.28,245.91,251.77,24292
PXD,08/22/2022,240.00,244.29,235.36,243.45,21069
PXD,08/19/2022,241.00,244.99,240.25,242.00,21366
PXD,08/18/2022,236.20,242.21,236.05,241.81,21817
PXD,08/17/2022,229.35,235.88,228.26,232.50,16040
PXD,08/16/2022,231.20,233.48,224.93,229.12,16453
PXD,08/15/2022,225.66,230.58,222.32,229.94,20433
PXD,08/12/2022,227.38,233.00,226.22,232.95,16433
PXD,08/11/2022,223.14,231.03,223.01,228.48,22320
PXD,08/10/2022,217.80,220.25,213.66,217.80,21845
PXD,08/09/2022,221.68,224.14,217.37,218.19,20524
PXD,08/08/2022,216.77,220.50,215.89,217.14,22183
PXD,08/05/2022,210.14,220.66,209.50,217.15,34263
PXD,08/04/2022,219.88,221.03,212.57,212.86,38079
PXD,08/03/2022,227.96,232.21,219.47,220.68,35138
PXD,08/02/2022,228.47,231.00,226.28,227.91,14474
PXD,08/01/2022,233.49,233.64,225.82,228.10,24250
PXD,07/29/2022,232.60,237.56,230.55,236.95,20105
PXD,07/28/2022,228.82,230.91,223.38,228.67,14380
PXD,07/27/2022,220.83,227.25,218.60,226.54,19574
PXD,07/26/2022,224.58,226.70,216.66,218.58,22997
PXD,07/25/2022,213.90,222.21,211.25,221.57,21198
PXD,07/22/2022,212.31,215.49,208.65,209.80,19640
PXD,07/21/2022,210.59,213.45,206.77,213.28,15554
PXD,07/20/2022,211.72,217.78,210.34,216.81,17445
PXD,07/19/2022,208.57,215.00,208.12,214.47,25945
PXD,07/18/2022,214.02,216.00,209.77,211.00,20486
PXD,07/15/2022,210.68,211.15,205.92,208.45,17858
PXD,07/14/2022,204.00,207.43,200.09,205.44,23731
PXD,07/13/2022,209.24,216.86,209.01,210.83,15726
PXD,07/12/2022,207.90,211.58,205.13,210.34,18251
PXD,07/11/2022,213.92,217.49,211.00,213.61,15445
PXD,07/08/2022,219.08,220.49,212.73,217.50,18187
PXD,07/07/2022,218.53,222.57,216.27,216.67,23730
PXD,07/06/2022,211.50,215.51,203.83,210.93,40687
PXD,07/05/2022,219.70,220.55,210.91,215.14,35833
PXD,07/01/2022,225.01,226.51,217.06,223.94,24473
PXD,06/30/2022,222.00,227.46,219.39,223.08,21845
PXD,06/29/2022,239.24,240.82,225.62,226.18,19018
PXD,06/28/2022,236.75,238.54,231.18,235.33,27729
PXD,06/27/2022,227.71,232.78,226.19,230.17,23340
PXD,06/24/2022,227.51,228.36,222.64,223.48,64334
PXD,06/23/2022,231.75,232.50,221.17,223.67,42030
PXD,06/22/2022,222.70,233.27,222.60,228.81,46820
PXD,06/21/2022,232.65,238.00,229.72,237.55,40100
PXD,06/17/2022,239.62,240.68,220.24,221.77,93417
PXD,06/16/2022,252.10,253.99,237.97,241.50,54049
PXD,06/15/2022,263.22,264.22,253.25,258.21,34689
PXD,06/14/2022,266.54,272.90,260.44,264.55,29970
PXD,06/13/2022,263.00,266.92,253.30,261.37,34823
PXD,06/10/2022,274.86,278.40,266.80,270.87,28697
PXD,06/09/2022,281.74,283.00,276.65,276.78,17596
PXD,06/08/2022,286.49,287.56,282.31,283.89,18203
PXD,06/07/2022,277.50,285.38,277.33,285.28,25021
PXD,06/06/2022,283.16,283.18,277.95,278.74,21150
PXD,06/03/2022,275.30,280.38,274.19,279.47,20837
PXD,06/02/2022,273.62,278.81,271.78,275.29,22115
PXD,06/01/2022,281.15,283.68,274.55,277.82,23624
PXD,05/31/2022,284.60,288.46,276.86,277.94,40296
PXD,05/27/2022,271.28,280.40,269.47,280.00,25186
PXD,05/26/2022,278.68,282.10,276.23,279.99,26868
PXD,05/25/2022,273.00,278.72,272.10,277.86,17441
PXD,05/24/2022,269.36,273.35,264.18,271.25,18309
PXD,05/23/2022,270.00,273.64,266.03,272.00,18070
PXD,05/20/2022,267.77,271.50,261.64,266.48,16558
PXD,05/19/2022,263.70,270.20,256.90,265.42,31204
PXD,05/18/2022,279.00,279.98,266.33,271.08,24776
PXD,05/17/2022,273.25,278.59,271.50,276.53,20445
PXD,05/16/2022,264.23,271.01,264.22,268.78,18821
PXD,05/13/2022,256.77,263.18,256.77,261.89,23568
PXD,05/12/2022,248.49,252.34,241.95,252.00,21937
PXD,05/11/2022,253.75,261.37,249.24,249.73,22769
PXD,05/10/2022,248.83,257.90,244.77,250.54,28796
PXD,05/09/2022,264.16,265.81,243.64,244.39,35471
PXD,05/06/2022,264.37,272.47,259.92,270.18,42365
PXD,05/05/2022,257.88,259.86,249.73,256.48,30821
PXD,05/04/2022,249.27,253.56,242.74,252.78,22450
PXD,05/03/2022,236.62,244.01,235.65,243.70,19939
PXD,05/02/2022,228.99,236.00,228.04,235.84,21420
PXD,04/29/2022,234.99,238.55,229.51,232.47,22049
PXD,04/28/2022,233.09,237.50,226.37,234.98,19821
PXD,04/27/2022,230.38,233.75,223.45,231.63,16620
PXD,04/26/2022,232.00,235.54,228.49,228.69,17000
PXD,04/25/2022,228.38,231.58,219.70,231.14,33659
PXD,04/22/2022,242.00,245.86,235.98,236.24,16908
PXD,04/21/2022,254.99,255.35,242.58,243.00,17255
PXD,04/20/2022,252.51,254.03,248.92,253.34,19438
PXD,04/19/2022,256.39,256.39,248.67,250.82,16345
PXD,04/18/2022,256.13,258.80,252.61,256.67,15186
PXD,04/14/2022,255.05,257.07,254.18,254.75,15372
PXD,04/13/2022,256.83,257.49,252.22,255.42,21158
PXD,04/12/2022,252.57,257.65,251.96,252.53,16750
PXD,04/11/2022,252.66,252.66,245.10,246.49,15210
PXD,04/08/2022,245.63,254.96,245.63,254.11,20176
PXD,04/07/2022,243.36,244.83,237.37,244.39,19407
PXD,04/06/2022,247.87,249.50,240.06,241.98,18330
PXD,04/05/2022,252.79,255.78,244.23,244.48,11271
PXD,04/04/2022,253.15,255.03,250.02,252.75,11739
PXD,04/01/2022,250.00,254.60,249.84,253.15,12547
PXD,03/31/2022,254.81,259.50,249.86,250.03,19902
PXD,03/30/2022,256.88,260.00,254.64,257.93,18979
PXD,03/29/2022,246.49,253.63,244.64,253.41,18163
PXD,03/28/2022,251.45,253.13,249.27,253.00,19950
PXD,03/25/2022,250.26,257.31,250.17,256.71,19733
PXD,03/24/2022,255.30,255.87,249.82,251.26,28090
PXD,03/23/2022,255.00,257.25,254.11,254.82,25198
PXD,03/22/2022,251.34,252.47,246.75,251.32,27285
PXD,03/21/2022,244.53,251.41,244.04,251.18,30691
PXD,03/18/2022,242.06,244.36,239.30,239.86,47974
PXD,03/17/2022,233.00,242.27,233.00,241.39,25919
PXD,03/16/2022,227.56,231.53,226.53,230.31,28024
PXD,03/15/2022,220.51,229.25,218.60,227.79,29633
PXD,03/14/2022,231.33,233.06,221.70,229.34,26782
PXD,03/11/2022,234.56,238.16,232.06,232.49,22458
PXD,03/10/2022,235.86,238.58,229.97,237.75,30549
PXD,03/09/2022,232.97,233.97,223.75,230.40,42480
PXD,03/08/2022,241.06,243.48,223.30,237.37,50429
PXD,03/07/2022,242.44,246.49,233.86,236.63,39089
PXD,03/04/2022,238.71,241.71,235.82,241.16,34995
PXD,03/03/2022,239.96,243.23,236.13,238.08,26969
PXD,03/02/2022,243.50,245.71,240.65,242.25,29856
PXD,03/01/2022,238.22,242.19,237.04,240.47,38207
PXD,02/28/2022,229.83,240.03,228.20,239.60,40475
PXD,02/25/2022,222.89,231.73,222.00,229.28,26157
PXD,02/24/2022,230.90,231.99,218.24,225.90,35550
PXD,02/23/2022,225.37,229.99,224.09,225.27,23317
PXD,02/22/2022,240.00,240.97,218.65,223.20,35374
PXD,02/18/2022,226.78,237.56,226.60,233.38,35839
PXD,02/17/2022,224.35,230.69,220.74,230.13,41358
PXD,02/16/2022,221.00,226.10,220.53,222.48,22617
PXD,02/15/2022,217.12,219.86,211.62,219.18,29823
PXD,02/14/2022,230.14,230.15,220.43,224.05,27423
