RACE,06/23/2023,306.16,308.28,305.88,308.10,1088
RACE,06/22/2023,306.46,308.94,306.00,307.29,2680
RACE,06/21/2023,307.11,309.12,305.54,308.30,4002
RACE,06/20/2023,306.70,308.06,305.29,306.16,3557
RACE,06/16/2023,308.71,309.29,306.62,308.02,2949
RACE,06/15/2023,305.30,306.73,303.66,306.11,6574
RACE,06/14/2023,304.72,305.22,300.72,302.79,4181
RACE,06/13/2023,301.27,302.56,299.94,300.11,3593
RACE,06/12/2023,300.54,301.84,299.10,300.58,2750
RACE,06/09/2023,297.40,298.90,296.62,297.80,2630
RACE,06/08/2023,296.60,299.01,296.60,298.24,2835
RACE,06/07/2023,295.66,298.14,294.11,294.53,2899
RACE,06/06/2023,296.93,297.83,295.92,297.12,2818
RACE,06/05/2023,298.19,298.19,295.88,296.43,1816
RACE,06/02/2023,298.30,300.29,297.58,298.60,3643
RACE,06/01/2023,288.87,293.19,288.12,293.09,2664
RACE,05/31/2023,288.18,288.43,283.20,286.67,4805
RACE,05/30/2023,292.18,292.18,287.23,287.36,3968
RACE,05/26/2023,288.36,291.58,288.18,290.76,2218
RACE,05/25/2023,286.62,287.44,285.31,286.60,1934
RACE,05/24/2023,286.26,287.46,283.97,286.96,4446
RACE,05/23/2023,292.76,292.76,288.36,289.90,4997
RACE,05/22/2023,298.40,302.86,298.40,301.53,2368
RACE,05/19/2023,298.48,299.22,297.15,298.24,3545
RACE,05/18/2023,295.82,296.28,293.60,295.16,3305
RACE,05/17/2023,294.32,294.42,292.81,293.33,2461
RACE,05/16/2023,295.07,295.74,292.41,292.60,2566
RACE,05/15/2023,295.80,296.28,292.59,293.00,2500
RACE,05/12/2023,296.87,297.06,294.26,296.27,3936
RACE,05/11/2023,294.35,294.65,292.62,293.61,3007
RACE,05/10/2023,294.20,295.09,290.71,292.18,4345
RACE,05/09/2023,295.26,296.55,294.07,294.19,3786
RACE,05/08/2023,297.74,297.82,295.66,296.97,2675
RACE,05/05/2023,294.80,297.74,294.60,296.81,4521
RACE,05/04/2023,290.26,293.64,288.74,291.79,9290
RACE,05/03/2023,278.79,281.51,277.46,277.64,3114
RACE,05/02/2023,274.50,276.32,273.39,275.78,2910
RACE,05/01/2023,279.58,280.22,278.66,279.14,1512
RACE,04/28/2023,275.26,278.97,274.62,278.64,3631
RACE,04/27/2023,276.38,278.87,275.30,278.24,2880
RACE,04/26/2023,278.22,279.24,274.63,275.41,3249
RACE,04/25/2023,279.96,280.18,277.14,277.21,2497
RACE,04/24/2023,278.84,280.64,278.84,280.19,3157
RACE,04/21/2023,276.81,278.78,274.78,278.03,3242
RACE,04/20/2023,273.20,276.66,272.70,276.00,4286
RACE,04/19/2023,279.96,280.19,278.22,278.63,1970
RACE,04/18/2023,280.15,281.64,278.93,280.60,3092
RACE,04/17/2023,280.87,281.40,277.92,281.04,3375
RACE,04/14/2023,285.00,286.61,284.35,285.53,4619
RACE,04/13/2023,283.00,284.86,279.72,282.94,6745
RACE,04/12/2023,277.38,278.20,275.94,276.63,2941
RACE,04/11/2023,274.41,275.63,273.50,274.22,2274
RACE,04/10/2023,270.08,273.30,270.08,272.99,2023
RACE,04/06/2023,269.50,273.72,269.50,271.94,4026
RACE,04/05/2023,274.99,275.28,269.50,270.55,3648
RACE,04/04/2023,273.38,273.66,270.21,270.83,1944
RACE,04/03/2023,270.20,271.52,268.80,270.94,1844
RACE,03/31/2023,270.72,272.11,270.19,270.94,2372
RACE,03/30/2023,269.28,270.00,267.80,268.90,2513
RACE,03/29/2023,269.79,270.24,267.96,268.87,1860
RACE,03/28/2023,266.81,266.95,264.90,266.31,2005
RACE,03/27/2023,268.20,268.63,265.45,266.17,2370
RACE,03/24/2023,264.23,265.72,261.26,265.37,3263
RACE,03/23/2023,269.04,270.72,264.22,266.12,3271
RACE,03/22/2023,269.06,271.00,265.17,265.17,2840
RACE,03/21/2023,265.70,267.30,265.22,266.64,2618
RACE,03/20/2023,262.13,263.74,260.64,262.48,2621
RACE,03/17/2023,258.34,260.36,256.98,259.20,3544
RACE,03/16/2023,256.32,265.31,256.32,264.36,4132
RACE,03/15/2023,254.29,257.00,252.17,256.29,4058
RACE,03/14/2023,262.56,263.79,260.58,262.90,4198
RACE,03/13/2023,258.20,261.65,257.82,260.06,3104
RACE,03/10/2023,265.77,265.77,259.35,261.23,4754
RACE,03/09/2023,268.15,268.77,263.13,264.68,2418
RACE,03/08/2023,268.57,270.76,267.33,269.66,1649
RACE,03/07/2023,273.38,274.08,268.14,268.67,2689
RACE,03/06/2023,273.50,273.84,269.93,270.36,7520
RACE,03/03/2023,271.90,273.15,270.54,271.45,4947
RACE,03/02/2023,261.50,265.05,261.50,264.58,2035
RACE,03/01/2023,265.60,265.80,262.14,262.72,2033
RACE,02/28/2023,259.72,262.09,258.89,260.37,3516
RACE,02/27/2023,260.88,262.60,260.52,261.36,1956
RACE,02/24/2023,257.70,260.02,257.08,259.11,2461
RACE,02/23/2023,263.96,264.62,261.26,262.15,1830
RACE,02/22/2023,261.81,262.29,259.57,260.60,2869
RACE,02/21/2023,263.49,263.62,261.78,262.80,3318
RACE,02/17/2023,264.89,267.59,264.36,266.88,2518
RACE,02/16/2023,265.31,268.71,264.14,265.88,2174
RACE,02/15/2023,263.99,267.31,263.99,267.23,2826
RACE,02/14/2023,261.25,266.20,260.98,265.61,1981
RACE,02/13/2023,261.61,264.90,261.16,263.44,2319
RACE,02/10/2023,258.30,260.13,256.92,259.68,5645
RACE,02/09/2023,269.58,270.12,265.07,266.31,3066
RACE,02/08/2023,266.46,267.84,265.15,266.56,4451
RACE,02/07/2023,262.51,267.25,262.28,266.91,4646
RACE,02/06/2023,260.40,263.01,258.96,261.31,3952
RACE,02/03/2023,260.45,264.00,259.70,260.04,7762
RACE,02/02/2023,265.20,270.35,262.61,265.48,11913
RACE,02/01/2023,249.81,256.46,249.23,253.32,7855
RACE,01/31/2023,246.60,251.59,246.51,251.31,7085
RACE,01/30/2023,253.75,255.06,250.60,251.25,4807
RACE,01/27/2023,248.82,256.08,248.82,253.72,8022
RACE,01/26/2023,246.76,248.50,246.30,247.77,3623
RACE,01/25/2023,242.76,245.78,242.36,245.58,2750
RACE,01/24/2023,242.70,244.44,241.81,244.04,2836
RACE,01/23/2023,241.95,245.28,241.66,243.64,3726
RACE,01/20/2023,240.20,242.50,239.52,242.38,3110
RACE,01/19/2023,239.45,240.00,236.67,237.99,6050
RACE,01/18/2023,241.94,242.64,239.71,239.71,5659
RACE,01/17/2023,237.36,239.80,237.36,237.86,3401
RACE,01/13/2023,234.62,236.45,234.61,235.92,1863
RACE,01/12/2023,234.12,237.10,232.67,235.84,3298
RACE,01/11/2023,232.96,234.88,232.44,233.71,3323
RACE,01/10/2023,230.10,232.13,229.26,231.95,2976
RACE,01/09/2023,230.00,232.75,228.77,228.77,5640
RACE,01/06/2023,216.84,224.81,216.20,224.08,2128
RACE,01/05/2023,217.25,218.45,215.77,216.08,2058
RACE,01/04/2023,219.20,219.67,216.61,219.67,3541
RACE,01/03/2023,216.66,218.76,213.97,215.37,3164
RACE,12/30/2022,215.54,216.29,212.81,214.22,1411
RACE,12/29/2022,213.79,216.93,213.70,216.59,1892
RACE,12/28/2022,212.00,213.24,210.04,210.25,1498
RACE,12/27/2022,211.24,212.97,210.30,212.00,1902
RACE,12/23/2022,210.80,212.31,209.88,211.01,2219
RACE,12/22/2022,213.20,213.36,210.35,212.56,1806
RACE,12/21/2022,213.78,215.02,213.54,213.90,3350
RACE,12/20/2022,213.45,214.98,213.21,214.09,2087
RACE,12/19/2022,218.38,218.38,216.08,216.13,1926
RACE,12/16/2022,221.05,222.33,218.11,218.11,1558
RACE,12/15/2022,224.03,224.58,221.16,222.40,2214
RACE,12/14/2022,225.92,227.32,224.11,225.18,2053
RACE,12/13/2022,229.22,230.17,222.93,225.49,3432
RACE,12/12/2022,222.29,222.77,221.00,222.53,1469
RACE,12/09/2022,219.98,221.54,219.42,220.72,1501
RACE,12/08/2022,219.63,220.69,218.70,220.33,2287
RACE,12/07/2022,220.99,222.72,219.77,220.08,1948
RACE,12/06/2022,223.49,223.83,218.95,221.10,3010
RACE,12/05/2022,226.70,227.04,223.68,223.68,3722
RACE,12/02/2022,224.64,226.68,223.41,226.58,3537
RACE,12/01/2022,226.18,228.40,224.94,228.08,2990
RACE,11/30/2022,219.65,223.05,218.08,223.05,2825
RACE,11/29/2022,215.55,217.12,215.08,215.22,2234
RACE,11/28/2022,218.97,219.89,215.83,215.95,2035
RACE,11/25/2022,217.58,218.90,217.56,218.14,702
RACE,11/23/2022,216.61,218.50,216.45,217.59,2132
RACE,11/22/2022,214.91,217.02,214.49,216.36,1622
RACE,11/21/2022,214.86,216.00,213.94,214.12,1817
RACE,11/18/2022,214.43,216.43,213.60,216.33,1435
RACE,11/17/2022,211.10,213.80,210.95,213.55,3478
RACE,11/16/2022,214.40,215.16,213.30,213.94,1941
RACE,11/15/2022,215.94,216.89,212.58,215.44,2898
RACE,11/14/2022,215.90,216.59,212.76,212.76,3405
RACE,11/11/2022,215.00,218.54,214.41,216.86,4396
RACE,11/10/2022,211.88,214.23,210.82,212.80,4457
RACE,11/09/2022,202.24,205.12,201.25,201.49,2613
RACE,11/08/2022,202.18,206.36,201.96,204.30,3858
RACE,11/07/2022,200.42,201.00,198.65,199.89,2986
RACE,11/04/2022,201.26,203.00,197.22,199.20,5653
RACE,11/03/2022,189.16,193.78,188.93,192.52,5280
RACE,11/02/2022,192.90,197.63,190.29,191.59,5949
RACE,11/01/2022,200.86,201.72,195.60,196.96,2990
RACE,10/31/2022,196.74,198.10,195.27,196.77,2778
RACE,10/28/2022,196.62,199.17,195.82,198.65,3566
RACE,10/27/2022,198.76,199.21,196.08,196.29,2610
RACE,10/26/2022,195.66,199.44,195.36,197.18,2515
RACE,10/25/2022,194.14,198.89,194.07,196.51,3523
RACE,10/24/2022,189.50,192.78,189.41,191.73,3994
RACE,10/21/2022,184.90,188.69,184.15,188.37,2858
RACE,10/20/2022,187.57,189.67,185.57,186.66,2604
RACE,10/19/2022,189.12,189.71,186.10,187.57,1790
RACE,10/18/2022,192.74,193.48,189.89,191.02,2641
RACE,10/17/2022,185.90,189.09,185.90,188.59,3084
RACE,10/14/2022,185.25,186.27,180.57,180.63,3873
RACE,10/13/2022,178.00,184.00,176.82,183.45,4571
RACE,10/12/2022,183.00,184.31,182.00,182.50,3194
RACE,10/11/2022,183.35,186.00,182.00,183.15,3212
RACE,10/10/2022,184.58,184.85,181.02,182.11,4935
RACE,10/07/2022,187.44,187.57,184.70,185.00,3403
RACE,10/06/2022,190.74,192.24,189.21,190.88,3325
RACE,10/05/2022,189.41,194.65,187.43,193.52,3612
RACE,10/04/2022,192.53,196.05,192.53,193.78,5094
RACE,10/03/2022,183.86,187.76,182.79,186.70,4126
RACE,09/30/2022,184.85,188.23,184.57,185.00,2816
RACE,09/29/2022,185.64,186.91,183.15,186.42,4446
RACE,09/28/2022,187.18,191.79,185.42,191.23,4276
RACE,09/27/2022,190.20,191.12,186.53,189.19,4137
RACE,09/26/2022,187.28,190.31,185.74,186.43,2751
RACE,09/23/2022,186.55,186.63,183.63,186.25,5752
RACE,09/22/2022,191.34,191.58,187.85,189.13,5268
RACE,09/21/2022,192.78,196.74,192.10,192.48,4212
RACE,09/20/2022,194.70,194.96,191.98,194.00,5785
RACE,09/19/2022,194.71,198.53,194.71,198.44,1832
RACE,09/16/2022,196.38,197.44,195.24,196.90,3555
RACE,09/15/2022,198.44,201.36,196.47,196.64,2897
RACE,09/14/2022,198.80,201.08,197.98,199.62,4374
RACE,09/13/2022,197.72,198.43,195.03,195.52,3392
RACE,09/12/2022,200.48,202.81,200.48,201.97,3211
RACE,09/09/2022,197.18,197.82,195.57,195.80,2664
RACE,09/08/2022,190.30,194.00,189.30,193.71,2458
RACE,09/07/2022,192.24,195.42,191.88,195.27,1565
RACE,09/06/2022,188.71,191.12,187.17,190.35,4446
RACE,09/02/2022,196.02,198.17,190.39,191.18,3347
RACE,09/01/2022,192.50,194.05,190.08,193.85,3086
RACE,08/31/2022,195.64,196.32,193.80,194.66,3230
RACE,08/30/2022,199.35,199.98,194.55,195.43,3758
RACE,08/29/2022,198.37,200.16,198.08,198.99,2713
RACE,08/26/2022,204.50,205.41,197.75,197.79,2790
RACE,08/25/2022,204.56,207.09,203.95,206.92,2019
RACE,08/24/2022,201.48,205.21,201.24,203.60,1735
RACE,08/23/2022,201.48,204.53,201.48,201.90,2114
RACE,08/22/2022,202.50,203.58,199.70,200.56,4710
RACE,08/19/2022,208.74,208.86,205.57,207.04,2201
RACE,08/18/2022,211.08,212.38,209.53,212.37,2527
RACE,08/17/2022,210.84,213.36,209.35,211.38,2211
RACE,08/16/2022,209.95,212.80,209.53,212.16,2882
RACE,08/15/2022,214.54,215.39,213.53,214.66,964
RACE,08/12/2022,214.72,215.83,214.01,215.81,1767
RACE,08/11/2022,216.62,216.78,214.40,215.27,2984
RACE,08/10/2022,215.85,216.84,214.06,215.00,1786
RACE,08/09/2022,212.79,212.83,210.00,210.47,2460
RACE,08/08/2022,213.30,215.40,212.92,213.56,2094
RACE,08/05/2022,212.15,213.84,210.70,211.94,3106
RACE,08/04/2022,215.78,217.47,214.20,216.00,2764
RACE,08/03/2022,211.84,216.03,211.01,215.70,3490
RACE,08/02/2022,211.38,214.44,210.55,211.04,4207
RACE,08/01/2022,213.89,214.54,211.73,213.21,3783
RACE,07/29/2022,209.40,211.25,208.44,211.23,3358
RACE,07/28/2022,205.02,208.72,203.70,207.49,4202
RACE,07/27/2022,198.25,201.19,197.05,200.73,3663
RACE,07/26/2022,197.86,198.16,194.86,195.65,2614
RACE,07/25/2022,203.30,203.61,201.00,201.61,2645
RACE,07/22/2022,202.62,204.42,200.04,200.43,2073
RACE,07/21/2022,198.18,202.20,198.18,202.04,3580
RACE,07/20/2022,195.85,198.10,194.35,195.59,4212
RACE,07/19/2022,199.57,201.60,198.81,198.98,5336
RACE,07/18/2022,198.98,199.62,195.02,195.08,5447
RACE,07/15/2022,191.39,195.55,190.72,193.47,4686
RACE,07/14/2022,188.97,190.31,185.32,188.75,4625
RACE,07/13/2022,187.04,192.00,186.58,191.12,2635
RACE,07/12/2022,191.64,192.45,188.68,188.86,4445
RACE,07/11/2022,192.77,193.84,190.47,190.68,4273
RACE,07/08/2022,191.46,194.98,191.46,193.63,2400
RACE,07/07/2022,190.84,192.75,190.74,192.57,2348
RACE,07/06/2022,188.81,190.49,186.24,189.81,2671
RACE,07/05/2022,185.46,190.12,184.86,189.98,3007
RACE,07/01/2022,183.12,187.97,182.82,187.94,3354
RACE,06/30/2022,181.34,185.41,179.27,183.48,4435
RACE,06/29/2022,182.92,185.45,182.04,184.80,4555
RACE,06/28/2022,188.34,189.96,184.99,185.07,3402
RACE,06/27/2022,188.92,189.48,186.35,186.46,4585
RACE,06/24/2022,186.76,192.06,186.50,191.94,3673
RACE,06/23/2022,183.84,186.12,182.82,185.61,3758
RACE,06/22/2022,181.36,185.54,181.02,183.75,6025
RACE,06/21/2022,183.50,185.49,182.91,184.43,6186
RACE,06/17/2022,175.88,177.35,173.24,176.03,7813
RACE,06/16/2022,176.90,180.03,172.72,174.06,7947
RACE,06/15/2022,172.81,178.57,172.43,176.87,6811
RACE,06/14/2022,171.43,172.22,167.45,168.75,6409
RACE,06/13/2022,174.32,175.44,171.21,171.51,6487
RACE,06/10/2022,182.79,183.68,180.67,181.82,4080
RACE,06/09/2022,189.31,194.43,186.95,187.45,6062
RACE,06/08/2022,191.56,194.84,190.76,191.87,3430
RACE,06/07/2022,189.40,191.41,187.92,191.16,3362
RACE,06/06/2022,192.60,194.25,191.46,193.27,2634
RACE,06/03/2022,192.61,193.95,189.44,189.71,3871
RACE,06/02/2022,190.90,198.00,190.78,197.88,3967
RACE,06/01/2022,192.01,192.90,187.76,189.17,5583
RACE,05/31/2022,195.78,196.70,193.22,194.97,4598
RACE,05/27/2022,200.40,201.87,199.77,201.86,4332
RACE,05/26/2022,192.12,198.14,192.12,197.02,4171
RACE,05/25/2022,188.09,192.64,188.02,191.04,2507
RACE,05/24/2022,190.33,191.28,188.61,190.52,3015
RACE,05/23/2022,188.53,190.84,186.96,189.66,3745
RACE,05/20/2022,192.05,193.20,184.63,189.48,4891
RACE,05/19/2022,183.50,190.02,183.18,188.44,5431
RACE,05/18/2022,188.38,189.00,181.67,183.17,8822
RACE,05/17/2022,191.60,193.36,190.18,192.37,6874
RACE,05/16/2022,192.51,192.51,186.97,187.61,5880
RACE,05/13/2022,191.03,196.22,190.20,193.91,3751
RACE,05/12/2022,185.50,190.80,183.97,188.99,5954
RACE,05/11/2022,190.12,195.13,188.33,188.50,4963
RACE,05/10/2022,194.45,194.88,187.73,190.71,8893
RACE,05/09/2022,192.91,194.11,190.35,190.56,5476
RACE,05/06/2022,199.09,200.45,194.70,197.86,6245
RACE,05/05/2022,206.40,206.40,199.45,202.06,5657
RACE,05/04/2022,208.78,212.45,202.95,211.75,13231
RACE,05/03/2022,214.14,215.86,212.61,214.23,3828
RACE,05/02/2022,209.50,211.08,206.82,210.56,2762
RACE,04/29/2022,213.13,215.88,209.58,209.74,3178
RACE,04/28/2022,210.68,215.42,208.80,214.04,2564
RACE,04/27/2022,205.79,210.05,205.73,207.89,2646
RACE,04/26/2022,211.44,211.68,204.55,205.79,5003
RACE,04/25/2022,209.03,213.40,208.63,213.37,2814
RACE,04/22/2022,214.26,215.40,210.31,210.46,3766
RACE,04/21/2022,223.32,225.96,216.84,216.89,3695
RACE,04/20/2022,223.35,224.16,221.34,221.64,1838
RACE,04/19/2022,217.82,222.97,217.48,222.85,2356
RACE,04/18/2022,219.99,222.61,219.00,220.50,1654
RACE,04/14/2022,223.74,224.76,219.34,219.99,2745
RACE,04/13/2022,218.22,223.96,218.11,223.47,2348
RACE,04/12/2022,225.71,226.56,220.38,221.71,3456
RACE,04/11/2022,219.24,223.30,218.58,220.76,5952
RACE,04/08/2022,217.92,222.28,217.74,219.51,3307
RACE,04/07/2022,221.36,222.30,216.90,221.40,4350
RACE,04/06/2022,221.24,221.85,218.00,220.20,5229
RACE,04/05/2022,228.84,230.28,224.65,225.78,5893
RACE,04/04/2022,229.62,232.14,228.24,231.43,7242
RACE,04/01/2022,220.43,221.82,218.36,221.08,2637
RACE,03/31/2022,222.32,222.96,217.92,218.09,4628
RACE,03/30/2022,222.39,224.40,219.97,221.19,3615
RACE,03/29/2022,224.24,225.58,219.08,222.89,5859
RACE,03/28/2022,215.00,217.03,213.21,214.44,3853
RACE,03/25/2022,214.16,214.56,210.73,213.34,2966
RACE,03/24/2022,209.90,213.79,208.61,213.12,3228
RACE,03/23/2022,210.01,210.48,207.47,207.88,5187
RACE,03/22/2022,211.11,214.95,211.11,212.39,6196
RACE,03/21/2022,210.00,210.34,205.58,207.54,2586
RACE,03/18/2022,204.82,210.52,204.80,209.61,3585
RACE,03/17/2022,204.88,209.72,204.60,209.53,3748
RACE,03/16/2022,201.32,209.06,201.24,208.90,6309
RACE,03/15/2022,193.45,195.30,192.51,195.20,2727
RACE,03/14/2022,194.49,197.00,192.24,192.93,4235
RACE,03/11/2022,195.26,195.54,189.75,190.45,4593
RACE,03/10/2022,193.18,194.52,189.77,192.96,6529
RACE,03/09/2022,195.91,199.20,193.52,197.72,7277
RACE,03/08/2022,186.04,188.93,178.87,181.48,9966
RACE,03/07/2022,195.28,195.90,181.34,183.25,9366
RACE,03/04/2022,200.71,201.19,196.68,198.41,7529
RACE,03/03/2022,211.08,211.38,203.39,203.74,3399
RACE,03/02/2022,208.98,211.27,208.03,210.06,3207
RACE,03/01/2022,214.90,215.37,207.63,208.48,3558
RACE,02/28/2022,212.04,218.00,211.68,215.31,3744
RACE,02/25/2022,212.20,215.46,210.30,213.42,4591
RACE,02/24/2022,204.88,215.88,204.30,215.55,7328
RACE,02/23/2022,221.03,221.45,215.07,215.30,3011
RACE,02/22/2022,217.00,219.90,214.04,216.43,3441
RACE,02/18/2022,221.22,222.13,219.16,220.38,2563
RACE,02/17/2022,225.57,225.61,220.97,220.97,1965
RACE,02/16/2022,223.54,224.77,221.13,224.07,2414
RACE,02/15/2022,224.78,226.10,223.55,224.24,3577
RACE,02/14/2022,217.72,219.89,216.53,218.21,4333
