RSG,06/23/2023,147.59,147.85,147.07,147.72,1370
RSG,06/22/2023,146.59,147.65,145.93,147.62,11913
RSG,06/21/2023,145.83,146.69,144.63,146.36,7869
RSG,06/20/2023,145.43,146.62,145.24,145.87,11341
RSG,06/16/2023,145.39,146.30,145.24,145.73,14945
RSG,06/15/2023,143.76,145.09,143.30,144.55,9976
RSG,06/14/2023,142.93,144.35,142.05,143.56,11037
RSG,06/13/2023,143.15,143.62,142.45,143.10,9142
RSG,06/12/2023,143.67,144.00,142.39,143.77,8127
RSG,06/09/2023,142.89,143.68,142.06,143.30,6962
RSG,06/08/2023,141.85,143.71,141.43,143.44,7786
RSG,06/07/2023,142.50,142.85,141.23,141.85,13824
RSG,06/06/2023,144.38,144.81,142.83,143.32,8899
RSG,06/05/2023,144.04,145.57,143.68,143.74,8217
RSG,06/02/2023,142.76,144.67,142.76,144.50,8475
RSG,06/01/2023,142.02,142.74,141.37,142.73,9481
RSG,05/31/2023,142.29,142.89,140.97,141.63,39523
RSG,05/30/2023,141.07,142.31,140.07,142.00,12423
RSG,05/26/2023,142.03,142.48,140.83,141.08,10638
RSG,05/25/2023,142.19,142.39,140.70,141.71,10288
RSG,05/24/2023,142.95,143.78,142.29,142.48,8844
RSG,05/23/2023,143.36,143.82,142.35,142.70,10764
RSG,05/22/2023,144.84,145.27,143.35,143.96,11625
RSG,05/19/2023,145.02,145.51,144.58,145.09,9209
RSG,05/18/2023,144.93,145.00,143.43,144.71,10478
RSG,05/17/2023,147.08,147.35,144.58,145.54,12789
RSG,05/16/2023,147.85,147.85,146.33,146.74,9588
RSG,05/15/2023,148.12,148.80,147.09,147.81,8246
RSG,05/12/2023,148.42,149.30,147.69,148.19,8335
RSG,05/11/2023,147.85,148.36,147.04,148.12,9470
RSG,05/10/2023,147.59,148.63,147.18,148.09,10058
RSG,05/09/2023,146.51,147.40,146.02,146.99,11168
RSG,05/08/2023,145.43,147.06,145.35,145.84,10928
RSG,05/05/2023,144.92,146.81,144.89,145.86,14828
RSG,05/04/2023,146.00,146.98,145.47,145.81,10330
RSG,05/03/2023,145.58,146.78,145.19,146.03,14901
RSG,05/02/2023,145.16,145.97,143.69,144.96,11046
RSG,05/01/2023,144.72,145.72,144.40,144.98,11671
RSG,04/28/2023,139.98,144.93,138.73,144.62,21501
RSG,04/27/2023,137.34,138.22,135.33,137.69,19201
RSG,04/26/2023,137.66,138.52,137.09,137.25,11672
RSG,04/25/2023,139.31,139.99,138.58,138.88,10807
RSG,04/24/2023,138.67,139.10,137.91,139.10,9471
RSG,04/21/2023,138.93,139.07,138.35,138.61,10083
RSG,04/20/2023,137.81,138.36,137.02,138.33,8187
RSG,04/19/2023,138.00,138.32,137.38,137.54,8753
RSG,04/18/2023,138.80,139.18,137.45,137.64,10838
RSG,04/17/2023,138.07,138.79,137.52,138.67,10863
RSG,04/14/2023,137.28,138.03,137.05,137.37,7793
RSG,04/13/2023,136.59,138.38,136.43,138.09,9142
RSG,04/12/2023,135.41,137.54,135.24,136.98,8556
RSG,04/11/2023,134.54,135.86,133.81,135.06,10118
RSG,04/10/2023,135.01,135.43,134.29,134.95,7671
RSG,04/06/2023,135.45,136.09,134.80,135.70,9119
RSG,04/05/2023,136.85,137.53,134.76,135.23,10586
RSG,04/04/2023,136.14,136.68,135.21,136.12,12944
RSG,04/03/2023,135.13,136.72,134.70,136.13,8878
RSG,03/31/2023,135.06,135.85,134.64,135.22,10795
RSG,03/30/2023,133.43,134.92,133.43,134.85,10441
RSG,03/29/2023,132.00,133.10,131.50,132.96,7768
RSG,03/28/2023,130.48,131.95,130.34,131.31,9148
RSG,03/27/2023,131.75,133.14,130.34,130.49,17380
RSG,03/24/2023,128.00,131.19,127.94,130.92,11751
RSG,03/23/2023,128.95,129.86,127.69,127.96,11097
RSG,03/22/2023,130.52,131.20,129.39,129.47,10825
RSG,03/21/2023,132.21,132.71,130.13,130.61,11731
RSG,03/20/2023,131.13,133.07,130.90,131.77,12426
RSG,03/17/2023,133.68,133.68,130.46,130.73,18630
RSG,03/16/2023,132.47,135.00,132.39,133.57,21104
RSG,03/15/2023,131.36,133.38,130.53,132.80,30621
RSG,03/14/2023,129.50,132.52,129.38,132.03,25817
RSG,03/13/2023,126.71,129.99,126.58,128.40,15711
RSG,03/10/2023,128.57,129.36,126.99,127.05,21164
RSG,03/09/2023,128.68,130.00,127.87,128.32,17100
RSG,03/08/2023,127.57,128.13,126.99,127.98,9904
RSG,03/07/2023,129.08,129.86,127.50,127.60,13070
RSG,03/06/2023,129.00,130.05,128.41,129.43,9105
RSG,03/03/2023,129.53,129.53,127.63,128.94,12595
RSG,03/02/2023,128.56,129.20,128.18,129.13,12050
RSG,03/01/2023,128.14,129.22,127.91,128.62,12229
RSG,02/28/2023,129.32,130.22,128.63,128.93,17999
RSG,02/27/2023,130.14,131.52,128.86,129.25,15274
RSG,02/24/2023,128.95,129.87,128.41,129.61,10902
RSG,02/23/2023,129.13,129.42,127.91,128.72,11257
RSG,02/22/2023,130.76,131.39,129.15,129.24,13234
RSG,02/21/2023,131.88,132.43,129.26,130.32,19618
RSG,02/17/2023,130.28,132.60,130.22,131.96,21078
RSG,02/16/2023,128.29,131.25,126.80,129.99,24007
RSG,02/15/2023,124.50,126.22,124.27,125.81,20194
RSG,02/14/2023,125.80,126.50,124.52,124.86,11453
RSG,02/13/2023,127.68,128.26,125.75,126.04,14635
RSG,02/10/2023,125.68,127.52,125.53,127.36,18508
RSG,02/09/2023,124.78,126.04,124.67,125.44,18070
RSG,02/08/2023,123.87,124.82,123.62,124.42,10891
RSG,02/07/2023,122.80,124.45,122.51,124.29,13570
RSG,02/06/2023,122.87,124.20,122.44,123.89,11111
RSG,02/03/2023,122.39,123.40,121.17,123.08,14990
RSG,02/02/2023,124.57,124.57,122.39,122.54,18904
RSG,02/01/2023,123.00,126.03,122.01,124.79,21826
RSG,01/31/2023,124.33,124.85,123.39,124.82,15707
RSG,01/30/2023,123.83,125.50,123.81,124.12,12217
RSG,01/27/2023,123.63,124.04,122.52,123.85,9743
RSG,01/26/2023,124.78,124.91,123.07,123.87,8986
RSG,01/25/2023,122.52,124.30,122.23,124.28,9085
RSG,01/24/2023,123.51,124.25,107.88,123.21,12431
RSG,01/23/2023,123.34,124.02,122.31,123.32,11495
RSG,01/20/2023,121.42,123.27,120.58,123.15,11793
RSG,01/19/2023,121.79,122.83,121.48,121.62,14495
RSG,01/18/2023,125.73,126.70,122.12,122.13,11587
RSG,01/17/2023,125.60,126.48,124.80,125.68,18558
RSG,01/13/2023,122.92,124.97,122.50,124.89,23653
RSG,01/12/2023,127.06,127.06,122.93,123.27,18933
RSG,01/11/2023,126.37,126.97,125.20,126.92,20865
RSG,01/10/2023,125.54,125.93,123.20,125.17,32236
RSG,01/09/2023,128.99,129.67,127.31,127.73,23506
RSG,01/06/2023,126.35,129.08,126.35,128.36,22656
RSG,01/05/2023,127.74,128.03,125.06,125.52,18740
RSG,01/04/2023,128.98,129.19,127.58,128.25,15129
RSG,01/03/2023,129.68,129.99,127.74,128.68,13545
RSG,12/30/2022,129.88,130.14,128.00,128.99,8000
RSG,12/29/2022,130.14,131.39,129.75,130.75,8758
RSG,12/28/2022,131.04,131.30,129.32,129.41,7279
RSG,12/27/2022,130.81,131.13,129.95,130.92,6073
RSG,12/23/2022,129.02,130.97,128.71,130.77,5192
RSG,12/22/2022,131.11,131.11,128.18,129.44,8062
RSG,12/21/2022,130.77,131.57,129.88,131.48,9218
RSG,12/20/2022,129.49,130.46,128.61,130.04,11173
RSG,12/19/2022,131.00,131.06,129.06,129.65,17274
RSG,12/16/2022,132.29,132.51,130.98,131.55,23946
RSG,12/15/2022,134.87,135.18,132.38,133.40,9970
RSG,12/14/2022,136.77,138.12,135.36,135.93,10052
RSG,12/13/2022,138.37,138.37,135.99,136.40,8572
RSG,12/12/2022,136.69,137.56,135.59,136.82,7639
RSG,12/09/2022,136.56,137.44,135.78,135.81,6419
RSG,12/08/2022,135.50,136.92,135.48,136.35,7069
RSG,12/07/2022,135.13,136.87,134.88,135.57,8429
RSG,12/06/2022,138.81,139.04,136.21,136.90,8410
RSG,12/05/2022,139.23,139.67,138.17,139.11,7591
RSG,12/02/2022,138.98,140.61,137.82,140.52,7859
RSG,12/01/2022,140.41,140.98,139.44,139.75,10230
RSG,11/30/2022,136.13,139.29,136.04,139.29,18522
RSG,11/29/2022,136.14,136.88,135.31,136.65,13343
RSG,11/28/2022,136.37,138.02,136.03,136.52,14369
RSG,11/25/2022,136.49,137.44,136.04,136.88,5102
RSG,11/23/2022,135.25,136.77,134.83,135.93,14017
RSG,11/22/2022,135.01,135.96,134.42,135.39,8873
RSG,11/21/2022,134.50,135.59,134.11,134.65,7456
RSG,11/18/2022,133.40,134.16,132.70,133.89,10266
RSG,11/17/2022,130.17,132.07,129.73,131.91,18314
RSG,11/16/2022,129.25,131.16,128.90,130.82,21451
RSG,11/15/2022,130.99,131.95,128.15,128.82,17298
RSG,11/14/2022,131.34,132.40,129.88,129.98,12714
RSG,11/11/2022,135.19,135.70,129.63,131.06,22570
RSG,11/10/2022,135.45,136.00,131.65,134.85,15329
RSG,11/09/2022,132.52,133.30,131.94,132.07,9649
RSG,11/08/2022,131.47,132.84,130.55,132.52,11151
RSG,11/07/2022,130.53,132.17,130.11,131.49,11639
RSG,11/04/2022,132.61,133.69,128.55,129.91,21198
RSG,11/03/2022,129.28,133.23,129.28,131.77,15817
RSG,11/02/2022,130.89,133.94,130.29,130.32,12032
RSG,11/01/2022,133.48,134.45,130.55,131.18,12126
RSG,10/31/2022,132.50,134.89,131.80,132.62,19309
RSG,10/28/2022,132.07,133.26,129.18,133.18,23707
RSG,10/27/2022,134.25,135.98,133.97,134.64,12726
RSG,10/26/2022,136.28,136.98,133.51,133.62,14833
RSG,10/25/2022,134.80,135.60,134.21,135.13,18833
RSG,10/24/2022,135.09,136.29,134.35,134.56,8741
RSG,10/21/2022,131.95,133.83,130.81,133.54,11139
RSG,10/20/2022,134.37,134.37,131.75,132.29,7535
RSG,10/19/2022,133.18,134.30,132.72,133.98,8319
RSG,10/18/2022,132.76,133.66,132.05,133.65,9282
RSG,10/17/2022,129.10,131.74,129.07,130.78,9408
RSG,10/14/2022,131.75,131.87,127.15,127.45,10800
RSG,10/13/2022,125.76,131.25,125.11,130.68,11170
RSG,10/12/2022,130.14,130.14,128.42,128.45,9100
RSG,10/11/2022,129.54,131.15,129.24,129.64,11684
RSG,10/10/2022,129.90,130.76,128.97,130.10,10776
RSG,10/07/2022,132.28,132.62,129.07,129.23,14822
RSG,10/06/2022,139.82,140.23,133.27,133.41,21031
RSG,10/05/2022,141.26,142.28,140.71,141.17,9738
RSG,10/04/2022,140.71,143.18,140.12,142.52,11471
RSG,10/03/2022,137.13,140.00,136.15,139.30,11603
RSG,09/30/2022,137.27,137.67,135.92,136.04,16044
RSG,09/29/2022,139.84,139.84,136.45,137.45,10822
RSG,09/28/2022,139.28,140.65,137.58,140.05,9152
RSG,09/27/2022,140.99,141.04,137.86,138.60,11144
RSG,09/26/2022,140.34,141.26,139.61,140.07,12082
RSG,09/23/2022,140.44,140.73,138.93,140.51,8589
RSG,09/22/2022,142.95,143.13,140.92,141.56,8645
RSG,09/21/2022,145.24,146.51,143.24,143.26,12997
RSG,09/20/2022,145.01,145.24,142.73,144.34,9599
RSG,09/19/2022,143.52,146.07,142.66,145.98,6835
RSG,09/16/2022,143.63,144.18,142.81,143.64,22605
RSG,09/15/2022,146.05,146.60,145.11,145.67,10906
RSG,09/14/2022,146.63,148.11,145.53,145.96,15444
RSG,09/13/2022,146.45,147.97,145.87,146.31,10969
RSG,09/12/2022,147.83,149.17,147.44,148.10,7279
RSG,09/09/2022,148.16,148.83,147.02,147.71,11074
RSG,09/08/2022,147.00,149.02,146.69,148.00,10114
RSG,09/07/2022,144.10,147.94,143.76,147.46,14819
RSG,09/06/2022,143.57,144.81,142.78,144.05,12179
RSG,09/02/2022,144.73,145.32,142.42,142.79,7396
RSG,09/01/2022,141.95,144.01,141.66,143.97,9375
RSG,08/31/2022,144.09,144.59,142.68,142.72,15532
RSG,08/30/2022,145.87,145.87,143.54,143.84,5869
RSG,08/29/2022,143.81,146.43,143.70,145.47,6795
RSG,08/26/2022,147.70,148.01,144.44,144.68,7075
RSG,08/25/2022,146.88,147.61,146.26,147.56,6567
RSG,08/24/2022,145.86,147.18,145.67,146.68,6776
RSG,08/23/2022,145.71,146.09,144.86,145.74,6535
RSG,08/22/2022,145.28,146.93,144.89,146.35,6679
RSG,08/19/2022,147.51,147.73,146.32,146.44,8874
RSG,08/18/2022,148.26,148.26,146.37,147.31,6654
RSG,08/17/2022,146.67,148.12,146.34,147.94,7328
RSG,08/16/2022,145.22,147.75,144.62,147.12,9118
RSG,08/15/2022,144.68,146.40,143.95,145.99,8785
RSG,08/12/2022,142.25,144.76,141.95,144.71,14917
RSG,08/11/2022,143.13,143.19,141.18,141.80,13531
RSG,08/10/2022,144.60,144.60,142.34,142.94,7690
RSG,08/09/2022,143.45,144.24,142.55,142.82,7009
RSG,08/08/2022,142.83,144.30,141.70,142.84,12021
RSG,08/05/2022,140.80,143.69,139.70,141.90,13725
RSG,08/04/2022,140.07,142.62,140.01,141.54,11320
RSG,08/03/2022,138.57,140.97,138.39,140.40,10506
RSG,08/02/2022,138.05,138.80,136.95,138.23,12959
RSG,08/01/2022,137.94,138.58,137.35,137.73,13105
RSG,07/29/2022,138.07,140.27,137.68,138.66,15885
RSG,07/28/2022,133.65,137.48,133.17,137.26,9784
RSG,07/27/2022,131.79,133.59,131.54,132.94,8582
RSG,07/26/2022,131.99,132.15,130.78,131.50,8263
RSG,07/25/2022,131.14,132.17,130.65,132.05,5866
RSG,07/22/2022,131.46,131.87,130.23,131.02,6722
RSG,07/21/2022,129.80,131.29,128.88,131.24,6958
RSG,07/20/2022,129.55,129.72,128.39,129.27,7564
RSG,07/19/2022,127.89,129.00,127.46,128.89,8444
RSG,07/18/2022,129.25,129.25,126.52,126.75,7325
RSG,07/15/2022,129.83,129.95,127.96,129.00,6822
RSG,07/14/2022,126.32,128.54,126.04,128.37,5330
RSG,07/13/2022,127.13,128.56,126.68,127.65,7033
RSG,07/12/2022,129.73,130.87,127.87,128.40,6496
RSG,07/11/2022,129.54,130.56,129.54,130.12,4483
RSG,07/08/2022,129.93,130.52,129.02,129.86,8276
RSG,07/07/2022,131.87,132.22,129.49,129.91,18152
RSG,07/06/2022,130.26,132.82,129.32,131.82,9058
RSG,07/05/2022,131.88,132.08,127.93,129.56,12236
RSG,07/01/2022,130.96,133.20,130.14,133.04,9498
RSG,06/30/2022,128.75,131.12,128.47,130.87,13606
RSG,06/29/2022,128.30,130.45,127.32,130.21,9364
RSG,06/28/2022,129.83,130.84,127.78,127.91,9897
RSG,06/27/2022,129.59,130.47,129.01,129.40,11452
RSG,06/24/2022,127.50,130.24,127.28,129.90,16538
RSG,06/23/2022,125.50,126.86,125.08,126.71,9513
RSG,06/22/2022,123.57,126.71,123.12,124.97,11358
RSG,06/21/2022,121.95,124.93,121.71,124.53,12594
RSG,06/17/2022,121.99,122.36,119.72,120.73,17915
RSG,06/16/2022,121.97,122.76,120.81,121.76,13530
RSG,06/15/2022,123.82,124.88,121.95,123.36,13875
RSG,06/14/2022,124.10,125.08,122.32,123.06,12860
RSG,06/13/2022,124.70,126.01,123.61,124.19,13553
RSG,06/10/2022,126.97,128.07,125.73,126.54,14165
RSG,06/09/2022,132.04,132.64,128.41,128.48,12536
RSG,06/08/2022,134.55,134.55,131.94,132.18,7590
RSG,06/07/2022,132.76,135.40,132.42,135.37,8417
RSG,06/06/2022,135.02,135.10,133.14,133.24,10587
RSG,06/03/2022,134.60,135.01,133.71,134.41,8498
RSG,06/02/2022,134.15,135.60,132.85,135.39,8371
RSG,06/01/2022,133.42,134.53,133.42,133.97,11852
RSG,05/31/2022,136.13,136.75,133.27,133.84,34841
RSG,05/27/2022,134.57,136.94,134.15,136.87,11268
RSG,05/26/2022,133.99,134.81,133.57,134.14,11063
RSG,05/25/2022,133.45,133.81,132.32,132.95,27180
RSG,05/24/2022,131.34,133.72,130.77,133.45,11126
RSG,05/23/2022,130.00,131.52,129.29,130.96,11121
RSG,05/20/2022,128.31,129.61,126.69,129.45,11342
RSG,05/19/2022,127.02,128.57,125.41,127.51,13116
RSG,05/18/2022,131.62,132.36,127.92,128.09,11572
RSG,05/17/2022,131.40,132.38,129.74,132.33,12727
RSG,05/16/2022,130.89,132.30,129.52,130.82,9675
RSG,05/13/2022,129.50,131.29,128.65,130.89,16987
RSG,05/12/2022,129.39,130.14,126.62,127.72,17602
RSG,05/11/2022,128.76,131.24,128.51,129.14,11130
RSG,05/10/2022,131.79,132.65,127.93,129.11,12897
RSG,05/09/2022,134.02,134.74,130.10,130.95,15529
RSG,05/06/2022,130.96,136.09,130.62,135.19,23890
RSG,05/05/2022,133.04,133.53,129.40,130.33,12941
RSG,05/04/2022,131.43,133.77,130.28,133.57,12647
RSG,05/03/2022,131.15,133.41,130.78,131.23,12021
RSG,05/02/2022,134.04,135.23,129.44,130.99,18896
RSG,04/29/2022,137.33,137.61,134.03,134.27,15694
RSG,04/28/2022,136.85,138.40,135.91,138.11,9671
RSG,04/27/2022,134.99,138.05,134.80,137.06,17281
RSG,04/26/2022,134.16,137.66,133.56,134.98,19892
RSG,04/25/2022,132.28,132.69,130.39,132.45,12474
RSG,04/22/2022,134.75,135.07,132.26,132.40,13655
RSG,04/21/2022,134.94,136.28,134.37,134.81,8958
RSG,04/20/2022,134.57,135.38,133.93,134.32,7313
RSG,04/19/2022,133.02,134.12,132.80,133.72,7288
RSG,04/18/2022,132.23,133.71,131.70,132.30,7501
RSG,04/14/2022,133.67,134.63,132.64,132.71,8841
RSG,04/13/2022,133.80,134.57,132.23,133.15,8177
RSG,04/12/2022,135.29,136.37,133.58,133.91,8393
RSG,04/11/2022,135.98,136.72,135.33,135.77,11194
RSG,04/08/2022,135.80,136.56,135.08,135.83,9355
RSG,04/07/2022,133.23,135.88,132.82,135.28,12693
RSG,04/06/2022,132.69,134.29,132.28,133.44,12616
RSG,04/05/2022,132.04,134.89,131.68,133.27,10727
RSG,04/04/2022,133.00,133.43,131.40,132.14,9406
RSG,04/01/2022,132.63,133.40,131.71,133.25,10524
RSG,03/31/2022,134.52,135.27,132.49,132.50,12665
RSG,03/30/2022,133.60,134.70,133.21,134.69,5433
RSG,03/29/2022,133.53,134.00,132.45,133.63,12228
RSG,03/28/2022,131.86,133.24,131.33,133.06,8462
RSG,03/25/2022,130.62,131.60,129.96,131.50,6147
RSG,03/24/2022,129.81,130.94,129.17,130.19,7677
RSG,03/23/2022,129.07,130.57,128.61,129.48,7900
RSG,03/22/2022,132.11,132.16,129.46,129.52,9018
RSG,03/21/2022,131.40,132.16,130.80,131.53,6903
RSG,03/18/2022,131.85,132.05,130.00,131.49,13676
RSG,03/17/2022,130.15,131.67,129.87,131.53,8249
RSG,03/16/2022,129.66,130.62,127.93,130.03,8433
RSG,03/15/2022,129.69,129.78,127.71,129.06,9645
RSG,03/14/2022,127.33,128.49,126.16,128.47,16486
RSG,03/11/2022,127.34,128.28,126.46,126.54,8972
RSG,03/10/2022,124.66,126.87,124.66,126.79,9115
RSG,03/09/2022,124.72,126.37,123.76,125.77,14228
RSG,03/08/2022,127.68,128.74,123.02,123.11,17706
RSG,03/07/2022,129.62,130.09,127.16,127.96,22625
RSG,03/04/2022,125.11,130.17,124.94,129.97,20374
RSG,03/03/2022,125.38,126.99,125.31,126.25,11265
RSG,03/02/2022,121.45,126.00,121.45,124.85,21271
RSG,03/01/2022,120.30,121.73,120.01,121.22,17596
RSG,02/28/2022,119.72,121.60,119.31,120.28,16833
RSG,02/25/2022,118.01,120.96,117.50,120.89,10919
RSG,02/24/2022,114.38,117.97,113.57,117.47,15325
RSG,02/23/2022,117.39,118.01,115.86,115.96,16396
RSG,02/22/2022,118.50,118.88,116.38,117.16,13658
RSG,02/18/2022,116.64,118.13,115.86,117.54,19527
RSG,02/17/2022,117.55,118.42,116.67,116.73,12012
RSG,02/16/2022,118.30,118.54,115.67,117.55,23345
RSG,02/15/2022,119.97,120.26,117.92,118.46,20944
RSG,02/14/2022,120.18,120.51,117.00,118.57,27202
