SPGI,06/23/2023,385.86,392.38,385.01,390.74,1843
SPGI,06/22/2023,388.27,388.99,383.83,388.24,11428
SPGI,06/21/2023,389.31,391.42,386.44,389.11,12539
SPGI,06/20/2023,384.43,392.65,384.43,391.84,14901
SPGI,06/16/2023,401.84,402.92,395.00,395.21,18406
SPGI,06/15/2023,394.49,401.27,392.70,399.98,14641
SPGI,06/14/2023,391.29,395.48,390.50,393.09,14924
SPGI,06/13/2023,386.27,390.96,384.81,390.56,15094
SPGI,06/12/2023,385.12,386.18,382.53,385.26,11590
SPGI,06/09/2023,384.20,385.00,381.41,384.00,12416
SPGI,06/08/2023,374.66,382.33,373.82,382.16,10174
SPGI,06/07/2023,379.92,380.75,372.82,374.19,9905
SPGI,06/06/2023,376.65,381.03,375.97,379.18,7374
SPGI,06/05/2023,377.98,380.70,376.50,378.10,8921
SPGI,06/02/2023,372.00,378.70,371.21,376.03,13079
SPGI,06/01/2023,366.53,371.54,365.42,368.99,10520
SPGI,05/31/2023,362.00,368.53,359.76,367.43,24483
SPGI,05/30/2023,365.72,370.10,362.81,364.33,9698
SPGI,05/26/2023,358.76,363.60,357.71,360.78,10107
SPGI,05/25/2023,356.07,359.45,354.74,358.32,10292
SPGI,05/24/2023,361.58,362.38,354.20,356.20,12051
SPGI,05/23/2023,369.60,372.45,360.88,362.19,11143
SPGI,05/22/2023,365.41,374.06,365.41,372.35,12212
SPGI,05/19/2023,363.23,370.78,361.53,365.42,13037
SPGI,05/18/2023,361.29,364.57,358.77,363.80,10467
SPGI,05/17/2023,361.43,361.98,357.23,360.94,8609
SPGI,05/16/2023,359.86,362.30,358.47,358.65,6826
SPGI,05/15/2023,359.57,361.83,357.36,361.48,8505
SPGI,05/12/2023,360.71,361.98,356.71,359.34,7499
SPGI,05/11/2023,362.92,363.64,358.11,360.29,8878
SPGI,05/10/2023,357.10,363.64,357.10,362.18,13871
SPGI,05/09/2023,355.18,359.10,354.74,355.27,8562
SPGI,05/08/2023,354.46,356.15,353.25,355.18,6960
SPGI,05/05/2023,351.07,356.66,350.24,354.19,9299
SPGI,05/04/2023,348.71,352.41,346.62,347.51,10174
SPGI,05/03/2023,357.44,358.34,349.86,349.97,9122
SPGI,05/02/2023,360.12,362.65,352.50,356.02,11155
SPGI,05/01/2023,361.70,365.53,361.26,362.65,10797
SPGI,04/28/2023,355.03,362.95,355.02,362.58,17390
SPGI,04/27/2023,345.91,357.23,345.50,355.58,16290
SPGI,04/26/2023,343.34,345.45,338.92,340.07,15946
SPGI,04/25/2023,347.35,350.82,344.08,345.21,14475
SPGI,04/24/2023,352.77,353.68,346.16,347.66,10223
SPGI,04/21/2023,353.90,354.51,350.57,351.72,7431
SPGI,04/20/2023,350.28,355.36,349.73,352.91,8588
SPGI,04/19/2023,350.50,353.84,350.42,352.03,8157
SPGI,04/18/2023,350.00,352.86,347.58,352.17,12202
SPGI,04/17/2023,346.59,349.86,345.59,349.01,8635
SPGI,04/14/2023,347.70,350.12,346.09,347.86,9592
SPGI,04/13/2023,344.32,348.25,343.14,347.87,7323
SPGI,04/12/2023,346.47,347.81,341.76,342.79,8621
SPGI,04/11/2023,340.73,343.90,339.54,341.91,7524
SPGI,04/10/2023,337.44,338.99,329.46,338.83,8911
SPGI,04/06/2023,343.40,343.40,334.50,340.86,12917
SPGI,04/05/2023,345.76,348.55,344.28,344.60,9418
SPGI,04/04/2023,348.49,352.24,345.51,346.41,9989
SPGI,04/03/2023,342.50,346.70,341.06,346.27,14120
SPGI,03/31/2023,343.83,346.59,342.16,344.77,15733
SPGI,03/30/2023,340.40,342.65,338.61,341.27,7970
SPGI,03/29/2023,337.14,338.61,335.08,338.13,12822
SPGI,03/28/2023,334.30,335.96,331.31,334.13,9601
SPGI,03/27/2023,338.60,339.31,333.58,335.75,12025
SPGI,03/24/2023,328.03,335.33,327.08,334.52,11928
SPGI,03/23/2023,334.32,338.32,330.36,332.25,14130
SPGI,03/22/2023,342.10,344.75,335.59,335.72,11270
SPGI,03/21/2023,338.85,342.40,338.02,341.60,10662
SPGI,03/20/2023,334.94,335.33,331.12,334.59,14723
SPGI,03/17/2023,339.05,340.32,331.20,334.49,33569
SPGI,03/16/2023,333.18,341.56,332.29,339.90,13503
SPGI,03/15/2023,326.81,334.50,325.91,333.98,20676
SPGI,03/14/2023,330.39,334.69,327.56,332.73,19525
SPGI,03/13/2023,324.73,329.96,321.15,324.79,22450
SPGI,03/10/2023,337.21,338.45,325.25,326.54,24307
SPGI,03/09/2023,339.81,344.71,333.37,333.93,13869
SPGI,03/08/2023,336.28,339.58,331.16,338.88,11446
SPGI,03/07/2023,350.61,350.63,336.04,336.65,14631
SPGI,03/06/2023,347.06,353.07,346.49,351.32,15018
SPGI,03/03/2023,342.51,346.16,341.38,346.07,10377
SPGI,03/02/2023,332.32,340.03,330.86,339.89,11622
SPGI,03/01/2023,340.08,343.01,337.14,337.78,11921
SPGI,02/28/2023,340.27,345.10,338.74,341.20,18734
SPGI,02/27/2023,347.34,347.57,340.41,341.51,13748
SPGI,02/24/2023,342.73,346.56,340.39,343.38,10700
SPGI,02/23/2023,349.08,350.67,344.59,348.13,12456
SPGI,02/22/2023,351.20,352.32,344.47,346.20,16741
SPGI,02/21/2023,354.07,357.06,350.43,350.79,12034
SPGI,02/17/2023,354.33,361.01,353.74,360.83,12054
SPGI,02/16/2023,359.84,362.62,357.78,357.82,9661
SPGI,02/15/2023,360.27,367.69,360.17,367.57,10065
SPGI,02/14/2023,370.46,370.84,363.32,364.86,14065
SPGI,02/13/2023,364.75,371.45,363.73,370.60,13255
SPGI,02/10/2023,361.46,365.38,359.32,363.86,13247
SPGI,02/09/2023,371.15,374.79,362.96,363.65,14829
SPGI,02/08/2023,368.17,371.56,364.66,365.85,11518
SPGI,02/07/2023,365.17,372.10,362.16,371.11,8590
SPGI,02/06/2023,367.32,370.00,366.31,368.66,9851
SPGI,02/03/2023,375.54,376.67,370.51,372.91,15539
SPGI,02/02/2023,381.50,388.42,379.90,383.16,12657
SPGI,02/01/2023,372.61,380.14,369.36,377.18,14648
SPGI,01/31/2023,367.43,375.15,366.52,374.94,16560
SPGI,01/30/2023,369.63,373.80,365.60,366.14,11486
SPGI,01/27/2023,364.29,375.22,362.75,373.39,15096
SPGI,01/26/2023,369.83,369.90,364.52,367.38,15260
SPGI,01/25/2023,363.17,368.64,360.37,366.38,10485
SPGI,01/24/2023,373.04,373.04,364.29,367.72,9158
SPGI,01/23/2023,368.09,374.28,365.60,370.76,11630
SPGI,01/20/2023,361.24,368.38,361.24,368.05,30455
SPGI,01/19/2023,360.23,363.79,356.54,361.13,11164
SPGI,01/18/2023,367.72,374.36,363.83,364.10,13730
SPGI,01/17/2023,366.41,369.27,365.14,367.41,11436
SPGI,01/13/2023,363.95,366.72,362.93,366.38,13720
SPGI,01/12/2023,366.00,368.64,360.39,367.77,11809
SPGI,01/11/2023,356.17,365.27,355.30,364.05,15827
SPGI,01/10/2023,349.16,355.40,348.00,354.39,9264
SPGI,01/09/2023,351.17,356.48,350.05,350.34,15820
SPGI,01/06/2023,339.45,349.30,335.91,347.84,17809
SPGI,01/05/2023,338.12,340.30,334.72,336.08,10980
SPGI,01/04/2023,340.44,344.94,337.83,341.62,12684
SPGI,01/03/2023,342.04,343.83,332.14,335.17,11629
SPGI,12/30/2022,335.70,337.67,331.86,334.94,11012
SPGI,12/29/2022,332.40,340.22,331.55,339.81,9681
SPGI,12/28/2022,331.44,335.03,329.43,329.60,8313
SPGI,12/27/2022,332.29,333.68,329.77,331.32,7046
SPGI,12/23/2022,329.78,332.96,328.44,332.94,7354
SPGI,12/22/2022,334.53,334.91,328.40,332.11,14455
SPGI,12/21/2022,335.07,338.01,334.15,337.45,12257
SPGI,12/20/2022,332.19,334.64,330.75,332.11,12811
SPGI,12/19/2022,338.80,339.38,334.85,335.66,14009
SPGI,12/16/2022,339.98,341.68,337.72,339.60,40039
SPGI,12/15/2022,348.45,350.30,342.72,344.58,17997
SPGI,12/14/2022,357.49,361.36,350.09,353.84,16315
SPGI,12/13/2022,362.38,366.44,354.59,357.69,19205
SPGI,12/12/2022,346.61,348.43,344.90,347.19,16621
SPGI,12/09/2022,351.34,353.03,346.41,346.75,14519
SPGI,12/08/2022,350.91,357.21,350.91,352.81,11599
SPGI,12/07/2022,351.60,354.53,349.03,351.52,16492
SPGI,12/06/2022,351.02,352.75,348.47,351.69,15333
SPGI,12/05/2022,354.72,357.18,348.44,350.31,21181
SPGI,12/02/2022,356.41,362.05,355.83,359.80,20258
SPGI,12/01/2022,357.45,365.80,355.95,362.58,26771
SPGI,11/30/2022,347.13,353.38,340.11,352.80,63370
SPGI,11/29/2022,350.72,351.73,346.39,347.14,16714
SPGI,11/28/2022,354.46,357.34,349.93,351.01,19400
SPGI,11/25/2022,355.05,358.31,352.53,357.91,7635
SPGI,11/23/2022,353.02,362.05,351.12,358.27,21373
SPGI,11/22/2022,349.37,352.45,346.25,352.25,13988
SPGI,11/21/2022,343.25,349.30,339.01,347.42,18289
SPGI,11/18/2022,351.99,353.11,340.41,345.87,19602
SPGI,11/17/2022,348.94,349.99,343.53,346.77,12864
SPGI,11/16/2022,355.34,357.82,351.90,353.67,13744
SPGI,11/15/2022,353.84,357.54,351.23,354.66,14134
SPGI,11/14/2022,348.74,352.97,346.25,347.67,13625
SPGI,11/11/2022,346.07,357.73,346.07,356.20,20415
SPGI,11/10/2022,330.69,347.29,329.65,346.21,25556
SPGI,11/09/2022,318.55,319.49,312.64,314.10,17157
SPGI,11/08/2022,321.14,325.25,316.34,319.94,12104
SPGI,11/07/2022,322.28,322.28,314.79,319.25,10366
SPGI,11/04/2022,313.31,318.22,309.85,316.40,15130
SPGI,11/03/2022,305.31,311.64,305.05,309.30,19027
SPGI,11/02/2022,315.59,320.51,309.01,310.74,18362
SPGI,11/01/2022,325.27,326.17,315.23,316.13,14733
SPGI,10/31/2022,324.51,326.57,321.14,321.25,18141
SPGI,10/28/2022,316.86,327.63,315.63,326.93,15799
SPGI,10/27/2022,312.39,326.40,312.39,319.31,25629
SPGI,10/26/2022,312.49,318.01,310.62,311.53,19484
SPGI,10/25/2022,297.13,312.97,295.52,312.03,29361
SPGI,10/24/2022,298.22,302.28,295.40,300.39,17552
SPGI,10/21/2022,291.83,296.36,287.31,295.94,17408
SPGI,10/20/2022,296.51,299.89,290.46,292.03,16228
SPGI,10/19/2022,296.84,300.14,294.55,296.87,13989
SPGI,10/18/2022,304.39,306.13,298.19,300.81,22657
SPGI,10/17/2022,292.71,300.05,291.65,297.39,17805
SPGI,10/14/2022,295.29,300.11,286.12,286.62,16158
SPGI,10/13/2022,283.00,294.35,279.32,292.28,27989
SPGI,10/12/2022,294.90,295.89,291.06,291.17,14073
SPGI,10/11/2022,297.27,299.51,293.11,294.72,15780
SPGI,10/10/2022,307.12,307.18,297.71,298.72,15499
SPGI,10/07/2022,312.78,313.58,302.61,304.53,16615
SPGI,10/06/2022,320.96,322.73,315.41,316.17,12124
SPGI,10/05/2022,319.20,324.13,316.93,321.65,12951
SPGI,10/04/2022,318.84,324.34,318.31,323.55,14163
SPGI,10/03/2022,307.07,316.50,306.84,314.79,14559
SPGI,09/30/2022,310.29,315.10,305.08,305.35,21719
SPGI,09/29/2022,311.64,312.52,308.35,310.43,18874
SPGI,09/28/2022,315.52,317.28,311.06,314.77,25366
SPGI,09/27/2022,318.02,320.27,310.25,313.27,26527
SPGI,09/26/2022,317.24,319.10,312.11,315.43,27224
SPGI,09/23/2022,321.78,323.61,315.29,317.86,23919
SPGI,09/22/2022,333.59,334.25,322.22,322.37,25068
SPGI,09/21/2022,341.78,344.88,334.88,334.88,12283
SPGI,09/20/2022,342.41,342.94,335.22,339.35,12439
SPGI,09/19/2022,342.64,345.04,341.02,344.69,15420
SPGI,09/16/2022,343.95,346.35,340.69,346.07,33428
SPGI,09/15/2022,350.66,351.14,344.38,347.06,16801
SPGI,09/14/2022,359.78,359.78,347.95,351.16,23143
SPGI,09/13/2022,364.23,365.28,355.78,356.51,16009
SPGI,09/12/2022,371.57,374.23,369.15,371.50,12551
SPGI,09/09/2022,367.48,371.21,366.44,369.42,12658
SPGI,09/08/2022,361.14,367.52,360.48,367.06,9948
SPGI,09/07/2022,356.88,363.90,355.32,363.53,10313
SPGI,09/06/2022,350.01,359.95,349.82,356.79,15827
SPGI,09/02/2022,356.14,356.14,345.55,347.63,12287
SPGI,09/01/2022,349.59,352.08,345.90,351.97,15719
SPGI,08/31/2022,356.81,359.67,352.01,352.18,17829
SPGI,08/30/2022,363.41,363.41,353.11,355.56,15078
SPGI,08/29/2022,360.55,365.12,359.51,361.00,12489
SPGI,08/26/2022,380.00,380.18,363.70,364.06,13543
SPGI,08/25/2022,374.72,379.68,371.62,379.62,20027
SPGI,08/24/2022,372.94,376.72,371.99,375.71,10772
SPGI,08/23/2022,374.97,376.00,371.81,372.80,18567
SPGI,08/22/2022,375.18,378.43,374.18,376.45,11854
SPGI,08/19/2022,384.02,384.77,378.75,379.92,21522
SPGI,08/18/2022,386.61,388.85,386.21,387.38,16312
SPGI,08/17/2022,383.76,390.57,382.91,387.73,10752
SPGI,08/16/2022,388.19,390.56,386.39,388.77,13806
SPGI,08/15/2022,390.82,395.80,389.96,391.09,14717
SPGI,08/12/2022,388.47,392.48,386.13,391.92,11965
SPGI,08/11/2022,395.06,395.28,385.68,386.17,14204
SPGI,08/10/2022,385.94,394.99,382.77,393.20,21353
SPGI,08/09/2022,378.40,379.97,374.10,377.09,11693
SPGI,08/08/2022,380.00,380.33,374.23,378.12,8660
SPGI,08/05/2022,373.16,377.07,369.37,376.65,9768
SPGI,08/04/2022,367.85,378.75,366.29,377.90,19731
SPGI,08/03/2022,369.00,371.98,363.18,368.16,15664
SPGI,08/02/2022,370.00,375.49,363.44,369.78,19994
SPGI,08/01/2022,373.41,377.00,371.96,376.08,14118
SPGI,07/29/2022,373.60,378.49,372.84,376.93,18703
SPGI,07/28/2022,364.44,375.87,361.88,374.59,16524
SPGI,07/27/2022,356.27,362.77,355.73,360.92,16205
SPGI,07/26/2022,351.45,360.40,349.85,356.12,21320
SPGI,07/25/2022,360.51,360.51,351.78,354.03,20659
SPGI,07/22/2022,363.67,364.30,359.75,361.94,16977
SPGI,07/21/2022,358.00,361.92,356.69,361.62,17804
SPGI,07/20/2022,358.05,362.06,356.87,358.60,13620
SPGI,07/19/2022,349.76,357.54,348.63,357.14,16665
SPGI,07/18/2022,351.27,355.05,344.65,345.36,15863
SPGI,07/15/2022,349.48,351.91,347.77,349.45,16313
SPGI,07/14/2022,338.59,347.42,336.53,345.17,14941
SPGI,07/13/2022,341.29,344.13,339.39,342.02,21829
SPGI,07/12/2022,349.84,354.40,344.13,346.05,16547
SPGI,07/11/2022,354.07,356.37,348.64,351.61,14061
SPGI,07/08/2022,349.18,355.87,349.17,352.48,15756
SPGI,07/07/2022,346.20,352.34,345.00,351.83,16070
SPGI,07/06/2022,346.75,351.67,344.23,349.02,17538
SPGI,07/05/2022,338.27,344.74,336.73,344.32,20364
SPGI,07/01/2022,336.73,343.86,334.44,343.33,18532
SPGI,06/30/2022,333.52,339.79,331.82,337.06,19229
SPGI,06/29/2022,332.71,338.36,332.36,334.75,17160
SPGI,06/28/2022,339.25,344.00,331.52,332.70,19068
SPGI,06/27/2022,342.45,343.26,337.26,340.47,17251
SPGI,06/24/2022,336.29,342.14,333.75,341.66,42633
SPGI,06/23/2022,327.17,334.57,326.76,333.74,20479
SPGI,06/22/2022,317.69,328.54,316.62,325.17,19553
SPGI,06/21/2022,322.84,326.66,318.39,320.02,27599
SPGI,06/17/2022,314.00,323.57,313.45,319.93,47731
SPGI,06/16/2022,312.83,316.85,312.26,316.03,26781
SPGI,06/15/2022,319.94,326.45,317.56,321.34,24895
SPGI,06/14/2022,319.92,322.51,314.09,317.43,28489
SPGI,06/13/2022,326.16,329.11,321.46,322.36,33270
SPGI,06/10/2022,331.07,336.53,328.52,332.76,25043
SPGI,06/09/2022,338.43,342.64,336.28,336.43,17592
SPGI,06/08/2022,341.71,345.23,337.79,338.69,16180
SPGI,06/07/2022,339.14,345.60,338.17,344.46,19045
SPGI,06/06/2022,336.82,344.39,336.82,338.64,18148
SPGI,06/03/2022,336.43,338.73,331.83,335.93,22741
SPGI,06/02/2022,332.36,343.24,331.09,343.04,25999
SPGI,06/01/2022,317.00,346.59,311.87,332.01,77894
SPGI,05/31/2022,356.47,358.16,348.79,349.48,88825
SPGI,05/27/2022,354.25,361.24,354.25,360.64,21740
SPGI,05/26/2022,349.64,354.37,347.52,352.47,20260
SPGI,05/25/2022,349.83,352.34,345.89,347.66,28244
SPGI,05/24/2022,346.95,352.25,345.33,350.87,20488
SPGI,05/23/2022,343.98,353.35,342.28,350.52,27456
SPGI,05/20/2022,336.53,342.87,334.03,342.42,34233
SPGI,05/19/2022,326.46,335.18,324.86,332.07,25696
SPGI,05/18/2022,332.41,335.59,329.39,330.12,25108
SPGI,05/17/2022,342.20,342.72,335.73,339.28,21482
SPGI,05/16/2022,333.34,337.58,330.91,335.36,25880
SPGI,05/13/2022,335.30,341.07,332.56,336.85,26272
SPGI,05/12/2022,322.97,332.27,322.20,329.66,32482
SPGI,05/11/2022,324.72,334.16,323.07,325.81,27869
SPGI,05/10/2022,333.73,336.35,322.67,327.99,29588
SPGI,05/09/2022,337.40,342.52,327.92,328.77,41505
SPGI,05/06/2022,344.27,346.82,337.97,345.76,33418
SPGI,05/05/2022,360.22,360.41,343.98,346.90,41284
SPGI,05/04/2022,356.80,364.97,347.67,364.32,37043
SPGI,05/03/2022,367.05,372.01,356.95,359.63,27625
SPGI,05/02/2022,364.00,371.64,360.27,367.32,38164
SPGI,04/29/2022,382.33,387.26,375.37,376.50,20896
SPGI,04/28/2022,384.65,389.20,379.81,386.55,16895
SPGI,04/27/2022,376.76,384.73,376.76,380.64,19275
SPGI,04/26/2022,380.25,384.21,374.71,375.50,16878
SPGI,04/25/2022,377.25,381.40,373.68,381.22,21972
SPGI,04/22/2022,389.16,389.52,379.32,379.66,17448
SPGI,04/21/2022,399.23,403.48,389.24,390.83,15345
SPGI,04/20/2022,397.80,402.77,396.74,397.25,16141
SPGI,04/19/2022,391.33,397.11,389.80,395.35,17721
SPGI,04/18/2022,386.49,391.59,385.87,390.56,11662
SPGI,04/14/2022,398.21,400.17,387.00,387.59,23958
SPGI,04/13/2022,396.00,398.90,390.76,396.31,22716
SPGI,04/12/2022,405.96,406.93,396.09,397.31,22257
SPGI,04/11/2022,411.23,412.43,401.47,405.61,14657
SPGI,04/08/2022,414.04,415.82,410.77,413.09,10618
SPGI,04/07/2022,409.30,416.36,408.08,414.99,21701
SPGI,04/06/2022,407.53,413.00,406.25,410.88,15578
SPGI,04/05/2022,411.93,415.98,410.16,411.88,12636
SPGI,04/04/2022,409.97,417.37,408.06,414.30,16029
SPGI,04/01/2022,409.98,412.20,405.64,407.88,17144
SPGI,03/31/2022,422.50,423.55,410.17,410.18,24031
SPGI,03/30/2022,416.39,419.42,415.67,418.95,20724
SPGI,03/29/2022,419.80,420.82,414.97,417.45,15261
SPGI,03/28/2022,414.35,417.61,410.23,414.50,25291
SPGI,03/25/2022,408.95,413.85,407.89,413.47,19940
SPGI,03/24/2022,409.61,410.62,405.99,407.67,20654
SPGI,03/23/2022,411.66,412.87,404.83,405.71,21451
SPGI,03/22/2022,406.46,416.53,405.54,414.28,23362
SPGI,03/21/2022,405.59,407.99,401.86,404.76,21851
SPGI,03/18/2022,404.17,412.00,403.45,409.94,28337
SPGI,03/17/2022,391.50,402.97,391.50,402.66,23861
SPGI,03/16/2022,389.92,396.39,384.07,392.23,20906
SPGI,03/15/2022,380.96,388.36,375.42,387.39,19766
SPGI,03/14/2022,383.53,386.34,373.18,377.00,25580
SPGI,03/11/2022,385.00,388.65,379.28,379.68,22282
SPGI,03/10/2022,381.28,385.74,373.84,382.75,27549
SPGI,03/09/2022,396.62,402.11,390.98,391.51,29958
SPGI,03/08/2022,382.45,395.78,380.48,388.13,36919
SPGI,03/07/2022,406.83,407.99,384.67,385.64,40078
SPGI,03/04/2022,399.88,408.37,397.26,407.55,34930
SPGI,03/03/2022,398.76,408.80,391.15,400.50,43366
SPGI,03/02/2022,394.00,406.56,391.98,399.12,55643
SPGI,03/01/2022,378.00,396.28,376.18,390.58,86362
SPGI,02/28/2022,379.00,389.48,372.13,375.70,50126
SPGI,02/25/2022,379.81,384.49,371.00,380.89,80932
SPGI,02/24/2022,364.27,383.72,363.54,381.68,18902
SPGI,02/23/2022,383.92,384.76,372.76,373.37,17657
SPGI,02/22/2022,376.37,384.30,376.05,380.25,16381
SPGI,02/18/2022,382.49,383.49,376.47,378.67,12533
SPGI,02/17/2022,386.82,388.02,380.91,381.49,12243
SPGI,02/16/2022,384.41,389.29,380.61,386.55,18105
SPGI,02/15/2022,387.26,390.00,382.81,385.37,14199
SPGI,02/14/2022,386.50,388.98,375.45,380.71,31517
