STLA,06/23/2023,16.44,16.52,16.41,16.50,8617
STLA,06/22/2023,16.63,16.74,16.60,16.63,27074
STLA,06/21/2023,16.92,16.97,16.81,16.82,26294
STLA,06/20/2023,16.86,16.90,16.72,16.88,52712
STLA,06/16/2023,17.36,17.40,17.30,17.34,45519
STLA,06/15/2023,16.94,17.21,16.94,17.16,34849
STLA,06/14/2023,17.06,17.17,16.88,16.98,36826
STLA,06/13/2023,16.71,16.88,16.68,16.81,41665
STLA,06/12/2023,16.41,16.52,16.38,16.44,31594
STLA,06/09/2023,16.23,16.31,16.18,16.24,41443
STLA,06/08/2023,16.36,16.50,16.28,16.33,44081
STLA,06/07/2023,15.94,16.09,15.92,16.04,38044
STLA,06/06/2023,15.60,15.89,15.59,15.84,34922
STLA,06/05/2023,15.84,15.88,15.69,15.75,33997
STLA,06/02/2023,15.82,15.96,15.80,15.87,43692
STLA,06/01/2023,15.31,15.56,15.28,15.48,46131
STLA,05/31/2023,15.47,15.47,15.07,15.30,53988
STLA,05/30/2023,16.00,16.01,15.68,15.74,33659
STLA,05/26/2023,15.72,15.98,15.71,15.90,43358
STLA,05/25/2023,15.58,15.70,15.49,15.65,47282
STLA,05/24/2023,15.89,15.89,15.65,15.74,44934
STLA,05/23/2023,16.34,16.50,16.25,16.25,30446
STLA,05/22/2023,16.60,16.60,16.48,16.54,33256
STLA,05/19/2023,16.74,16.81,16.65,16.78,40504
STLA,05/18/2023,16.18,16.47,16.12,16.45,54708
STLA,05/17/2023,16.13,16.22,16.03,16.13,38058
STLA,05/16/2023,15.93,15.96,15.82,15.84,51609
STLA,05/15/2023,16.25,16.25,16.07,16.10,46120
STLA,05/12/2023,16.36,16.37,16.13,16.20,28457
STLA,05/11/2023,16.19,16.32,16.12,16.29,37091
STLA,05/10/2023,16.53,16.54,16.26,16.39,31571
STLA,05/09/2023,16.29,16.41,16.25,16.30,39286
STLA,05/08/2023,16.39,16.44,16.30,16.41,33541
STLA,05/05/2023,16.13,16.36,16.06,16.30,54092
STLA,05/04/2023,15.75,15.93,15.62,15.87,56519
STLA,05/03/2023,15.94,16.12,15.85,15.89,67250
STLA,05/02/2023,16.45,16.48,16.13,16.33,60932
STLA,05/01/2023,16.66,16.89,16.62,16.65,37680
STLA,04/28/2023,16.23,16.65,16.22,16.63,45524
STLA,04/27/2023,16.29,16.48,16.21,16.42,64603
STLA,04/26/2023,16.24,16.27,16.06,16.11,53194
STLA,04/25/2023,16.31,16.33,16.04,16.08,65421
STLA,04/24/2023,16.45,16.50,16.36,16.42,73459
STLA,04/21/2023,17.52,17.68,17.37,17.68,72632
STLA,04/20/2023,17.62,17.73,17.44,17.71,107570
STLA,04/19/2023,18.59,18.64,18.43,18.51,57010
STLA,04/18/2023,18.71,18.81,18.65,18.77,45167
STLA,04/17/2023,18.66,18.71,18.54,18.67,62670
STLA,04/14/2023,18.87,18.97,18.77,18.86,45141
STLA,04/13/2023,18.71,18.81,18.55,18.70,59980
STLA,04/12/2023,18.58,18.63,18.35,18.40,43305
STLA,04/11/2023,18.20,18.40,18.18,18.25,41084
STLA,04/10/2023,17.65,17.85,17.56,17.84,29348
STLA,04/06/2023,17.52,17.82,17.47,17.65,35185
STLA,04/05/2023,17.77,17.78,17.50,17.58,35176
STLA,04/04/2023,18.31,18.31,17.86,17.98,44800
STLA,04/03/2023,18.25,18.34,18.07,18.17,45270
STLA,03/31/2023,18.09,18.27,18.07,18.19,33843
STLA,03/30/2023,18.04,18.11,17.97,18.01,35732
STLA,03/29/2023,17.70,17.81,17.67,17.77,31923
STLA,03/28/2023,17.61,17.67,17.55,17.59,31929
STLA,03/27/2023,17.50,17.65,17.40,17.56,32738
STLA,03/24/2023,17.09,17.26,16.95,17.25,39307
STLA,03/23/2023,17.56,17.71,17.17,17.36,42290
STLA,03/22/2023,17.54,17.68,17.30,17.31,37611
STLA,03/21/2023,17.50,17.58,17.42,17.42,46354
STLA,03/20/2023,16.95,17.14,16.90,16.96,71519
STLA,03/17/2023,16.85,16.85,16.54,16.79,62042
STLA,03/16/2023,16.54,17.12,16.49,17.12,56824
STLA,03/15/2023,16.63,16.89,16.54,16.87,102388
STLA,03/14/2023,17.49,17.63,17.39,17.53,80874
STLA,03/13/2023,17.28,17.50,17.15,17.35,77934
STLA,03/10/2023,17.89,18.01,17.55,17.60,69577
STLA,03/09/2023,18.24,18.33,17.95,17.97,47528
STLA,03/08/2023,18.50,18.58,18.39,18.51,35508
STLA,03/07/2023,18.79,18.82,18.41,18.43,42816
STLA,03/06/2023,18.83,18.83,18.64,18.65,46712
STLA,03/03/2023,18.75,18.86,18.66,18.83,73786
STLA,03/02/2023,18.11,18.38,18.09,18.35,47943
STLA,03/01/2023,18.27,18.36,18.16,18.26,75451
STLA,02/28/2023,17.66,17.76,17.50,17.52,46919
STLA,02/27/2023,17.60,17.75,17.56,17.61,61680
STLA,02/24/2023,17.38,17.58,17.26,17.57,85290
STLA,02/23/2023,17.94,18.12,17.67,18.02,117126
STLA,02/22/2023,17.14,17.49,17.14,17.27,94948
STLA,02/21/2023,16.96,17.00,16.65,16.66,67422
STLA,02/17/2023,16.98,17.29,16.88,17.29,66176
STLA,02/16/2023,16.83,17.12,16.83,16.94,44131
STLA,02/15/2023,16.81,17.07,16.81,17.01,40861
STLA,02/14/2023,16.66,16.91,16.64,16.81,39803
STLA,02/13/2023,16.50,16.71,16.47,16.67,32244
STLA,02/10/2023,16.55,16.58,16.34,16.40,51020
STLA,02/09/2023,16.78,16.93,16.73,16.75,84926
STLA,02/08/2023,16.30,16.38,16.16,16.18,37239
STLA,02/07/2023,16.16,16.31,16.03,16.27,48339
STLA,02/06/2023,16.18,16.22,15.99,16.17,46610
STLA,02/03/2023,16.34,16.61,16.27,16.33,54779
STLA,02/02/2023,16.30,16.72,16.22,16.60,68768
STLA,02/01/2023,15.80,16.18,15.78,16.08,62615
STLA,01/31/2023,15.34,15.73,15.32,15.72,58358
STLA,01/30/2023,15.34,15.36,15.09,15.10,65591
STLA,01/27/2023,15.34,15.60,15.32,15.54,53800
STLA,01/26/2023,15.36,15.40,15.23,15.39,40669
STLA,01/25/2023,15.05,15.32,15.02,15.25,38318
STLA,01/24/2023,15.13,15.27,15.05,15.23,32901
STLA,01/23/2023,15.16,15.35,15.10,15.28,45859
STLA,01/20/2023,15.06,15.24,14.98,15.20,48522
STLA,01/19/2023,15.10,15.17,14.98,15.13,41316
STLA,01/18/2023,15.67,15.69,15.27,15.28,39955
STLA,01/17/2023,15.44,15.61,15.40,15.45,40593
STLA,01/13/2023,15.32,15.43,15.29,15.42,48802
STLA,01/12/2023,15.92,16.08,15.78,16.03,56117
STLA,01/11/2023,15.83,15.85,15.68,15.80,35265
STLA,01/10/2023,15.78,15.87,15.67,15.87,50584
STLA,01/09/2023,15.64,15.73,15.57,15.62,71732
STLA,01/06/2023,15.06,15.50,15.01,15.45,52267
STLA,01/05/2023,15.08,15.24,15.05,15.17,46965
STLA,01/04/2023,14.94,15.12,14.82,15.06,55668
STLA,01/03/2023,14.66,14.76,14.48,14.59,53613
STLA,12/30/2022,14.23,14.31,14.16,14.20,42060
STLA,12/29/2022,14.14,14.35,14.13,14.34,47202
STLA,12/28/2022,14.04,14.10,13.84,13.85,56378
STLA,12/27/2022,13.98,14.05,13.95,14.00,30009
STLA,12/23/2022,13.96,14.08,13.90,14.05,42301
STLA,12/22/2022,14.08,14.08,13.71,13.88,58451
STLA,12/21/2022,14.24,14.40,14.21,14.33,41489
STLA,12/20/2022,14.07,14.12,14.01,14.07,40903
STLA,12/19/2022,14.28,14.30,14.14,14.21,38433
STLA,12/16/2022,14.30,14.35,14.11,14.14,54185
STLA,12/15/2022,14.54,14.55,14.34,14.44,54453
STLA,12/14/2022,14.74,14.84,14.56,14.71,61829
STLA,12/13/2022,14.98,14.99,14.51,14.64,84757
STLA,12/12/2022,14.51,14.61,14.42,14.58,56046
STLA,12/09/2022,14.41,14.55,14.34,14.44,77665
STLA,12/08/2022,15.05,15.05,14.80,14.84,52723
STLA,12/07/2022,15.18,15.30,15.12,15.21,48873
STLA,12/06/2022,15.33,15.39,15.00,15.17,48390
STLA,12/05/2022,15.44,15.47,15.22,15.25,51420
STLA,12/02/2022,15.40,15.44,15.30,15.37,49255
STLA,12/01/2022,15.73,15.87,15.61,15.72,51183
STLA,11/30/2022,15.39,15.63,15.25,15.62,72164
STLA,11/29/2022,15.09,15.29,15.08,15.21,48810
STLA,11/28/2022,15.12,15.22,15.00,15.04,39368
STLA,11/25/2022,15.07,15.25,15.07,15.21,20639
STLA,11/23/2022,14.98,15.08,14.90,15.04,46030
STLA,11/22/2022,15.02,15.20,15.01,15.19,36687
STLA,11/21/2022,14.85,14.96,14.79,14.91,42417
STLA,11/18/2022,14.91,14.97,14.77,14.93,48045
STLA,11/17/2022,14.53,14.78,14.51,14.75,59497
STLA,11/16/2022,14.80,14.88,14.71,14.83,72239
STLA,11/15/2022,15.12,15.16,14.67,14.87,68972
STLA,11/14/2022,14.87,15.01,14.78,14.80,60016
STLA,11/11/2022,14.59,14.95,14.52,14.87,68899
STLA,11/10/2022,14.20,14.46,14.13,14.46,68241
STLA,11/09/2022,13.64,13.83,13.58,13.59,63020
STLA,11/08/2022,13.73,13.85,13.65,13.80,84578
STLA,11/07/2022,13.74,13.85,13.61,13.80,57691
STLA,11/04/2022,13.32,13.60,13.24,13.54,101352
STLA,11/03/2022,12.88,13.05,12.79,12.91,116081
STLA,11/02/2022,13.64,13.80,13.31,13.37,108640
STLA,11/01/2022,13.84,13.87,13.52,13.73,84256
STLA,10/31/2022,13.37,13.56,13.36,13.52,62161
STLA,10/28/2022,13.42,13.59,13.39,13.57,48213
STLA,10/27/2022,13.58,13.73,13.51,13.55,53603
STLA,10/26/2022,13.56,13.78,13.51,13.62,55764
STLA,10/25/2022,13.32,13.53,13.32,13.44,54389
STLA,10/24/2022,13.25,13.45,13.18,13.41,72991
STLA,10/21/2022,12.65,13.05,12.60,13.04,58636
STLA,10/20/2022,12.85,13.01,12.70,12.76,54151
STLA,10/19/2022,12.78,12.84,12.53,12.66,59485
STLA,10/18/2022,13.05,13.09,12.75,12.92,95845
STLA,10/17/2022,12.50,12.63,12.48,12.57,65682
STLA,10/14/2022,12.36,12.40,12.08,12.10,69968
STLA,10/13/2022,11.64,12.35,11.57,12.30,75869
STLA,10/12/2022,11.81,11.92,11.73,11.77,62754
STLA,10/11/2022,11.77,12.07,11.65,11.81,70220
STLA,10/10/2022,11.98,12.01,11.75,11.86,84439
STLA,10/07/2022,12.12,12.14,11.85,11.93,76471
STLA,10/06/2022,12.37,12.45,12.26,12.29,75474
STLA,10/05/2022,12.34,12.62,12.19,12.55,65047
STLA,10/04/2022,12.62,12.93,12.62,12.88,72556
STLA,10/03/2022,12.08,12.38,11.93,12.23,101595
STLA,09/30/2022,11.81,12.06,11.77,11.84,110041
STLA,09/29/2022,12.02,12.05,11.73,11.98,80039
STLA,09/28/2022,12.21,12.65,12.14,12.58,83401
STLA,09/27/2022,12.42,12.50,12.15,12.31,86797
STLA,09/26/2022,12.25,12.53,12.17,12.24,97958
STLA,09/23/2022,12.33,12.34,11.99,12.16,107004
STLA,09/22/2022,12.98,13.03,12.74,12.78,81547
STLA,09/21/2022,13.13,13.38,12.99,13.00,84048
STLA,09/20/2022,13.32,13.33,13.05,13.13,82556
STLA,09/19/2022,13.22,13.64,13.20,13.61,66764
STLA,09/16/2022,13.42,13.57,13.36,13.47,85181
STLA,09/15/2022,13.54,13.78,13.51,13.54,66123
STLA,09/14/2022,13.55,13.73,13.45,13.62,51000
STLA,09/13/2022,13.62,13.84,13.37,13.41,63117
STLA,09/12/2022,13.82,13.98,13.80,13.93,66535
STLA,09/09/2022,13.31,13.43,13.30,13.41,55606
STLA,09/08/2022,12.90,13.09,12.83,13.07,48037
STLA,09/07/2022,12.78,13.25,12.77,13.24,47118
STLA,09/06/2022,12.86,12.93,12.69,12.80,90043
STLA,09/02/2022,13.47,13.57,13.01,13.09,104346
STLA,09/01/2022,13.19,13.28,12.99,13.27,70363
STLA,08/31/2022,13.50,13.54,13.35,13.40,52311
STLA,08/30/2022,13.87,13.89,13.51,13.63,43266
STLA,08/29/2022,13.71,13.90,13.69,13.81,40924
STLA,08/26/2022,14.20,14.20,13.60,13.61,49015
STLA,08/25/2022,13.98,14.19,13.93,14.18,32766
STLA,08/24/2022,13.89,14.18,13.86,14.07,29395
STLA,08/23/2022,13.87,14.11,13.87,14.01,43020
STLA,08/22/2022,13.85,13.85,13.64,13.66,48869
STLA,08/19/2022,14.68,14.69,14.48,14.53,36052
STLA,08/18/2022,15.04,15.11,14.95,15.08,20599
STLA,08/17/2022,14.99,15.09,14.83,14.99,37721
STLA,08/16/2022,15.10,15.30,15.07,15.28,33722
STLA,08/15/2022,15.02,15.30,15.00,15.27,25608
STLA,08/12/2022,15.28,15.43,15.20,15.43,34467
STLA,08/11/2022,15.23,15.28,15.14,15.21,36918
STLA,08/10/2022,15.05,15.21,15.01,15.07,39112
STLA,08/09/2022,14.90,14.91,14.65,14.72,36887
STLA,08/08/2022,14.86,15.13,14.85,15.09,66341
STLA,08/05/2022,14.52,14.71,14.51,14.62,27764
STLA,08/04/2022,14.66,14.78,14.58,14.61,41671
STLA,08/03/2022,14.34,14.76,14.34,14.73,52520
STLA,08/02/2022,14.49,14.71,14.41,14.55,64221
STLA,08/01/2022,14.48,14.65,14.41,14.62,58274
STLA,07/29/2022,14.12,14.39,14.01,14.38,56532
STLA,07/28/2022,13.79,14.01,13.66,14.00,100009
STLA,07/27/2022,13.05,13.40,12.99,13.39,46941
STLA,07/26/2022,12.89,13.01,12.82,12.85,23326
STLA,07/25/2022,13.12,13.23,13.04,13.08,38981
STLA,07/22/2022,12.89,12.98,12.75,12.85,48781
STLA,07/21/2022,12.63,13.01,12.61,13.00,58059
STLA,07/20/2022,12.86,12.97,12.67,12.80,42702
STLA,07/19/2022,12.66,13.13,12.64,13.04,95828
STLA,07/18/2022,12.40,12.46,12.19,12.26,41951
STLA,07/15/2022,11.98,12.14,11.84,12.09,53028
STLA,07/14/2022,11.73,11.82,11.45,11.81,84064
STLA,07/13/2022,11.95,12.21,11.88,12.18,47668
STLA,07/12/2022,12.17,12.43,12.16,12.27,47599
STLA,07/11/2022,12.45,12.45,12.19,12.19,63285
STLA,07/08/2022,12.57,12.70,12.45,12.61,61008
STLA,07/07/2022,12.04,12.31,12.04,12.29,59032
STLA,07/06/2022,11.53,11.60,11.37,11.57,59654
STLA,07/05/2022,11.57,11.73,11.47,11.71,63553
STLA,07/01/2022,12.14,12.42,12.05,12.40,58914
STLA,06/30/2022,12.32,12.47,12.12,12.36,82358
STLA,06/29/2022,12.86,12.86,12.63,12.69,78451
STLA,06/28/2022,13.30,13.45,12.84,12.84,76035
STLA,06/27/2022,13.15,13.20,13.01,13.09,45397
STLA,06/24/2022,12.85,13.25,12.83,13.25,43779
STLA,06/23/2022,13.07,13.09,12.68,12.89,45535
STLA,06/22/2022,13.03,13.34,13.00,13.14,56666
STLA,06/21/2022,13.39,13.49,13.30,13.42,39798
STLA,06/17/2022,12.86,12.95,12.68,12.90,60742
STLA,06/16/2022,12.89,12.89,12.55,12.69,88487
STLA,06/15/2022,13.29,13.59,13.19,13.52,57184
STLA,06/14/2022,13.07,13.15,12.83,12.97,44773
STLA,06/13/2022,13.19,13.26,12.89,13.00,64856
STLA,06/10/2022,13.80,13.91,13.60,13.64,48502
STLA,06/09/2022,14.69,14.80,14.39,14.40,37527
STLA,06/08/2022,15.03,15.10,14.86,14.93,33778
STLA,06/07/2022,14.73,14.97,14.70,14.95,30973
STLA,06/06/2022,15.06,15.14,14.91,15.01,46551
STLA,06/03/2022,14.88,14.93,14.72,14.79,38139
STLA,06/02/2022,15.26,15.45,15.19,15.34,52675
STLA,06/01/2022,15.45,15.47,15.03,15.20,52121
STLA,05/31/2022,14.94,15.17,14.76,15.10,72482
STLA,05/27/2022,14.78,14.86,14.69,14.80,48459
STLA,05/26/2022,14.47,14.83,14.45,14.79,56128
STLA,05/25/2022,13.97,14.43,13.96,14.35,56527
STLA,05/24/2022,14.31,14.32,14.08,14.25,42297
STLA,05/23/2022,14.48,14.55,14.38,14.51,49218
STLA,05/20/2022,14.66,14.69,14.01,14.46,66808
STLA,05/19/2022,14.01,14.42,14.01,14.26,59972
STLA,05/18/2022,14.38,14.41,13.90,13.95,52186
STLA,05/17/2022,14.45,14.59,14.32,14.57,62980
STLA,05/16/2022,14.25,14.37,14.11,14.26,54843
STLA,05/13/2022,14.17,14.41,14.16,14.37,67289
STLA,05/12/2022,13.48,13.90,13.37,13.67,82166
STLA,05/11/2022,13.84,14.02,13.55,13.57,63904
STLA,05/10/2022,13.79,13.79,13.40,13.65,89376
STLA,05/09/2022,13.60,13.71,13.24,13.30,67734
STLA,05/06/2022,13.85,14.13,13.73,13.93,110193
STLA,05/05/2022,13.75,13.76,13.23,13.42,57962
STLA,05/04/2022,13.61,14.11,13.46,14.11,61095
STLA,05/03/2022,13.63,13.83,13.55,13.73,58136
STLA,05/02/2022,13.27,13.41,13.06,13.40,68964
STLA,04/29/2022,13.63,13.83,13.34,13.37,48045
STLA,04/28/2022,13.54,13.73,13.20,13.65,46021
STLA,04/27/2022,13.17,13.43,13.09,13.29,53112
STLA,04/26/2022,13.60,13.62,13.06,13.08,65433
STLA,04/25/2022,13.88,14.01,13.65,14.00,48855
STLA,04/22/2022,14.32,14.35,14.00,14.02,40556
STLA,04/21/2022,14.89,14.95,14.35,14.38,53608
STLA,04/20/2022,14.66,14.68,14.38,14.45,35799
STLA,04/19/2022,14.18,14.49,14.18,14.47,40747
STLA,04/18/2022,15.00,15.18,14.94,15.10,41012
STLA,04/14/2022,15.22,15.33,14.97,15.00,37826
STLA,04/13/2022,14.81,15.23,14.79,15.22,39253
STLA,04/12/2022,15.19,15.28,14.85,14.90,32936
STLA,04/11/2022,14.89,15.23,14.88,15.14,52627
STLA,04/08/2022,14.89,15.05,14.84,14.85,40345
STLA,04/07/2022,15.07,15.19,14.65,14.94,40059
STLA,04/06/2022,14.83,15.06,14.71,14.94,61417
STLA,04/05/2022,15.81,15.90,15.53,15.55,55205
STLA,04/04/2022,16.29,16.43,16.20,16.35,26021
STLA,04/01/2022,16.45,16.51,16.23,16.35,30573
STLA,03/31/2022,16.60,16.62,16.26,16.27,38784
STLA,03/30/2022,16.91,16.95,16.74,16.79,34434
STLA,03/29/2022,17.20,17.27,16.92,17.08,62151
STLA,03/28/2022,15.98,16.06,15.82,15.92,40117
STLA,03/25/2022,15.92,16.01,15.75,15.86,57792
STLA,03/24/2022,15.82,16.03,15.72,15.98,48747
STLA,03/23/2022,15.88,16.09,15.80,15.81,57094
STLA,03/22/2022,16.39,16.59,16.25,16.38,40488
STLA,03/21/2022,16.26,16.33,16.02,16.19,67994
STLA,03/18/2022,15.78,16.35,15.73,16.30,55619
STLA,03/17/2022,16.06,16.41,15.99,16.41,45042
STLA,03/16/2022,16.16,16.75,16.13,16.66,100917
STLA,03/15/2022,15.41,15.69,15.22,15.49,66275
STLA,03/14/2022,15.17,15.53,15.04,15.16,62981
STLA,03/11/2022,15.08,15.19,14.57,14.59,58130
STLA,03/10/2022,15.01,15.26,14.72,14.95,67260
STLA,03/09/2022,15.75,16.24,15.59,15.97,93229
STLA,03/08/2022,14.38,14.88,13.89,14.32,98013
STLA,03/07/2022,14.67,14.84,13.76,13.79,81698
STLA,03/04/2022,15.33,15.35,14.82,15.04,111305
STLA,03/03/2022,17.11,17.15,16.42,16.47,57962
STLA,03/02/2022,17.00,17.33,16.95,17.22,64753
STLA,03/01/2022,17.70,17.75,16.67,16.82,95966
STLA,02/28/2022,17.84,18.49,17.81,18.28,64865
STLA,02/25/2022,18.64,19.19,18.61,19.15,48189
STLA,02/24/2022,17.64,18.42,17.60,18.39,86215
STLA,02/23/2022,19.72,19.86,19.12,19.17,54687
STLA,02/22/2022,18.49,18.78,18.19,18.41,34487
STLA,02/18/2022,18.97,19.10,18.75,18.90,25306
STLA,02/17/2022,19.18,19.24,18.83,18.91,50920
STLA,02/16/2022,19.38,19.73,19.35,19.67,28628
STLA,02/15/2022,18.99,19.47,18.95,19.39,32962
STLA,02/14/2022,18.51,18.60,18.26,18.40,37294
