TPX,06/23/2023,37.49,37.65,37.19,37.60,791
TPX,06/22/2023,38.09,38.26,37.32,38.00,11851
TPX,06/21/2023,37.46,38.60,37.29,38.24,18457
TPX,06/20/2023,38.20,38.46,37.75,38.09,15160
TPX,06/16/2023,38.82,38.99,38.23,38.43,21038
TPX,06/15/2023,38.07,38.71,37.74,38.68,12864
TPX,06/14/2023,38.80,39.06,37.94,38.24,11906
TPX,06/13/2023,38.26,38.95,38.14,38.59,13127
TPX,06/12/2023,37.98,38.30,37.51,37.96,12815
TPX,06/09/2023,38.13,38.39,37.48,37.71,9248
TPX,06/08/2023,38.53,38.98,38.16,38.22,10916
TPX,06/07/2023,37.79,38.67,37.68,38.51,18541
TPX,06/06/2023,35.60,37.84,35.50,37.46,20346
TPX,06/05/2023,36.79,36.79,35.46,35.46,23172
TPX,06/02/2023,36.67,37.59,36.40,37.30,22538
TPX,06/01/2023,35.76,36.40,34.98,35.97,19400
TPX,05/31/2023,36.90,37.38,35.39,35.64,40646
TPX,05/30/2023,37.65,37.99,37.04,37.25,16032
TPX,05/26/2023,36.99,37.53,36.83,37.43,10532
TPX,05/25/2023,37.43,37.76,36.91,37.00,13001
TPX,05/24/2023,37.78,37.78,36.73,37.25,14869
TPX,05/23/2023,37.57,38.27,37.51,37.89,17631
TPX,05/22/2023,37.79,38.29,37.38,37.96,15713
TPX,05/19/2023,38.32,38.32,37.06,37.84,19455
TPX,05/18/2023,37.88,38.68,37.74,38.49,16709
TPX,05/17/2023,38.59,38.64,37.78,37.82,23238
TPX,05/16/2023,38.74,38.85,37.92,38.31,22559
TPX,05/15/2023,38.54,39.38,38.51,39.15,30120
TPX,05/12/2023,37.60,38.67,37.58,38.15,29716
TPX,05/11/2023,36.51,37.49,36.33,37.35,35039
TPX,05/10/2023,38.06,38.21,36.42,36.57,27526
TPX,05/09/2023,37.46,40.61,36.60,37.75,81831
TPX,05/08/2023,36.54,38.01,36.43,37.62,34697
TPX,05/05/2023,36.36,36.57,35.91,36.31,18774
TPX,05/04/2023,36.19,36.41,35.79,35.88,11021
TPX,05/03/2023,36.68,37.18,36.36,36.41,21158
TPX,05/02/2023,37.01,37.01,35.80,36.59,18010
TPX,05/01/2023,37.45,37.96,36.97,36.99,16518
TPX,04/28/2023,36.48,37.61,36.47,37.47,19463
TPX,04/27/2023,36.05,36.54,35.31,36.52,16525
TPX,04/26/2023,35.81,36.13,35.61,35.69,13979
TPX,04/25/2023,36.22,36.44,35.64,35.76,12457
TPX,04/24/2023,36.26,36.77,36.03,36.60,14009
TPX,04/21/2023,36.82,36.82,35.85,36.24,20805
TPX,04/20/2023,36.99,37.49,36.61,36.89,25012
TPX,04/19/2023,38.25,38.33,37.90,38.01,12531
TPX,04/18/2023,38.69,38.78,38.05,38.43,15406
TPX,04/17/2023,37.65,38.28,37.57,38.24,10227
TPX,04/14/2023,38.00,38.78,37.59,37.80,10406
TPX,04/13/2023,37.95,37.95,37.22,37.60,13792
TPX,04/12/2023,38.92,39.05,37.54,37.62,13063
TPX,04/11/2023,37.24,38.54,37.24,38.41,21267
TPX,04/10/2023,36.18,36.81,36.11,36.79,26514
TPX,04/06/2023,36.48,36.53,35.96,36.39,17771
TPX,04/05/2023,37.67,37.70,36.34,36.67,33089
TPX,04/04/2023,39.29,39.29,38.02,38.24,14110
TPX,04/03/2023,39.25,39.63,38.78,39.23,21101
TPX,03/31/2023,39.18,39.50,38.90,39.49,15308
TPX,03/30/2023,39.25,39.54,38.73,38.79,13773
TPX,03/29/2023,39.01,39.04,38.64,38.88,11341
TPX,03/28/2023,38.58,39.06,38.13,38.37,14095
TPX,03/27/2023,38.12,38.96,37.95,38.66,20133
TPX,03/24/2023,37.32,37.86,36.72,37.70,11710
TPX,03/23/2023,38.25,38.72,37.27,37.71,10308
TPX,03/22/2023,38.71,39.25,37.92,37.94,13923
TPX,03/21/2023,37.97,38.95,37.92,38.65,18445
TPX,03/20/2023,36.50,37.82,36.19,37.08,25679
TPX,03/17/2023,37.59,37.59,35.96,36.05,43707
TPX,03/16/2023,37.33,38.07,36.97,37.84,19913
TPX,03/15/2023,37.62,37.82,36.64,37.72,24949
TPX,03/14/2023,39.51,39.51,38.01,38.60,24899
TPX,03/13/2023,38.45,39.31,37.62,38.54,26258
TPX,03/10/2023,40.16,40.21,39.09,39.27,17751
TPX,03/09/2023,41.62,41.69,40.23,40.25,15844
TPX,03/08/2023,41.94,42.25,41.33,41.81,15207
TPX,03/07/2023,42.05,42.38,41.55,41.58,11471
TPX,03/06/2023,42.72,42.88,41.84,42.08,20152
TPX,03/03/2023,43.40,43.41,42.49,42.78,20489
TPX,03/02/2023,42.20,42.97,42.00,42.96,9741
TPX,03/01/2023,42.60,43.09,42.33,42.77,11688
TPX,02/28/2023,42.54,43.29,42.37,42.74,13741
TPX,02/27/2023,43.12,43.30,42.44,42.66,20713
TPX,02/24/2023,42.24,42.79,42.14,42.70,9690
TPX,02/23/2023,42.31,43.04,42.01,42.99,13181
TPX,02/22/2023,41.64,42.30,41.23,41.92,14456
TPX,02/21/2023,41.72,42.18,40.95,41.09,15817
TPX,02/17/2023,42.02,42.92,41.76,42.70,16362
TPX,02/16/2023,41.90,43.13,41.88,42.49,11971
TPX,02/15/2023,41.09,42.72,40.84,42.58,19453
TPX,02/14/2023,40.66,41.30,40.49,41.09,22250
TPX,02/13/2023,41.03,41.37,40.50,40.98,20349
TPX,02/10/2023,41.00,41.50,40.65,40.92,20040
TPX,02/09/2023,41.00,42.76,40.23,41.52,46644
TPX,02/08/2023,41.54,41.69,40.80,41.07,32049
TPX,02/07/2023,41.56,42.23,40.93,42.06,18786
TPX,02/06/2023,42.94,43.09,41.84,41.94,21561
TPX,02/03/2023,43.58,44.25,43.31,43.50,16291
TPX,02/02/2023,43.48,44.28,43.00,44.25,24517
TPX,02/01/2023,41.11,43.21,41.00,42.85,41516
TPX,01/31/2023,39.81,40.77,39.60,40.75,18784
TPX,01/30/2023,39.39,40.20,39.39,39.66,21857
TPX,01/27/2023,38.32,40.02,38.32,39.86,24703
TPX,01/26/2023,38.95,39.02,38.33,38.85,19117
TPX,01/25/2023,37.83,38.56,37.51,38.33,17615
TPX,01/24/2023,39.15,39.17,38.47,38.47,12560
TPX,01/23/2023,38.56,39.28,38.40,39.13,16540
TPX,01/20/2023,37.53,38.40,37.06,38.39,12283
TPX,01/19/2023,37.99,38.09,37.28,37.30,10777
TPX,01/18/2023,39.11,39.14,38.22,38.28,18290
TPX,01/17/2023,39.55,39.76,38.63,38.76,19067
TPX,01/13/2023,38.50,39.75,38.50,39.67,15798
TPX,01/12/2023,39.07,39.15,38.02,38.93,29969
TPX,01/11/2023,38.07,39.44,37.81,38.97,37127
TPX,01/10/2023,36.60,37.87,36.46,37.81,23044
TPX,01/09/2023,35.90,36.69,35.77,36.21,20239
TPX,01/06/2023,35.11,35.84,34.92,35.74,13694
TPX,01/05/2023,34.63,34.92,34.01,34.85,11089
TPX,01/04/2023,34.20,35.02,34.10,34.93,14521
TPX,01/03/2023,34.96,35.10,33.50,33.77,37939
TPX,12/30/2022,33.75,34.43,33.69,34.33,16196
TPX,12/29/2022,34.09,34.44,33.80,34.22,10773
TPX,12/28/2022,34.97,35.10,33.88,33.97,21385
TPX,12/27/2022,34.43,35.10,34.37,34.87,16283
TPX,12/23/2022,34.14,34.58,33.77,34.57,15461
TPX,12/22/2022,33.64,34.15,33.47,34.14,15094
TPX,12/21/2022,33.53,34.34,33.53,33.90,15161
TPX,12/20/2022,32.96,33.40,32.64,33.15,12596
TPX,12/19/2022,33.24,33.94,32.78,33.10,14814
TPX,12/16/2022,33.51,34.28,33.08,33.40,27001
TPX,12/15/2022,33.45,34.40,33.45,33.99,18224
TPX,12/14/2022,33.56,34.72,33.26,34.03,27895
TPX,12/13/2022,33.48,33.83,32.47,33.22,25329
TPX,12/12/2022,32.33,32.48,31.86,32.29,11381
TPX,12/09/2022,32.25,32.61,31.91,32.42,10989
TPX,12/08/2022,31.71,32.47,31.48,32.46,11642
TPX,12/07/2022,31.45,31.80,31.18,31.60,8209
TPX,12/06/2022,31.48,31.86,31.25,31.70,13373
TPX,12/05/2022,31.50,32.11,31.28,31.51,12087
TPX,12/02/2022,31.61,32.28,31.40,32.08,13493
TPX,12/01/2022,32.01,32.72,31.96,32.09,12475
TPX,11/30/2022,30.98,31.84,30.52,31.77,13264
TPX,11/29/2022,31.17,31.21,30.49,30.82,16394
TPX,11/28/2022,31.09,31.54,30.98,31.35,20551
TPX,11/25/2022,31.67,32.13,31.30,31.46,6402
TPX,11/23/2022,31.54,32.10,31.45,31.87,10376
TPX,11/22/2022,31.35,31.75,31.02,31.56,14904
TPX,11/21/2022,31.02,31.37,30.79,31.07,9046
TPX,11/18/2022,31.63,31.94,31.00,31.24,10767
TPX,11/17/2022,30.96,31.18,30.49,31.18,12297
TPX,11/16/2022,32.00,32.15,31.28,31.67,12705
TPX,11/15/2022,32.19,33.01,31.91,32.65,29701
TPX,11/14/2022,31.97,32.52,31.20,31.26,18314
TPX,11/11/2022,31.49,33.24,31.49,32.53,27455
TPX,11/10/2022,31.20,32.32,31.04,31.49,32110
TPX,11/09/2022,29.11,30.35,28.90,29.56,25723
TPX,11/08/2022,29.52,29.86,28.99,29.55,26411
TPX,11/07/2022,29.29,29.39,28.52,29.32,25601
TPX,11/04/2022,27.35,28.93,27.35,28.91,34955
TPX,11/03/2022,26.24,27.56,25.79,26.98,43707
TPX,11/02/2022,26.51,26.87,24.99,25.04,31009
TPX,11/01/2022,27.41,27.64,26.60,26.96,16498
TPX,10/31/2022,27.16,27.51,26.80,26.89,20497
TPX,10/28/2022,26.67,27.42,26.18,27.26,23321
TPX,10/27/2022,27.30,28.12,26.77,26.77,41865
TPX,10/26/2022,28.25,29.00,28.05,28.13,17523
TPX,10/25/2022,27.21,28.58,27.21,28.24,23416
TPX,10/24/2022,27.03,27.47,26.31,27.27,11649
TPX,10/21/2022,25.66,26.91,25.56,26.90,13794
TPX,10/20/2022,26.09,27.03,25.70,25.73,15422
TPX,10/19/2022,26.78,27.02,25.71,25.97,16274
TPX,10/18/2022,26.87,27.37,26.47,26.88,16383
TPX,10/17/2022,25.71,26.29,25.48,26.17,18268
TPX,10/14/2022,26.16,26.48,24.81,24.97,16211
TPX,10/13/2022,25.36,26.21,24.63,25.78,19667
TPX,10/12/2022,26.06,26.26,25.43,26.09,10701
TPX,10/11/2022,26.15,26.25,24.85,25.89,28514
TPX,10/10/2022,27.05,27.33,26.56,26.76,16888
TPX,10/07/2022,27.12,27.24,26.62,26.90,12209
TPX,10/06/2022,27.13,27.77,26.98,27.55,13625
TPX,10/05/2022,26.37,27.34,26.37,27.21,14765
TPX,10/04/2022,26.10,27.28,25.93,27.09,25250
TPX,10/03/2022,24.57,25.60,24.11,25.34,27390
TPX,09/30/2022,23.99,24.62,23.62,24.14,24503
TPX,09/29/2022,25.09,25.10,23.74,24.35,21827
TPX,09/28/2022,24.87,25.85,24.76,25.65,21170
TPX,09/27/2022,25.00,25.22,24.28,24.68,16465
TPX,09/26/2022,24.65,25.24,24.52,24.54,12775
TPX,09/23/2022,24.72,25.03,24.26,24.83,16439
TPX,09/22/2022,26.42,26.47,25.00,25.14,18090
TPX,09/21/2022,27.12,27.51,26.55,26.59,16794
TPX,09/20/2022,27.31,27.44,26.72,26.79,14727
TPX,09/19/2022,26.93,27.72,26.85,27.68,16441
TPX,09/16/2022,27.62,27.77,26.77,26.98,49903
TPX,09/15/2022,27.90,29.12,27.75,28.00,26336
TPX,09/14/2022,27.87,28.21,26.97,27.87,27849
TPX,09/13/2022,27.12,27.88,26.98,27.67,34921
TPX,09/12/2022,28.08,28.33,27.68,28.23,24321
TPX,09/09/2022,26.99,28.04,26.99,27.86,19297
TPX,09/08/2022,26.90,27.07,26.38,27.05,23338
TPX,09/07/2022,24.85,27.50,24.62,27.24,47008
TPX,09/06/2022,25.04,25.20,24.25,24.40,17933
TPX,09/02/2022,25.78,26.00,24.69,24.88,13158
TPX,09/01/2022,24.72,25.43,24.32,25.40,13957
TPX,08/31/2022,25.70,25.75,24.90,25.01,20377
TPX,08/30/2022,25.97,26.21,25.47,25.79,8412
TPX,08/29/2022,25.50,26.00,25.50,25.65,10675
TPX,08/26/2022,27.12,27.29,25.78,25.89,16931
TPX,08/25/2022,26.85,27.37,26.73,27.10,13365
TPX,08/24/2022,27.34,27.39,26.84,26.89,17726
TPX,08/23/2022,27.16,27.76,27.00,27.01,13000
TPX,08/22/2022,27.38,27.67,26.89,27.02,15291
TPX,08/19/2022,28.56,28.70,27.69,27.95,13186
TPX,08/18/2022,28.78,29.17,28.22,28.94,13873
TPX,08/17/2022,29.13,29.20,28.55,28.84,20548
TPX,08/16/2022,28.69,29.96,28.68,29.73,14861
TPX,08/15/2022,28.62,29.17,28.44,28.93,21494
TPX,08/12/2022,28.81,28.99,28.53,28.89,14350
TPX,08/11/2022,28.51,28.99,28.24,28.52,22781
TPX,08/10/2022,27.43,27.94,27.21,27.76,16957
TPX,08/09/2022,27.80,27.82,26.49,26.74,14325
TPX,08/08/2022,27.48,28.57,27.40,28.08,20823
TPX,08/05/2022,27.13,27.84,27.11,27.20,12512
TPX,08/04/2022,27.48,27.90,27.32,27.56,13167
TPX,08/03/2022,27.37,27.96,27.24,27.64,14854
TPX,08/02/2022,27.54,27.65,26.94,26.96,12050
TPX,08/01/2022,27.27,28.20,26.88,27.84,16782
TPX,07/29/2022,26.72,27.51,26.27,27.48,21802
TPX,07/28/2022,24.83,26.90,24.83,26.70,26719
TPX,07/27/2022,24.32,25.61,24.07,25.19,40246
TPX,07/26/2022,24.70,24.70,24.00,24.17,26768
TPX,07/25/2022,25.35,25.40,24.69,25.01,24530
TPX,07/22/2022,25.62,26.18,25.12,25.30,20147
TPX,07/21/2022,24.86,25.46,24.56,25.43,15095
TPX,07/20/2022,24.14,24.94,24.06,24.88,20790
TPX,07/19/2022,23.44,24.40,23.40,24.21,15901
TPX,07/18/2022,23.11,23.93,23.03,23.17,16572
TPX,07/15/2022,22.98,23.14,22.39,22.81,10664
TPX,07/14/2022,22.69,22.73,21.99,22.49,15731
TPX,07/13/2022,22.32,23.33,22.05,23.04,16025
TPX,07/12/2022,22.33,23.00,22.33,22.78,26113
TPX,07/11/2022,22.39,22.73,22.13,22.35,18045
TPX,07/08/2022,22.45,22.84,22.22,22.47,14285
TPX,07/07/2022,21.93,22.70,21.80,22.58,15957
TPX,07/06/2022,22.70,23.03,21.43,21.87,20777
TPX,07/05/2022,21.00,22.88,20.78,22.82,25290
TPX,07/01/2022,21.41,21.80,20.91,21.26,24529
TPX,06/30/2022,21.17,21.66,20.50,21.37,22970
TPX,06/29/2022,22.37,22.37,21.52,21.66,19574
TPX,06/28/2022,23.43,23.65,22.35,22.50,19759
TPX,06/27/2022,23.80,23.88,23.04,23.16,28106
TPX,06/24/2022,22.72,23.77,22.68,23.66,54926
TPX,06/23/2022,21.81,22.65,21.58,22.55,33076
TPX,06/22/2022,20.98,21.98,20.88,21.57,20633
TPX,06/21/2022,22.04,22.11,21.17,21.22,32366
TPX,06/17/2022,20.65,21.50,20.26,21.24,59283
TPX,06/16/2022,21.75,21.82,20.03,20.38,43433
TPX,06/15/2022,21.77,23.04,21.65,22.64,33882
TPX,06/14/2022,21.75,21.96,21.09,21.40,28233
TPX,06/13/2022,21.31,21.92,21.26,21.63,36449
TPX,06/10/2022,23.31,23.51,22.12,22.13,22382
TPX,06/09/2022,24.27,24.33,23.80,23.82,13951
TPX,06/08/2022,24.59,24.91,24.26,24.55,14391
TPX,06/07/2022,24.70,25.38,24.39,24.76,21678
TPX,06/06/2022,24.90,25.46,24.53,25.23,16100
TPX,06/03/2022,25.40,25.40,24.73,24.89,14832
TPX,06/02/2022,24.87,25.68,24.68,25.68,21472
TPX,06/01/2022,25.00,25.40,24.55,24.64,46975
TPX,05/31/2022,26.10,26.53,25.73,26.37,27873
TPX,05/27/2022,26.10,26.60,25.85,26.41,18569
TPX,05/26/2022,25.04,26.47,25.04,25.97,26873
TPX,05/25/2022,23.37,25.06,23.37,24.74,22410
TPX,05/24/2022,24.53,24.76,23.28,23.66,26090
TPX,05/23/2022,25.15,25.30,24.39,24.91,16241
TPX,05/20/2022,25.42,25.42,24.27,24.85,21587
TPX,05/19/2022,24.89,25.48,24.69,24.90,23883
TPX,05/18/2022,25.86,25.88,24.64,25.08,36304
TPX,05/17/2022,26.72,27.12,25.96,26.74,25723
TPX,05/16/2022,26.24,26.50,25.77,25.96,21404
TPX,05/13/2022,25.91,26.93,25.77,26.50,23044
TPX,05/12/2022,24.18,25.85,24.18,25.35,27877
TPX,05/11/2022,25.75,26.13,24.25,24.43,24473
TPX,05/10/2022,26.85,27.32,25.43,25.76,36610
TPX,05/09/2022,26.62,27.68,26.47,26.67,23133
TPX,05/06/2022,27.79,27.79,26.48,27.50,30659
TPX,05/05/2022,28.60,28.92,27.32,27.97,33210
TPX,05/04/2022,28.31,29.28,27.64,29.24,31662
TPX,05/03/2022,28.07,28.55,27.82,28.28,31849
TPX,05/02/2022,27.13,28.11,26.91,28.03,33664
TPX,04/29/2022,27.98,28.83,27.05,27.11,35934
TPX,04/28/2022,27.20,28.70,25.56,28.39,62623
TPX,04/27/2022,27.40,28.00,26.60,26.80,49798
TPX,04/26/2022,28.55,28.84,27.09,27.30,47241
TPX,04/25/2022,27.40,28.76,27.09,28.70,31560
TPX,04/22/2022,28.15,28.48,27.59,27.82,35783
TPX,04/21/2022,30.06,30.08,28.40,28.56,28692
TPX,04/20/2022,30.12,30.28,29.75,29.76,25266
TPX,04/19/2022,28.59,30.02,28.59,29.80,28936
TPX,04/18/2022,28.52,29.08,27.96,28.47,25777
TPX,04/14/2022,29.13,29.55,28.49,28.62,22497
TPX,04/13/2022,28.99,29.60,28.94,28.98,22240
TPX,04/12/2022,28.85,29.77,28.81,29.13,34561
TPX,04/11/2022,28.14,29.42,28.14,28.51,22245
TPX,04/08/2022,28.26,29.32,28.01,28.66,25907
TPX,04/07/2022,28.25,28.58,26.96,28.07,35286
TPX,04/06/2022,27.67,28.62,27.38,28.32,69240
TPX,04/05/2022,28.33,28.68,28.09,28.27,36996
TPX,04/04/2022,27.99,28.63,27.80,28.36,29111
TPX,04/01/2022,28.12,28.28,27.72,28.05,30364
TPX,03/31/2022,27.00,28.34,26.90,27.92,78305
TPX,03/30/2022,30.12,30.15,28.51,28.99,47557
TPX,03/29/2022,30.20,31.46,30.04,30.77,37055
TPX,03/28/2022,29.20,29.71,29.12,29.41,45256
TPX,03/25/2022,30.65,30.70,29.54,29.73,26841
TPX,03/24/2022,30.76,30.95,30.37,30.67,32186
TPX,03/23/2022,32.72,32.96,30.66,30.69,30845
TPX,03/22/2022,33.22,33.52,32.88,33.13,24356
TPX,03/21/2022,34.12,34.52,32.83,33.24,27180
TPX,03/18/2022,33.08,34.23,32.60,34.11,28248
TPX,03/17/2022,32.35,33.02,32.26,33.02,18859
TPX,03/16/2022,31.75,32.93,31.57,32.68,21327
TPX,03/15/2022,30.47,31.59,30.47,31.48,17176
TPX,03/14/2022,31.07,31.26,30.00,30.31,22205
TPX,03/11/2022,32.04,32.40,31.19,31.21,22349
TPX,03/10/2022,30.85,32.05,30.63,31.82,36750
TPX,03/09/2022,30.79,31.81,30.79,31.15,30890
TPX,03/08/2022,29.22,31.11,29.22,30.13,48668
TPX,03/07/2022,32.15,32.20,29.05,29.07,43312
TPX,03/04/2022,33.09,33.18,31.94,32.41,29603
TPX,03/03/2022,33.38,33.69,32.77,33.09,18973
TPX,03/02/2022,31.96,33.70,31.96,33.40,31632
TPX,03/01/2022,32.77,33.07,31.71,31.87,37876
TPX,02/28/2022,33.12,33.63,32.54,33.01,36932
TPX,02/25/2022,32.59,33.81,32.36,33.79,34906
TPX,02/24/2022,30.51,32.90,30.34,32.79,55006
TPX,02/23/2022,30.26,32.33,29.88,31.78,100766
TPX,02/22/2022,32.42,33.39,29.15,30.14,149053
TPX,02/18/2022,37.16,37.88,36.83,37.41,32430
TPX,02/17/2022,39.01,39.12,37.27,37.29,44856
TPX,02/16/2022,39.57,39.82,38.95,39.25,21014
TPX,02/15/2022,40.40,40.74,39.71,39.99,26955
TPX,02/14/2022,39.96,40.74,39.64,39.87,23805
