TSLA,06/23/2023,259.16,262.02,253.55,255.14,406475
TSLA,06/22/2023,250.61,265.00,248.25,264.61,1630402
TSLA,06/21/2023,275.00,276.99,257.78,259.46,2106515
TSLA,06/20/2023,261.57,274.75,261.12,274.45,1600209
TSLA,06/16/2023,259.21,263.60,257.21,260.54,1669114
TSLA,06/15/2023,248.14,258.95,247.29,255.90,1593670
TSLA,06/14/2023,260.00,261.57,250.50,256.79,1674372
TSLA,06/13/2023,253.40,259.68,251.34,258.71,1582872
TSLA,06/12/2023,248.00,250.97,244.59,249.83,1476400
TSLA,06/09/2023,249.00,252.42,242.02,244.40,1981851
TSLA,06/08/2023,224.01,235.23,223.01,234.86,1500483
TSLA,06/07/2023,228.00,230.83,223.20,224.57,1831358
TSLA,06/06/2023,216.04,221.91,212.53,221.31,1434582
TSLA,06/05/2023,217.69,221.29,214.52,217.61,1490197
TSLA,06/02/2023,210.00,217.25,209.75,213.97,1621491
TSLA,06/01/2023,202.51,209.80,199.37,207.52,1461035
TSLA,05/31/2023,199.83,203.95,195.12,203.93,1441592
TSLA,05/30/2023,200.00,204.48,197.53,201.16,1275577
TSLA,05/26/2023,184.54,198.60,184.53,193.17,1599223
TSLA,05/25/2023,186.49,186.78,180.58,184.47,942326
TSLA,05/24/2023,182.04,184.22,178.22,182.90,1340765
TSLA,05/23/2023,186.20,192.96,185.26,185.77,1552675
TSLA,05/22/2023,180.71,189.32,180.11,188.87,1301072
TSLA,05/19/2023,177.09,181.95,176.31,180.14,1351203
TSLA,05/18/2023,174.28,177.06,172.45,176.89,1069413
TSLA,05/17/2023,168.29,174.50,167.19,173.86,1239398
TSLA,05/16/2023,165.65,169.52,164.35,166.52,945185
TSLA,05/15/2023,167.61,169.76,164.55,166.35,1043181
TSLA,05/12/2023,176.05,177.38,167.23,167.98,1568105
TSLA,05/11/2023,168.70,173.57,166.79,172.08,990696
TSLA,05/10/2023,172.51,174.43,166.68,168.54,1189726
TSLA,05/09/2023,168.77,169.82,166.56,169.15,881773
TSLA,05/08/2023,173.60,173.80,169.19,171.79,1114356
TSLA,05/05/2023,163.94,170.79,163.51,170.06,1060928
TSLA,05/04/2023,162.70,162.95,159.65,161.20,940944
TSLA,05/03/2023,159.98,165.00,159.91,160.61,1183066
TSLA,05/02/2023,162.00,165.49,158.93,160.31,1278817
TSLA,05/01/2023,163.22,163.28,158.83,161.83,1079194
TSLA,04/28/2023,161.08,165.00,157.32,164.31,1206836
TSLA,04/27/2023,152.44,160.48,152.37,160.19,1247669
TSLA,04/26/2023,160.18,160.67,153.14,153.75,1510916
TSLA,04/25/2023,159.86,163.47,158.75,160.67,1213666
TSLA,04/24/2023,164.64,165.65,158.61,162.55,1383139
TSLA,04/21/2023,164.79,166.00,161.32,165.08,1224868
TSLA,04/20/2023,166.13,169.70,160.56,162.99,2087569
TSLA,04/19/2023,179.11,183.50,177.65,180.59,1053047
TSLA,04/18/2023,187.05,187.69,183.58,184.31,907936
TSLA,04/17/2023,186.40,189.69,182.69,187.04,1155401
TSLA,04/14/2023,184.00,186.28,182.01,185.00,952479
TSLA,04/13/2023,182.75,186.50,180.94,185.90,1115995
TSLA,04/12/2023,190.66,191.58,180.31,180.54,1482940
TSLA,04/11/2023,186.55,189.19,185.65,186.79,1150767
TSLA,04/10/2023,180.00,185.10,176.11,184.51,1411958
TSLA,04/06/2023,183.00,186.39,179.74,185.06,1225819
TSLA,04/05/2023,190.50,190.68,183.76,185.52,1324929
TSLA,04/04/2023,197.31,198.74,190.32,192.58,1259364
TSLA,04/03/2023,200.00,202.69,192.20,194.77,1678323
TSLA,03/31/2023,197.50,207.79,197.20,207.46,1675311
TSLA,03/30/2023,195.50,197.33,194.42,195.28,1087771
TSLA,03/29/2023,193.17,195.29,189.44,193.88,1222900
TSLA,03/28/2023,191.99,192.35,185.43,189.19,976780
TSLA,03/27/2023,194.36,197.39,189.94,191.81,1194086
TSLA,03/24/2023,191.76,192.36,187.15,190.41,1151055
TSLA,03/23/2023,195.33,199.31,188.65,192.22,1422480
TSLA,03/22/2023,199.50,200.66,190.95,191.15,1479067
TSLA,03/21/2023,188.28,198.00,188.04,197.58,1519174
TSLA,03/20/2023,178.00,186.44,176.35,183.25,1284478
TSLA,03/17/2023,184.54,186.22,177.33,180.13,1325872
TSLA,03/16/2023,180.43,185.81,178.84,184.13,1197264
TSLA,03/15/2023,180.90,182.34,176.03,180.45,1432926
TSLA,03/14/2023,177.30,183.80,177.14,183.26,1413430
TSLA,03/13/2023,167.49,177.35,163.91,174.48,1664286
TSLA,03/10/2023,174.87,178.29,168.44,173.44,1888694
TSLA,03/09/2023,180.28,185.18,172.51,172.92,1655120
TSLA,03/08/2023,184.90,186.50,180.00,182.00,1506686
TSLA,03/07/2023,191.40,194.20,186.10,187.71,1467534
TSLA,03/06/2023,198.39,198.60,192.30,193.81,1275783
TSLA,03/03/2023,194.61,200.48,192.88,197.79,1533838
TSLA,03/02/2023,186.80,193.75,186.01,190.90,1799411
TSLA,03/01/2023,206.13,207.20,198.52,202.77,1428002
TSLA,02/28/2023,210.51,211.23,203.75,205.71,1518764
TSLA,02/27/2023,202.00,209.42,201.26,207.63,1585837
TSLA,02/24/2023,196.27,197.67,192.80,196.88,1410782
TSLA,02/23/2023,203.86,205.14,196.33,202.07,1451990
TSLA,02/22/2023,197.70,201.99,191.78,200.86,1890523
TSLA,02/21/2023,204.99,209.71,197.22,197.37,1766895
TSLA,02/17/2023,200.00,208.44,197.50,208.31,2115112
TSLA,02/16/2023,210.88,217.65,201.84,202.04,2226257
TSLA,02/15/2023,211.80,214.66,206.11,214.24,1785309
TSLA,02/14/2023,191.90,209.82,189.44,209.25,2128040
TSLA,02/13/2023,194.50,196.30,187.61,194.64,1710715
TSLA,02/10/2023,202.14,206.20,192.89,196.89,2031362
TSLA,02/09/2023,207.52,214.00,204.77,207.32,2122991
TSLA,02/08/2023,196.08,203.00,194.31,201.29,1784766
TSLA,02/07/2023,196.66,197.50,189.55,196.81,1844396
TSLA,02/06/2023,193.00,198.17,189.92,194.76,1842869
TSLA,02/03/2023,184.15,199.00,183.69,189.98,2291043
TSLA,02/02/2023,187.29,196.75,182.61,188.27,2141706
TSLA,02/01/2023,173.81,183.81,169.93,181.41,2090468
TSLA,01/31/2023,164.40,174.30,162.78,173.22,1959079
TSLA,01/30/2023,178.05,179.77,166.50,166.66,2271304
TSLA,01/27/2023,162.50,180.68,161.17,177.90,3041356
TSLA,01/26/2023,159.99,161.42,154.76,160.27,2330108
TSLA,01/25/2023,142.00,146.41,138.07,144.43,1749067
TSLA,01/24/2023,143.09,146.50,141.10,143.89,1562698
TSLA,01/23/2023,135.85,145.38,134.27,143.75,2008187
TSLA,01/20/2023,128.37,133.51,127.35,133.42,1365125
TSLA,01/19/2023,127.32,129.99,124.31,127.17,1683158
TSLA,01/18/2023,136.56,136.68,127.01,128.78,1937322
TSLA,01/17/2023,125.70,131.70,125.02,131.49,1856569
TSLA,01/13/2023,116.53,122.63,115.60,122.40,1790018
TSLA,01/12/2023,122.50,124.13,117.00,123.56,1675425
TSLA,01/11/2023,122.00,125.95,120.51,123.22,1831246
TSLA,01/10/2023,121.06,122.76,114.92,118.85,1655875
TSLA,01/09/2023,119.19,123.52,117.11,119.77,1893536
TSLA,01/06/2023,103.00,114.39,101.81,113.06,2189460
TSLA,01/05/2023,110.20,111.75,107.16,110.34,1564054
TSLA,01/04/2023,109.31,114.59,107.52,113.64,1793155
TSLA,01/03/2023,118.33,118.80,104.64,108.10,2301326
TSLA,12/30/2022,120.00,124.48,119.75,123.18,1555732
TSLA,12/29/2022,120.23,123.57,117.50,121.82,2171988
TSLA,12/28/2022,110.33,116.27,108.24,112.71,2201161
TSLA,12/27/2022,117.50,119.67,108.76,109.10,2010906
TSLA,12/23/2022,126.45,128.62,121.02,123.15,1652797
TSLA,12/22/2022,136.18,136.63,122.26,125.35,2033796
TSLA,12/21/2022,139.25,141.26,135.89,137.57,1438411
TSLA,12/20/2022,145.90,148.47,137.66,137.80,1547760
TSLA,12/19/2022,154.00,155.25,145.82,149.87,1378321
TSLA,12/16/2022,159.87,160.99,150.04,150.23,1265104
TSLA,12/15/2022,153.50,160.93,153.28,157.67,1200523
TSLA,12/14/2022,159.34,161.62,155.31,156.80,1396426
TSLA,12/13/2022,174.89,175.05,156.91,160.95,1732088
TSLA,12/12/2022,175.92,177.37,167.52,167.82,1056442
TSLA,12/09/2022,173.79,182.50,173.36,179.05,1040250
TSLA,12/08/2022,172.07,175.20,169.06,173.44,966587
TSLA,12/07/2022,174.96,179.38,172.22,174.04,838996
TSLA,12/06/2022,181.25,183.65,175.33,179.82,911328
TSLA,12/05/2022,189.50,191.27,180.55,182.45,917328
TSLA,12/02/2022,191.81,196.25,191.11,194.86,729187
TSLA,12/01/2022,197.00,198.92,191.80,194.70,788316
TSLA,11/30/2022,182.56,194.76,180.63,194.70,1034299
TSLA,11/29/2022,185.00,186.38,178.75,180.83,824068
TSLA,11/28/2022,179.57,188.50,179.00,182.92,917571
TSLA,11/25/2022,185.00,185.20,180.63,182.86,497351
TSLA,11/23/2022,173.91,183.62,172.50,183.20,1081681
TSLA,11/22/2022,168.47,170.92,166.18,169.91,775813
TSLA,11/21/2022,175.94,176.77,167.54,167.87,911153
TSLA,11/18/2022,184.85,185.19,176.55,180.19,752937
TSLA,11/17/2022,183.85,186.16,180.90,183.17,630991
TSLA,11/16/2022,191.56,192.57,185.66,186.92,650569
TSLA,11/15/2022,195.77,200.82,192.06,194.42,886612
TSLA,11/14/2022,192.81,195.73,186.34,190.95,919090
TSLA,11/11/2022,185.85,196.52,182.59,195.97,1127367
TSLA,11/10/2022,189.83,191.00,180.03,190.72,1320140
TSLA,11/09/2022,190.61,195.89,177.12,177.59,1243564
TSLA,11/08/2022,194.00,195.20,186.75,191.30,1268955
TSLA,11/07/2022,208.71,208.90,196.66,197.08,917383
TSLA,11/04/2022,222.50,223.80,203.08,207.47,971783
TSLA,11/03/2022,211.10,221.20,210.14,215.31,557918
TSLA,11/02/2022,225.88,227.87,214.82,214.98,616309
TSLA,11/01/2022,234.18,237.40,227.28,227.82,608597
TSLA,10/31/2022,226.15,229.85,221.94,227.54,603519
TSLA,10/28/2022,225.00,228.86,216.35,228.52,681848
TSLA,10/27/2022,229.95,233.81,222.85,225.09,606325
TSLA,10/26/2022,219.42,230.60,218.20,224.64,840726
TSLA,10/25/2022,210.00,224.35,210.00,222.41,946423
TSLA,10/24/2022,205.63,213.50,198.59,211.25,993845
TSLA,10/21/2022,206.31,214.66,203.80,214.44,733539
TSLA,10/20/2022,208.30,215.55,202.00,207.28,1163125
TSLA,10/19/2022,219.70,222.93,217.78,222.04,583037
TSLA,10/18/2022,229.20,229.82,217.25,220.19,738265
TSLA,10/17/2022,210.00,221.86,209.45,219.35,778004
TSLA,10/14/2022,223.94,226.26,204.16,204.99,916217
TSLA,10/13/2022,208.49,222.99,206.22,221.72,908478
TSLA,10/12/2022,215.79,219.30,211.51,217.24,660631
TSLA,10/11/2022,221.00,225.75,215.00,216.50,762369
TSLA,10/10/2022,223.91,226.99,218.36,222.96,668843
TSLA,10/07/2022,234.00,234.57,222.02,223.07,819667
TSLA,10/06/2022,239.52,244.58,235.35,238.13,680923
TSLA,10/05/2022,245.00,246.67,233.27,240.81,854263
TSLA,10/04/2022,250.50,257.50,242.01,249.44,1079117
TSLA,10/03/2022,254.40,255.16,241.01,242.40,959798
TSLA,09/30/2022,266.07,275.57,262.47,265.25,674748
TSLA,09/29/2022,282.70,283.65,265.78,268.21,773121
TSLA,09/28/2022,283.00,289.00,277.57,287.81,544479
TSLA,09/27/2022,284.01,288.67,277.51,282.94,615687
TSLA,09/26/2022,271.83,284.09,270.31,276.01,578409
TSLA,09/23/2022,282.75,284.50,272.82,275.33,627862
TSLA,09/22/2022,300.00,301.29,285.82,288.59,696715
TSLA,09/21/2022,308.29,313.80,300.63,300.80,608510
TSLA,09/20/2022,307.00,313.33,305.58,308.73,606551
TSLA,09/19/2022,300.00,309.84,297.80,309.07,590327
TSLA,09/16/2022,300.01,303.71,295.60,303.35,811611
TSLA,09/15/2022,302.00,309.12,300.72,303.75,630479
TSLA,09/14/2022,292.13,306.00,291.64,302.61,723499
TSLA,09/13/2022,292.90,297.40,290.40,292.13,666442
TSLA,09/12/2022,300.59,305.49,300.40,304.42,473787
TSLA,09/09/2022,291.60,299.85,291.24,299.68,531054
TSLA,09/08/2022,281.13,289.50,279.76,289.26,530808
TSLA,09/07/2022,272.95,283.84,272.27,283.70,485741
TSLA,09/06/2022,272.63,275.99,265.74,274.42,551130
TSLA,09/02/2022,281.47,282.35,269.08,270.21,498453
TSLA,09/01/2022,272.59,277.58,266.15,277.16,532723
TSLA,08/31/2022,280.72,281.25,271.81,275.61,516975
TSLA,08/30/2022,288.00,288.48,272.65,277.70,491286
TSLA,08/29/2022,283.00,287.74,280.70,284.82,404693
TSLA,08/26/2022,297.50,302.00,287.47,288.09,554535
TSLA,08/25/2022,302.30,302.96,291.60,296.07,526009
TSLA,08/24/2022,297.56,303.64,296.50,297.09,555782
TSLA,08/23/2022,291.52,298.82,287.92,296.45,627207
TSLA,08/22/2022,292.13,292.40,286.29,289.91,544595
TSLA,08/19/2022,299.23,300.36,292.50,296.66,611910
TSLA,08/18/2022,305.98,306.50,301.85,302.87,468475
TSLA,08/17/2022,303.33,309.65,300.03,303.99,678684
TSLA,08/16/2022,311.66,314.66,302.88,306.56,872288
TSLA,08/15/2022,301.77,313.13,301.23,309.32,880463
TSLA,08/12/2022,289.38,300.16,285.03,300.03,775810
TSLA,08/11/2022,296.51,298.23,285.83,286.63,692664
TSLA,08/10/2022,297.13,297.51,283.37,294.35,946053
TSLA,08/09/2022,290.35,292.39,279.35,283.33,851012
TSLA,08/08/2022,294.83,305.20,289.08,290.42,978843
TSLA,08/05/2022,303.00,304.60,285.54,288.17,1114730
TSLA,08/04/2022,311.23,313.60,305.00,308.63,704470
TSLA,08/03/2022,305.00,309.55,301.15,307.39,786070
TSLA,08/02/2022,294.00,307.83,292.66,300.58,941955
TSLA,08/01/2022,301.33,311.87,295.00,297.27,1157777
TSLA,07/29/2022,280.77,298.32,279.10,297.15,949053
TSLA,07/28/2022,280.01,283.30,272.80,280.90,823280
TSLA,07/27/2022,263.83,275.92,261.79,274.82,867590
TSLA,07/26/2022,266.50,267.31,256.26,258.86,647601
TSLA,07/25/2022,272.20,274.14,267.40,268.43,627462
TSLA,07/22/2022,276.26,280.78,270.71,272.24,1024909
TSLA,07/21/2022,254.94,273.26,254.86,271.70,1399427
TSLA,07/20/2022,247.00,250.66,243.48,247.50,742963
TSLA,07/19/2022,245.00,247.14,236.97,245.53,793378
TSLA,07/18/2022,245.00,250.51,239.60,240.54,817823
TSLA,07/15/2022,240.00,243.62,236.89,240.06,683034
TSLA,07/14/2022,234.89,238.65,229.33,238.31,777757
TSLA,07/13/2022,225.61,242.06,225.03,237.04,965934
TSLA,07/12/2022,236.86,239.77,228.37,233.07,870983
TSLA,07/11/2022,251.85,253.06,233.62,234.34,984930
TSLA,07/08/2022,242.33,254.98,241.16,250.76,980007
TSLA,07/07/2022,233.66,245.36,232.21,244.54,808820
TSLA,07/06/2022,230.71,234.56,227.18,231.73,716242
TSLA,07/05/2022,222.71,233.14,216.16,233.06,832163
TSLA,07/01/2022,227.25,230.23,222.12,227.26,735190
TSLA,06/30/2022,224.50,229.45,218.86,224.47,940608
TSLA,06/29/2022,230.59,231.17,222.27,228.49,821948
TSLA,06/28/2022,244.50,249.97,232.34,232.66,889277
TSLA,06/27/2022,249.37,252.07,242.56,244.92,863783
TSLA,06/24/2022,237.63,246.06,236.08,245.70,924477
TSLA,06/23/2022,237.90,239.31,228.63,235.07,1027483
TSLA,06/22/2022,234.23,246.83,233.82,236.08,987117
TSLA,06/21/2022,224.46,243.57,224.33,237.03,1195496
TSLA,06/17/2022,213.54,220.97,213.19,216.76,890771
TSLA,06/16/2022,222.53,225.16,208.69,213.10,1059784
TSLA,06/15/2022,220.78,235.66,218.15,233.00,1162253
TSLA,06/14/2022,218.13,226.33,211.73,220.89,975243
TSLA,06/13/2022,223.00,226.63,214.68,215.73,1008136
TSLA,06/10/2022,235.06,239.50,227.91,232.23,933438
TSLA,06/09/2022,249.49,255.54,239.32,239.70,950199
TSLA,06/08/2022,240.05,249.96,239.17,241.86,749464
TSLA,06/07/2022,234.00,239.99,230.09,238.88,713638
TSLA,06/06/2022,244.66,244.86,234.35,238.28,832133
TSLA,06/03/2022,243.13,247.79,233.41,234.51,1102901
TSLA,06/02/2022,244.12,264.21,242.06,258.33,923547
TSLA,06/01/2022,251.72,257.32,243.64,246.79,750754
TSLA,05/31/2022,257.87,259.60,244.74,252.75,998292
TSLA,05/27/2022,240.70,253.26,240.17,253.21,878591
TSLA,05/26/2022,220.33,239.55,217.88,235.91,1032736
TSLA,05/25/2022,208.00,223.10,207.67,219.60,895556
TSLA,05/24/2022,217.75,217.97,206.85,209.38,867905
TSLA,05/23/2022,218.33,226.65,212.68,224.96,868265
TSLA,05/20/2022,237.98,240.52,211.00,221.30,1429346
TSLA,05/19/2022,235.66,244.66,231.37,236.47,892451
TSLA,05/18/2022,248.33,253.50,233.60,236.60,862721
TSLA,05/17/2022,248.95,254.82,242.95,253.87,787156
TSLA,05/16/2022,256.00,256.58,239.69,241.45,856928
TSLA,05/13/2022,257.99,262.45,250.52,256.53,911661
TSLA,05/12/2022,233.70,253.22,226.66,242.66,1387825
TSLA,05/11/2022,265.33,269.92,242.40,244.66,947409
TSLA,05/10/2022,272.95,275.12,258.08,266.68,829016
TSLA,05/09/2022,278.80,281.87,260.38,262.37,897170
TSLA,05/06/2022,295.66,296.00,281.03,288.55,720037
TSLA,05/05/2022,313.19,315.20,285.90,291.09,909183
TSLA,05/04/2022,300.97,318.50,295.09,317.54,802844
TSLA,05/03/2022,300.89,308.02,296.19,303.08,617349
TSLA,05/02/2022,287.21,302.12,282.67,300.98,738610
TSLA,04/29/2022,300.47,311.46,290.00,290.25,849566
TSLA,04/28/2022,298.66,300.00,273.90,292.50,1245141
TSLA,04/27/2022,299.80,306.00,292.45,293.83,764236
TSLA,04/26/2022,331.81,333.33,291.66,292.14,1330732
TSLA,04/25/2022,326.46,336.20,325.10,332.67,672702
TSLA,04/22/2022,338.40,344.95,331.33,335.01,683823
TSLA,04/21/2022,358.53,364.07,332.14,336.26,1044448
TSLA,04/20/2022,343.33,344.66,325.08,325.73,593693
TSLA,04/19/2022,334.96,344.98,331.77,342.71,492016
TSLA,04/18/2022,329.73,338.30,324.47,334.76,503885
TSLA,04/14/2022,332.83,337.57,327.39,328.33,561857
TSLA,04/13/2022,327.33,342.08,324.36,340.79,542378
TSLA,04/12/2022,332.60,340.39,325.53,328.98,650781
TSLA,04/11/2022,326.71,336.15,324.88,325.31,580823
TSLA,04/08/2022,347.79,349.48,340.81,341.83,541841
TSLA,04/07/2022,350.83,358.86,340.51,352.42,781234
TSLA,04/06/2022,357.87,359.66,342.56,348.58,881462
TSLA,04/05/2022,378.60,384.29,362.43,363.75,781567
TSLA,04/04/2022,363.16,383.30,357.51,381.81,802886
TSLA,04/01/2022,360.23,364.91,355.54,361.53,516986
TSLA,03/31/2022,364.67,367.71,358.88,359.20,470212
TSLA,03/30/2022,363.69,371.31,361.33,364.66,595379
TSLA,03/29/2022,368.90,371.59,357.70,366.52,723442
TSLA,03/28/2022,355.00,365.96,351.20,363.94,1009918
TSLA,03/25/2022,336.08,340.60,332.44,336.88,605220
TSLA,03/24/2022,336.53,341.49,329.60,337.97,685503
TSLA,03/23/2022,326.85,346.90,325.46,333.03,1202979
TSLA,03/22/2022,309.91,332.62,307.25,331.32,1033783
TSLA,03/21/2022,305.01,314.28,302.36,307.05,801626
TSLA,03/18/2022,292.00,302.61,289.13,301.79,960561
TSLA,03/17/2022,276.99,291.66,275.24,290.53,654390
TSLA,03/16/2022,269.26,280.66,267.42,280.07,836411
TSLA,03/15/2022,258.29,268.52,252.19,267.29,654693
TSLA,03/14/2022,260.30,266.90,252.01,255.45,691593
TSLA,03/11/2022,280.01,281.26,264.59,265.11,660057
TSLA,03/10/2022,284.51,284.81,270.12,279.43,577622
TSLA,03/09/2022,279.66,286.85,277.33,286.32,574049
TSLA,03/08/2022,265.21,283.33,260.72,274.80,801377
TSLA,03/07/2022,285.87,288.71,268.19,268.19,703213
TSLA,03/04/2022,283.00,285.21,275.05,279.43,661092
TSLA,03/03/2022,292.77,295.48,277.53,279.76,600696
TSLA,03/02/2022,290.71,295.49,281.42,293.29,730975
TSLA,03/01/2022,289.99,296.62,284.59,288.12,744403
TSLA,02/28/2022,271.90,292.28,271.57,290.14,966855
TSLA,02/25/2022,269.88,273.16,260.80,269.95,746602
TSLA,02/24/2022,233.46,267.49,233.33,266.92,1335466
TSLA,02/23/2022,276.81,278.43,253.52,254.68,926070
TSLA,02/22/2022,277.85,285.57,267.03,273.84,815807
TSLA,02/18/2022,295.33,295.62,279.20,285.66,672441
TSLA,02/17/2022,304.42,306.16,291.36,292.11,544526
TSLA,02/16/2022,304.68,308.81,300.40,307.79,497650
TSLA,02/15/2022,300.00,307.66,297.79,307.47,566519
TSLA,02/14/2022,287.27,299.62,284.38,291.92,667980
