VRSK,06/23/2023,227.05,227.26,225.01,226.15,1005
VRSK,06/22/2023,226.89,228.43,226.14,228.01,12449
VRSK,06/21/2023,225.97,227.94,225.26,227.22,11896
VRSK,06/20/2023,225.11,227.83,224.37,225.97,12869
VRSK,06/16/2023,225.78,226.48,223.27,224.52,35502
VRSK,06/15/2023,220.15,225.65,219.65,224.57,13593
VRSK,06/14/2023,216.80,220.50,216.44,220.28,13736
VRSK,06/13/2023,219.09,219.51,216.24,217.14,15221
VRSK,06/12/2023,219.36,219.76,217.12,219.12,10732
VRSK,06/09/2023,219.23,220.74,217.81,219.36,5787
VRSK,06/08/2023,217.81,220.12,216.79,219.91,9515
VRSK,06/07/2023,221.32,222.19,217.84,218.49,9096
VRSK,06/06/2023,223.82,224.47,220.74,221.32,7526
VRSK,06/05/2023,220.73,224.35,220.73,223.13,11534
VRSK,06/02/2023,220.33,222.60,219.84,221.37,11589
VRSK,06/01/2023,220.43,221.61,218.91,219.97,7325
VRSK,05/31/2023,219.04,219.77,216.17,219.11,15025
VRSK,05/30/2023,217.84,219.96,217.54,218.64,8405
VRSK,05/26/2023,219.15,220.91,216.03,217.07,10095
VRSK,05/25/2023,216.13,219.30,215.17,218.68,10946
VRSK,05/24/2023,215.94,217.63,214.67,216.66,8221
VRSK,05/23/2023,217.37,217.51,215.30,215.76,8709
VRSK,05/22/2023,221.89,222.75,217.93,218.25,9678
VRSK,05/19/2023,221.00,222.93,220.63,222.12,10427
VRSK,05/18/2023,218.97,221.00,217.30,220.63,7722
VRSK,05/17/2023,220.00,220.49,217.98,219.12,10539
VRSK,05/16/2023,214.99,218.60,213.65,218.11,9373
VRSK,05/15/2023,214.92,215.22,212.90,214.99,8768
VRSK,05/12/2023,215.86,216.54,214.29,215.01,9657
VRSK,05/11/2023,214.51,216.60,213.82,215.33,10707
VRSK,05/10/2023,214.25,216.42,213.82,214.47,10924
VRSK,05/09/2023,210.38,212.61,209.02,211.40,6775
VRSK,05/08/2023,211.56,212.26,209.36,210.12,7902
VRSK,05/05/2023,206.38,211.93,206.38,210.88,11764
VRSK,05/04/2023,208.93,210.86,205.70,205.76,12975
VRSK,05/03/2023,200.00,206.63,198.40,203.97,21903
VRSK,05/02/2023,191.47,191.47,187.86,188.98,11088
VRSK,05/01/2023,193.31,194.03,192.14,192.57,8127
VRSK,04/28/2023,193.00,194.58,192.58,194.11,7843
VRSK,04/27/2023,190.86,192.78,189.14,192.10,9014
VRSK,04/26/2023,190.74,192.47,189.68,190.22,6431
VRSK,04/25/2023,195.26,195.79,192.30,192.71,6520
VRSK,04/24/2023,196.01,197.45,195.25,195.80,6431
VRSK,04/21/2023,195.07,197.54,194.85,196.79,8460
VRSK,04/20/2023,192.00,195.95,191.99,194.56,7451
VRSK,04/19/2023,192.25,193.34,191.94,192.82,5805
VRSK,04/18/2023,193.08,193.73,191.90,193.14,7724
VRSK,04/17/2023,192.40,193.28,190.29,192.17,8153
VRSK,04/14/2023,193.81,194.81,191.42,191.86,9641
VRSK,04/13/2023,192.89,194.73,191.76,194.61,5630
VRSK,04/12/2023,192.40,193.81,191.29,192.17,4827
VRSK,04/11/2023,190.51,191.99,190.46,191.45,5573
VRSK,04/10/2023,188.80,190.48,186.96,190.26,5064
VRSK,04/06/2023,191.22,191.27,189.55,190.42,7994
VRSK,04/05/2023,190.50,193.34,190.50,191.46,7728
VRSK,04/04/2023,191.11,192.72,189.97,190.59,6604
VRSK,04/03/2023,190.22,192.08,189.23,191.58,7559
VRSK,03/31/2023,191.92,194.01,190.90,191.86,13495
VRSK,03/30/2023,191.00,191.90,190.06,190.96,9329
VRSK,03/29/2023,188.92,190.82,188.92,190.25,11294
VRSK,03/28/2023,184.16,187.94,184.04,187.69,8489
VRSK,03/27/2023,187.04,188.67,185.04,185.24,7830
VRSK,03/24/2023,182.06,187.08,181.20,186.69,9838
VRSK,03/23/2023,182.91,184.12,181.01,181.82,9911
VRSK,03/22/2023,186.23,187.17,182.90,182.94,8555
VRSK,03/21/2023,185.98,186.91,184.75,186.10,9857
VRSK,03/20/2023,180.65,185.64,180.42,185.50,11861
VRSK,03/17/2023,182.26,183.91,179.80,180.07,16471
VRSK,03/16/2023,179.21,181.92,178.52,180.87,16917
VRSK,03/15/2023,179.64,181.77,177.89,179.97,15500
VRSK,03/14/2023,181.27,184.51,179.13,180.90,14681
VRSK,03/13/2023,180.03,184.37,179.99,180.96,15103
VRSK,03/10/2023,182.28,183.76,179.67,180.14,8784
VRSK,03/09/2023,185.28,187.33,182.89,183.17,9616
VRSK,03/08/2023,184.16,185.84,183.37,184.87,9726
VRSK,03/07/2023,189.30,189.45,182.82,184.15,10906
VRSK,03/06/2023,186.63,189.36,186.48,187.70,12061
VRSK,03/03/2023,181.95,187.16,181.84,186.92,14331
VRSK,03/02/2023,176.29,181.69,174.99,181.59,17475
VRSK,03/01/2023,178.74,184.43,176.52,176.72,24357
VRSK,02/28/2023,170.36,172.54,169.82,171.11,14872
VRSK,02/27/2023,173.44,173.44,171.23,171.99,11945
VRSK,02/24/2023,171.21,172.28,169.74,171.68,8429
VRSK,02/23/2023,174.38,175.46,171.78,173.90,9868
VRSK,02/22/2023,175.06,176.46,174.03,174.50,7394
VRSK,02/21/2023,176.18,176.36,173.95,174.69,7448
VRSK,02/17/2023,176.42,177.33,175.00,177.13,16302
VRSK,02/16/2023,175.00,177.28,174.72,176.22,6327
VRSK,02/15/2023,176.21,178.82,175.00,177.42,7693
VRSK,02/14/2023,178.14,178.97,172.29,176.82,7250
VRSK,02/13/2023,177.02,179.62,177.02,179.07,8414
VRSK,02/10/2023,175.36,177.40,174.94,176.78,6648
VRSK,02/09/2023,178.41,180.00,175.56,176.22,7787
VRSK,02/08/2023,177.30,179.28,176.56,177.71,11583
VRSK,02/07/2023,174.71,178.58,173.05,177.87,12993
VRSK,02/06/2023,178.20,178.79,176.21,176.93,15207
VRSK,02/03/2023,185.07,185.12,179.83,180.11,14836
VRSK,02/02/2023,185.00,188.85,182.19,187.02,10773
VRSK,02/01/2023,181.23,185.55,179.39,184.16,11195
VRSK,01/31/2023,180.00,181.85,179.12,181.79,10461
VRSK,01/30/2023,180.13,180.76,178.52,179.41,10153
VRSK,01/27/2023,179.76,181.33,178.90,180.15,9661
VRSK,01/26/2023,181.06,181.66,178.98,180.99,7750
VRSK,01/25/2023,180.75,180.96,176.78,180.11,9289
VRSK,01/24/2023,185.17,185.51,182.61,183.35,7812
VRSK,01/23/2023,182.35,187.42,181.64,185.36,8069
VRSK,01/20/2023,176.89,181.98,176.37,181.61,7873
VRSK,01/19/2023,179.67,180.67,177.69,178.31,7640
VRSK,01/18/2023,181.95,183.66,179.89,180.69,6471
VRSK,01/17/2023,182.91,183.64,181.14,181.57,7788
VRSK,01/13/2023,182.25,184.32,182.04,183.95,4731
VRSK,01/12/2023,186.18,186.80,181.75,182.96,6255
VRSK,01/11/2023,184.51,186.52,183.50,186.47,6402
VRSK,01/10/2023,181.00,183.89,180.37,183.54,3622
VRSK,01/09/2023,183.00,185.16,181.88,182.05,8634
VRSK,01/06/2023,179.51,183.52,178.00,182.88,6764
VRSK,01/05/2023,178.83,179.06,176.36,177.64,6279
VRSK,01/04/2023,179.84,181.64,178.70,180.25,5811
VRSK,01/03/2023,177.40,179.35,176.02,177.34,6185
VRSK,12/30/2022,176.63,177.80,174.07,176.42,5918
VRSK,12/29/2022,174.61,179.07,174.61,178.06,4841
VRSK,12/28/2022,175.56,177.61,173.99,174.23,5538
VRSK,12/27/2022,175.80,176.62,174.32,175.56,4544
VRSK,12/23/2022,173.52,175.87,173.28,175.61,4557
VRSK,12/22/2022,174.33,174.61,171.19,174.48,5879
VRSK,12/21/2022,173.46,176.82,171.98,176.12,6547
VRSK,12/20/2022,173.04,173.51,170.54,172.19,6897
VRSK,12/19/2022,174.82,175.81,171.70,173.22,7917
VRSK,12/16/2022,175.20,177.29,174.52,175.02,17292
VRSK,12/15/2022,181.67,182.28,176.10,176.60,10932
VRSK,12/14/2022,184.57,187.29,181.10,182.97,7054
VRSK,12/13/2022,188.87,189.18,182.90,184.70,6658
VRSK,12/12/2022,183.57,184.15,178.89,181.90,8316
VRSK,12/09/2022,182.18,183.61,180.82,182.51,6860
VRSK,12/08/2022,182.54,183.83,180.99,182.18,5780
VRSK,12/07/2022,181.16,185.26,181.16,182.96,8385
VRSK,12/06/2022,183.15,183.60,181.25,182.04,8127
VRSK,12/05/2022,183.71,184.01,182.10,183.15,8326
VRSK,12/02/2022,183.76,186.47,180.84,185.44,8168
VRSK,12/01/2022,185.32,187.68,184.89,186.14,8308
VRSK,11/30/2022,177.00,184.42,176.73,183.71,17059
VRSK,11/29/2022,175.56,177.91,174.68,176.93,7762
VRSK,11/28/2022,181.62,183.34,177.32,177.54,8113
VRSK,11/25/2022,180.99,183.67,180.00,182.87,4259
VRSK,11/23/2022,178.75,181.61,178.05,180.05,6069
VRSK,11/22/2022,180.35,181.70,178.38,178.65,9700
VRSK,11/21/2022,174.00,180.98,173.91,179.95,11690
VRSK,11/18/2022,172.41,174.11,170.70,173.54,12279
VRSK,11/17/2022,172.56,173.46,167.81,170.23,19088
VRSK,11/16/2022,177.00,178.34,173.67,174.51,15748
VRSK,11/15/2022,176.98,178.39,174.66,177.00,18059
VRSK,11/14/2022,178.13,178.78,173.80,173.98,11514
VRSK,11/11/2022,181.11,181.11,177.49,178.27,8554
VRSK,11/10/2022,177.03,181.61,175.64,181.11,13190
VRSK,11/09/2022,170.14,172.54,169.00,169.87,8206
VRSK,11/08/2022,169.30,172.65,167.69,170.60,7508
VRSK,11/07/2022,167.70,168.64,166.46,168.49,8168
VRSK,11/04/2022,166.64,167.59,162.94,166.52,10243
VRSK,11/03/2022,167.12,168.44,165.09,165.37,10671
VRSK,11/02/2022,172.62,178.62,169.28,169.33,17845
VRSK,11/01/2022,183.48,185.10,180.40,181.47,7572
VRSK,10/31/2022,181.71,186.86,180.35,182.83,13607
VRSK,10/28/2022,176.94,181.56,176.82,181.12,5944
VRSK,10/27/2022,173.77,177.48,172.60,176.41,7124
VRSK,10/26/2022,174.27,176.71,173.29,173.52,6844
VRSK,10/25/2022,169.95,174.08,169.48,173.82,7676
VRSK,10/24/2022,168.96,170.02,166.96,169.46,6413
VRSK,10/21/2022,165.38,167.75,163.79,166.99,8196
VRSK,10/20/2022,169.47,169.47,164.52,165.69,8154
VRSK,10/19/2022,172.00,173.25,168.63,169.36,6614
VRSK,10/18/2022,175.08,176.42,172.84,173.86,7195
VRSK,10/17/2022,169.16,173.14,168.93,171.44,10874
VRSK,10/14/2022,172.26,173.12,166.35,166.84,6279
VRSK,10/13/2022,164.90,170.39,163.64,169.74,11692
VRSK,10/12/2022,170.78,170.78,168.06,168.10,5301
VRSK,10/11/2022,169.14,171.14,168.39,169.50,7723
VRSK,10/10/2022,171.35,172.24,168.72,169.67,4475
VRSK,10/07/2022,174.07,174.54,169.91,170.56,6686
VRSK,10/06/2022,180.63,180.72,175.60,175.69,5983
VRSK,10/05/2022,178.96,181.12,177.72,179.93,8969
VRSK,10/04/2022,176.35,180.12,176.35,179.69,6842
VRSK,10/03/2022,171.80,175.13,171.17,174.36,8493
VRSK,09/30/2022,173.98,174.33,169.95,170.53,8861
VRSK,09/29/2022,172.29,173.77,170.74,173.55,6620
VRSK,09/28/2022,172.57,174.66,171.22,173.73,7773
VRSK,09/27/2022,174.21,175.01,170.49,171.03,5309
VRSK,09/26/2022,175.45,176.45,172.71,173.42,6482
VRSK,09/23/2022,175.43,175.68,172.93,175.20,6802
VRSK,09/22/2022,179.30,180.13,174.96,175.06,6173
VRSK,09/21/2022,183.62,185.13,180.20,180.31,4642
VRSK,09/20/2022,183.57,183.94,180.58,182.33,3712
VRSK,09/19/2022,183.96,184.30,181.60,184.25,4742
VRSK,09/16/2022,183.93,184.96,182.20,184.43,17921
VRSK,09/15/2022,185.95,186.33,183.40,183.98,5486
VRSK,09/14/2022,186.15,187.89,182.10,185.91,5227
VRSK,09/13/2022,189.03,189.51,185.24,186.25,7445
VRSK,09/12/2022,192.46,193.06,191.60,192.83,5559
VRSK,09/09/2022,191.76,192.71,191.13,192.04,4781
VRSK,09/08/2022,190.53,192.24,188.99,191.10,6279
VRSK,09/07/2022,187.40,191.90,186.56,191.39,5005
VRSK,09/06/2022,184.49,188.35,184.14,186.69,5586
VRSK,09/02/2022,189.98,190.59,183.39,184.77,6289
VRSK,09/01/2022,186.82,189.10,185.41,188.90,4998
VRSK,08/31/2022,187.86,189.48,186.59,187.16,7442
VRSK,08/30/2022,189.40,190.40,186.87,187.85,7016
VRSK,08/29/2022,188.70,190.30,187.58,189.53,4934
VRSK,08/26/2022,194.71,195.50,189.65,189.89,7562
VRSK,08/25/2022,196.28,196.28,192.09,195.31,7732
VRSK,08/24/2022,194.21,195.14,192.95,194.68,5450
VRSK,08/23/2022,197.62,197.62,194.34,194.46,5633
VRSK,08/22/2022,200.09,201.17,197.77,198.23,7253
VRSK,08/19/2022,203.60,203.60,198.91,200.57,15608
VRSK,08/18/2022,203.01,204.75,202.29,203.93,5744
VRSK,08/17/2022,202.81,203.72,201.58,203.56,6805
VRSK,08/16/2022,204.32,205.82,203.78,204.49,4860
VRSK,08/15/2022,202.87,206.99,202.79,205.67,5557
VRSK,08/12/2022,202.21,203.78,201.54,202.87,5238
VRSK,08/11/2022,202.50,204.77,200.51,200.90,4389
VRSK,08/10/2022,202.33,203.21,200.72,202.15,5341
VRSK,08/09/2022,199.96,200.58,197.99,198.76,4747
VRSK,08/08/2022,199.21,201.46,198.39,199.03,4550
VRSK,08/05/2022,196.97,198.61,195.70,198.38,7204
VRSK,08/04/2022,197.36,200.87,196.77,199.28,7561
VRSK,08/03/2022,192.69,199.55,191.56,197.38,13645
VRSK,08/02/2022,188.33,191.13,187.21,188.98,8571
VRSK,08/01/2022,189.57,190.75,187.69,189.02,6706
VRSK,07/29/2022,188.34,190.96,187.10,190.25,6555
VRSK,07/28/2022,185.84,189.81,185.07,188.51,6815
VRSK,07/27/2022,182.79,185.94,182.53,184.53,7637
VRSK,07/26/2022,183.21,183.61,181.34,183.01,5539
VRSK,07/25/2022,183.89,184.85,182.32,182.77,5350
VRSK,07/22/2022,185.11,186.67,183.17,184.78,6450
VRSK,07/21/2022,183.06,184.99,182.01,184.71,5390
VRSK,07/20/2022,180.22,182.95,179.50,181.87,6269
VRSK,07/19/2022,177.26,180.63,177.03,180.00,6761
VRSK,07/18/2022,177.86,179.57,175.03,175.50,5428
VRSK,07/15/2022,177.00,180.20,176.80,178.83,8235
VRSK,07/14/2022,174.04,176.95,173.13,175.93,5474
VRSK,07/13/2022,171.14,176.34,171.14,174.71,4705
VRSK,07/12/2022,178.95,179.88,172.97,174.08,5161
VRSK,07/11/2022,178.22,179.15,176.42,177.84,5705
VRSK,07/08/2022,177.38,179.32,176.16,178.07,6096
VRSK,07/07/2022,177.09,178.81,175.41,178.03,6881
VRSK,07/06/2022,177.17,179.00,176.25,178.12,7830
VRSK,07/05/2022,173.52,175.51,171.93,175.42,7092
VRSK,07/01/2022,172.75,176.28,172.45,175.30,5812
VRSK,06/30/2022,169.49,173.96,169.31,173.09,7736
VRSK,06/29/2022,169.17,172.01,168.31,171.32,5725
VRSK,06/28/2022,174.08,175.45,168.81,168.94,6667
VRSK,06/27/2022,172.62,174.46,171.38,174.10,5807
VRSK,06/24/2022,171.48,173.11,171.48,172.99,9418
VRSK,06/23/2022,167.57,171.33,166.93,170.97,6675
VRSK,06/22/2022,164.02,167.50,163.73,166.29,5835
VRSK,06/21/2022,163.74,165.98,161.90,165.13,11674
VRSK,06/17/2022,158.17,162.85,157.33,161.82,21815
VRSK,06/16/2022,157.70,158.99,156.05,158.58,11431
VRSK,06/15/2022,160.01,162.41,157.64,160.19,7845
VRSK,06/14/2022,161.92,161.92,157.30,158.23,7111
VRSK,06/13/2022,161.35,163.10,159.08,161.67,9834
VRSK,06/10/2022,164.16,165.59,163.00,164.10,7384
VRSK,06/09/2022,170.05,170.85,166.73,166.79,5792
VRSK,06/08/2022,174.15,174.74,170.03,170.35,6819
VRSK,06/07/2022,172.80,176.58,172.13,175.45,6247
VRSK,06/06/2022,174.94,176.51,173.96,174.34,5541
VRSK,06/03/2022,173.95,174.34,172.29,173.66,9030
VRSK,06/02/2022,171.80,176.12,171.45,176.00,6697
VRSK,06/01/2022,173.42,174.35,170.66,171.23,9384
VRSK,05/31/2022,177.21,177.85,174.49,174.92,11338
VRSK,05/27/2022,174.70,178.87,174.37,178.65,6268
VRSK,05/26/2022,171.17,174.88,171.05,173.71,6672
VRSK,05/25/2022,170.19,172.16,169.14,170.72,5969
VRSK,05/24/2022,170.11,171.34,168.36,170.94,5454
VRSK,05/23/2022,169.62,171.14,167.03,170.92,5882
VRSK,05/20/2022,169.37,170.48,165.10,168.89,10032
VRSK,05/19/2022,165.78,169.91,164.96,168.22,8027
VRSK,05/18/2022,172.83,173.11,165.60,166.49,11430
VRSK,05/17/2022,173.57,175.56,171.94,174.57,7566
VRSK,05/16/2022,175.72,175.93,170.51,171.99,9564
VRSK,05/13/2022,174.96,176.63,171.42,176.21,18609
VRSK,05/12/2022,173.13,175.81,171.17,173.66,16574
VRSK,05/11/2022,176.67,178.90,174.23,174.40,11852
VRSK,05/10/2022,180.75,181.27,175.24,178.87,9914
VRSK,05/09/2022,184.11,184.30,177.26,177.98,10442
VRSK,05/06/2022,186.31,187.20,183.44,185.42,13388
VRSK,05/05/2022,190.51,191.96,186.08,187.92,19918
VRSK,05/04/2022,186.00,194.87,184.22,193.53,23357
VRSK,05/03/2022,201.05,202.64,198.80,200.12,10110
VRSK,05/02/2022,203.64,206.03,199.01,202.19,12077
VRSK,04/29/2022,210.08,212.09,203.54,204.05,14760
VRSK,04/28/2022,210.59,214.35,209.15,212.69,11261
VRSK,04/27/2022,209.11,211.43,207.59,208.42,7918
VRSK,04/26/2022,213.47,214.71,208.07,208.24,13337
VRSK,04/25/2022,211.00,214.05,209.45,213.85,9117
VRSK,04/22/2022,215.70,215.70,210.48,210.60,6710
VRSK,04/21/2022,217.82,219.60,214.72,215.45,7237
VRSK,04/20/2022,216.59,219.18,216.30,217.40,6850
VRSK,04/19/2022,211.21,215.78,211.19,215.33,8669
VRSK,04/18/2022,212.42,213.76,210.32,211.21,5530
VRSK,04/14/2022,215.49,216.47,213.06,213.30,6100
VRSK,04/13/2022,214.87,215.97,212.93,214.11,7989
VRSK,04/12/2022,216.95,218.17,214.00,214.64,5994
VRSK,04/11/2022,218.78,220.26,216.35,216.45,6526
VRSK,04/08/2022,220.11,221.82,219.27,219.52,6778
VRSK,04/07/2022,219.88,221.80,219.01,220.22,11372
VRSK,04/06/2022,217.77,222.11,216.41,220.25,10650
VRSK,04/05/2022,217.25,221.52,216.97,219.41,7436
VRSK,04/04/2022,213.41,217.25,212.71,217.01,10922
VRSK,04/01/2022,214.88,215.57,211.77,214.12,8081
VRSK,03/31/2022,217.53,218.13,213.80,214.63,12442
VRSK,03/30/2022,215.88,217.64,212.37,216.97,8304
VRSK,03/29/2022,213.27,215.72,212.75,214.80,8570
VRSK,03/28/2022,208.08,212.07,207.13,211.60,12305
VRSK,03/25/2022,208.93,209.06,205.40,208.00,7908
VRSK,03/24/2022,209.14,209.62,206.33,208.24,12370
VRSK,03/23/2022,210.21,210.90,206.33,207.65,16853
VRSK,03/22/2022,210.96,213.27,209.05,211.15,16512
VRSK,03/21/2022,206.51,211.18,206.51,210.32,14872
VRSK,03/18/2022,201.75,208.72,201.17,208.24,15719
VRSK,03/17/2022,195.13,202.46,195.00,202.41,18426
VRSK,03/16/2022,191.12,195.54,191.02,195.43,16161
VRSK,03/15/2022,188.24,191.53,187.60,190.91,10850
VRSK,03/14/2022,182.72,186.70,181.90,185.95,11251
VRSK,03/11/2022,185.17,185.72,182.00,182.04,13325
VRSK,03/10/2022,184.54,187.69,182.98,184.84,12329
VRSK,03/09/2022,187.45,188.55,184.24,187.27,13734
VRSK,03/08/2022,185.33,188.33,183.10,185.03,21330
VRSK,03/07/2022,187.00,188.83,186.14,187.50,18045
VRSK,03/04/2022,182.10,188.29,181.61,187.70,15298
VRSK,03/03/2022,183.41,185.22,182.38,182.68,13095
VRSK,03/02/2022,180.61,183.59,179.92,181.73,13182
VRSK,03/01/2022,177.31,180.92,176.11,179.36,17201
VRSK,02/28/2022,178.76,179.00,175.23,177.34,10063
VRSK,02/25/2022,179.90,181.02,176.81,179.54,12708
VRSK,02/24/2022,175.18,179.41,175.00,179.22,16881
VRSK,02/23/2022,182.69,183.04,176.67,177.62,21279
VRSK,02/22/2022,188.54,193.35,185.56,186.44,15298
VRSK,02/18/2022,190.47,191.39,188.39,189.30,13782
VRSK,02/17/2022,192.96,194.06,190.15,190.30,10523
VRSK,02/16/2022,193.77,194.91,191.31,194.07,6122
VRSK,02/15/2022,194.01,194.77,193.17,194.27,6970
VRSK,02/14/2022,193.39,196.35,190.04,191.81,9527
