WBA,06/23/2023,31.73,31.79,31.37,31.56,8228
WBA,06/22/2023,31.65,31.99,31.48,31.89,57922
WBA,06/21/2023,32.31,32.53,31.47,31.56,100955
WBA,06/20/2023,32.62,32.89,32.33,32.39,111185
WBA,06/16/2023,31.83,32.81,31.73,32.67,145062
WBA,06/15/2023,31.61,32.14,31.61,32.02,82536
WBA,06/14/2023,32.20,32.34,31.43,31.51,82275
WBA,06/13/2023,31.79,32.16,31.47,31.95,61233
WBA,06/12/2023,31.56,31.82,31.39,31.64,56851
WBA,06/09/2023,31.56,31.87,30.90,31.42,61158
WBA,06/08/2023,31.93,31.97,31.56,31.85,42822
WBA,06/07/2023,31.53,32.05,31.23,31.93,61832
WBA,06/06/2023,31.21,31.58,30.97,31.53,42507
WBA,06/05/2023,31.31,31.97,31.12,31.25,68541
WBA,06/02/2023,30.58,31.23,30.47,31.19,67457
WBA,06/01/2023,30.19,30.63,30.01,30.32,68166
WBA,05/31/2023,29.85,30.45,29.76,30.37,93508
WBA,05/30/2023,29.76,29.96,29.49,29.93,66030
WBA,05/26/2023,29.79,30.12,29.48,30.01,72653
WBA,05/25/2023,30.25,30.45,29.74,29.97,85897
WBA,05/24/2023,31.60,31.72,30.74,30.79,65992
WBA,05/23/2023,31.02,31.86,30.98,31.60,72789
WBA,05/22/2023,31.19,31.27,30.15,31.19,98454
WBA,05/19/2023,31.50,31.74,31.16,31.28,47087
WBA,05/18/2023,31.51,31.55,31.08,31.46,64100
WBA,05/17/2023,31.56,32.08,31.50,32.04,76426
WBA,05/16/2023,31.43,31.60,31.08,31.35,48441
WBA,05/15/2023,31.07,31.52,30.94,31.50,61855
WBA,05/12/2023,31.34,31.39,30.86,31.07,48443
WBA,05/11/2023,31.48,31.52,31.01,31.17,51975
WBA,05/10/2023,31.57,31.77,31.19,31.59,68785
WBA,05/09/2023,31.50,31.60,31.20,31.44,78132
WBA,05/08/2023,32.12,32.18,31.52,31.66,68871
WBA,05/05/2023,31.75,32.33,31.75,32.17,66285
WBA,05/04/2023,31.96,32.20,31.38,31.55,68799
WBA,05/03/2023,33.25,33.33,31.87,31.96,138926
WBA,05/02/2023,34.60,34.60,32.87,33.50,88345
WBA,05/01/2023,35.30,35.36,34.54,34.61,49615
WBA,04/28/2023,35.14,35.38,34.96,35.25,114382
WBA,04/27/2023,34.86,35.20,34.82,35.10,58460
WBA,04/26/2023,34.71,34.94,34.56,34.81,34164
WBA,04/25/2023,35.42,35.54,34.86,34.89,43595
WBA,04/24/2023,35.32,35.52,35.17,35.50,24024
WBA,04/21/2023,35.37,35.47,34.93,35.27,42802
WBA,04/20/2023,34.55,36.14,34.37,35.37,113815
WBA,04/19/2023,35.45,35.47,34.63,34.83,61905
WBA,04/18/2023,35.94,36.05,35.38,35.58,47507
WBA,04/17/2023,35.40,35.98,35.35,35.94,42216
WBA,04/14/2023,35.79,35.97,35.11,35.32,36683
WBA,04/13/2023,35.67,35.79,35.43,35.78,45012
WBA,04/12/2023,36.55,36.58,35.60,35.69,49776
WBA,04/11/2023,36.24,36.45,36.13,36.31,45997
WBA,04/10/2023,35.78,36.13,35.71,36.10,49728
WBA,04/06/2023,36.11,36.20,35.56,35.78,54375
WBA,04/05/2023,35.78,36.35,35.70,36.12,84872
WBA,04/04/2023,35.63,35.94,35.45,35.85,68699
WBA,04/03/2023,34.87,35.62,34.78,35.46,93527
WBA,03/31/2023,34.82,34.84,34.26,34.58,64286
WBA,03/30/2023,34.57,34.92,34.40,34.63,76912
WBA,03/29/2023,33.98,34.21,33.73,34.15,66098
WBA,03/28/2023,33.35,34.39,33.21,33.82,126621
WBA,03/27/2023,33.03,33.26,32.78,32.94,86389
WBA,03/24/2023,32.38,32.79,31.86,32.70,79391
WBA,03/23/2023,32.39,32.77,32.01,32.33,74316
WBA,03/22/2023,33.61,33.71,32.47,32.50,75287
WBA,03/21/2023,33.48,33.83,33.20,33.54,72559
WBA,03/20/2023,33.09,33.41,32.88,33.19,52195
WBA,03/17/2023,33.18,33.34,32.53,32.91,154196
WBA,03/16/2023,33.23,33.63,33.01,33.41,69099
WBA,03/15/2023,32.94,33.70,32.73,33.54,70227
WBA,03/14/2023,33.78,33.89,32.81,33.29,67661
WBA,03/13/2023,33.02,33.73,32.94,33.57,87209
WBA,03/10/2023,33.37,33.64,32.90,33.26,80831
WBA,03/09/2023,34.57,34.57,33.27,33.29,72158
WBA,03/08/2023,34.21,34.54,34.14,34.48,45378
WBA,03/07/2023,35.45,35.52,34.10,34.14,76780
WBA,03/06/2023,36.05,36.15,35.36,35.45,73728
WBA,03/03/2023,35.59,36.21,35.41,36.09,51184
WBA,03/02/2023,35.22,35.40,34.85,35.38,44975
WBA,03/01/2023,35.23,35.41,34.98,35.20,46898
WBA,02/28/2023,35.48,35.77,35.31,35.53,69964
WBA,02/27/2023,36.03,36.08,35.27,35.39,54665
WBA,02/24/2023,35.92,35.97,35.61,35.80,39839
WBA,02/23/2023,36.44,36.50,35.94,36.21,43348
WBA,02/22/2023,36.19,36.34,35.90,36.08,38023
WBA,02/21/2023,36.42,36.51,36.05,36.16,47229
WBA,02/17/2023,36.40,36.78,36.18,36.76,39247
WBA,02/16/2023,36.16,36.56,35.92,36.32,47967
WBA,02/15/2023,36.19,36.53,35.83,36.52,56587
WBA,02/14/2023,37.08,37.13,36.45,36.75,47761
WBA,02/13/2023,36.55,37.12,36.51,37.11,51130
WBA,02/10/2023,35.87,36.57,35.76,36.55,64197
WBA,02/09/2023,36.88,37.02,35.70,35.81,65689
WBA,02/08/2023,36.60,36.92,36.38,36.56,51956
WBA,02/07/2023,36.30,36.81,35.96,36.74,59401
WBA,02/06/2023,37.00,37.00,36.07,36.28,61026
WBA,02/03/2023,37.70,37.75,36.92,37.09,56466
WBA,02/02/2023,37.30,37.95,37.17,37.71,61958
WBA,02/01/2023,36.86,37.43,36.17,37.18,76885
WBA,01/31/2023,36.50,36.89,35.94,36.86,93180
WBA,01/30/2023,37.04,37.14,36.51,36.53,48316
WBA,01/27/2023,36.66,37.53,36.64,37.17,56461
WBA,01/26/2023,36.48,36.56,35.99,36.50,41349
WBA,01/25/2023,35.97,36.44,35.81,36.28,52113
WBA,01/24/2023,36.06,36.16,35.62,35.90,58582
WBA,01/23/2023,35.97,36.73,35.82,36.67,60550
WBA,01/20/2023,35.64,35.94,35.13,35.88,53266
WBA,01/19/2023,35.60,35.75,35.35,35.41,60521
WBA,01/18/2023,36.43,36.43,35.42,35.61,69497
WBA,01/17/2023,36.79,36.90,36.16,36.33,65263
WBA,01/13/2023,36.49,36.83,36.12,36.78,40796
WBA,01/12/2023,37.41,37.41,36.62,36.66,55725
WBA,01/11/2023,37.20,37.29,36.75,37.12,55811
WBA,01/10/2023,36.35,36.72,36.06,36.70,62569
WBA,01/09/2023,36.71,37.11,36.30,36.35,79834
WBA,01/06/2023,35.36,36.74,35.11,36.61,96939
WBA,01/05/2023,35.95,36.18,34.30,35.19,187516
WBA,01/04/2023,37.57,37.94,36.97,37.49,78382
WBA,01/03/2023,37.85,37.85,36.88,37.19,66477
WBA,12/30/2022,37.24,37.38,36.97,37.36,51911
WBA,12/29/2022,37.69,37.97,37.36,37.47,50681
WBA,12/28/2022,38.25,38.57,37.56,37.58,39291
WBA,12/27/2022,38.59,38.68,38.11,38.31,38454
WBA,12/23/2022,38.56,38.76,38.21,38.63,34078
WBA,12/22/2022,38.43,38.46,37.56,38.44,53819
WBA,12/21/2022,39.85,39.93,38.32,38.60,68735
WBA,12/20/2022,39.39,39.83,39.20,39.53,44830
WBA,12/19/2022,39.22,39.84,39.03,39.32,50656
WBA,12/16/2022,39.34,39.46,38.54,39.05,99552
WBA,12/15/2022,40.15,40.28,39.33,39.53,53190
WBA,12/14/2022,40.86,41.32,40.37,40.63,44146
WBA,12/13/2022,42.00,42.29,40.81,41.03,56210
WBA,12/12/2022,40.60,41.06,40.24,41.06,55959
WBA,12/09/2022,40.78,40.92,40.40,40.43,59934
WBA,12/08/2022,40.64,40.97,40.40,40.90,34337
WBA,12/07/2022,40.41,40.97,40.31,40.65,35530
WBA,12/06/2022,41.28,41.40,40.40,40.59,40810
WBA,12/05/2022,41.39,41.42,40.82,41.21,40459
WBA,12/02/2022,41.00,41.63,40.85,41.48,43750
WBA,12/01/2022,41.51,42.02,41.06,41.31,39473
WBA,11/30/2022,41.07,41.74,40.52,41.50,63620
WBA,11/29/2022,40.96,41.21,40.63,41.08,30781
WBA,11/28/2022,41.43,41.66,40.63,40.81,45205
WBA,11/25/2022,41.67,41.97,41.42,41.66,20954
WBA,11/23/2022,41.60,41.94,41.50,41.76,37321
WBA,11/22/2022,41.60,41.84,41.11,41.79,55319
WBA,11/21/2022,39.83,40.66,39.61,40.59,49681
WBA,11/18/2022,40.94,40.95,39.26,39.75,67445
WBA,11/17/2022,39.82,40.37,39.60,40.13,55191
WBA,11/16/2022,40.76,41.13,40.26,40.39,46479
WBA,11/15/2022,41.00,41.58,40.25,40.65,67349
WBA,11/14/2022,40.78,41.54,40.40,40.54,81622
WBA,11/11/2022,40.42,41.56,39.40,41.26,128402
WBA,11/10/2022,38.02,38.53,37.58,38.49,83910
WBA,11/09/2022,38.08,38.14,36.85,36.89,66666
WBA,11/08/2022,38.51,39.50,37.77,38.29,76093
WBA,11/07/2022,37.70,39.13,37.70,38.59,123648
WBA,11/04/2022,36.10,37.12,35.93,37.07,72203
WBA,11/03/2022,35.48,35.94,35.14,35.74,53372
WBA,11/02/2022,36.81,37.00,35.79,35.81,72877
WBA,11/01/2022,36.66,36.70,36.07,36.26,52462
WBA,10/31/2022,36.46,36.81,36.23,36.50,94412
WBA,10/28/2022,35.67,36.63,35.57,36.58,65281
WBA,10/27/2022,35.82,36.22,35.63,35.67,54546
WBA,10/26/2022,35.81,36.12,35.44,35.51,55532
WBA,10/25/2022,34.43,35.59,34.40,35.52,63827
WBA,10/24/2022,34.40,34.75,34.07,34.69,75000
WBA,10/21/2022,33.36,34.54,33.21,34.30,96095
WBA,10/20/2022,33.51,34.03,33.32,33.36,59462
WBA,10/19/2022,32.91,33.59,32.83,33.39,83025
WBA,10/18/2022,33.46,33.88,32.70,33.10,97692
WBA,10/17/2022,33.73,33.98,32.96,33.00,126531
WBA,10/14/2022,33.67,34.24,33.20,33.24,101762
WBA,10/13/2022,31.91,34.00,31.77,33.65,213808
WBA,10/12/2022,32.65,32.88,31.88,31.94,90369
WBA,10/11/2022,32.03,33.17,31.93,32.61,107139
WBA,10/10/2022,30.89,32.16,30.83,31.84,98994
WBA,10/07/2022,32.00,32.07,30.39,30.52,107215
WBA,10/06/2022,33.10,33.26,32.18,32.25,52671
WBA,10/05/2022,33.29,33.38,32.70,33.16,51832
WBA,10/04/2022,32.61,33.40,32.60,33.39,60577
WBA,10/03/2022,31.80,32.51,31.29,32.43,76501
WBA,09/30/2022,31.66,31.79,31.34,31.40,80325
WBA,09/29/2022,32.81,32.81,31.22,31.55,80716
WBA,09/28/2022,32.53,33.30,32.26,33.20,66774
WBA,09/27/2022,32.98,33.22,32.33,32.43,59193
WBA,09/26/2022,32.63,33.01,32.44,32.69,54786
WBA,09/23/2022,33.04,33.15,32.38,32.83,59957
WBA,09/22/2022,33.42,33.53,32.92,33.32,47586
WBA,09/21/2022,34.21,34.41,33.43,33.43,46963
WBA,09/20/2022,33.90,34.10,33.53,33.99,49345
WBA,09/19/2022,34.00,34.20,33.70,34.15,51738
WBA,09/16/2022,34.09,34.69,33.86,34.27,95814
WBA,09/15/2022,34.77,35.18,33.95,34.23,104415
WBA,09/14/2022,34.84,34.99,34.51,34.77,64185
WBA,09/13/2022,36.08,36.31,34.61,34.74,86205
WBA,09/12/2022,36.63,37.20,36.35,36.63,90308
WBA,09/09/2022,36.22,36.66,36.04,36.24,100382
WBA,09/08/2022,35.81,36.13,35.31,35.96,72899
WBA,09/07/2022,35.49,36.13,34.93,36.08,73214
WBA,09/06/2022,35.52,35.71,35.04,35.32,84953
WBA,09/02/2022,35.47,35.97,35.11,35.27,70011
WBA,09/01/2022,35.00,35.29,34.53,35.26,71193
WBA,08/31/2022,35.31,35.81,35.03,35.06,71990
WBA,08/30/2022,36.07,36.14,35.15,35.18,66633
WBA,08/29/2022,35.95,36.22,35.63,35.96,52414
WBA,08/26/2022,36.84,36.99,36.00,36.00,66185
WBA,08/25/2022,36.81,37.05,36.63,36.80,63370
WBA,08/24/2022,37.28,37.40,36.57,36.77,74095
WBA,08/23/2022,37.33,37.72,37.21,37.44,49258
WBA,08/22/2022,38.00,38.03,37.18,37.31,61056
WBA,08/19/2022,38.15,38.53,38.08,38.22,66844
WBA,08/18/2022,40.41,40.56,37.86,38.24,162547
WBA,08/17/2022,41.65,41.84,40.77,40.87,62821
WBA,08/16/2022,41.16,42.10,41.10,42.04,66254
WBA,08/15/2022,40.42,41.11,40.33,41.07,46441
WBA,08/12/2022,40.22,40.76,39.97,40.59,42836
WBA,08/11/2022,40.08,40.59,40.00,40.07,43738
WBA,08/10/2022,39.79,40.16,39.66,39.90,56827
WBA,08/09/2022,39.66,39.87,38.73,39.13,53627
WBA,08/08/2022,39.21,40.25,39.19,39.48,49822
WBA,08/05/2022,38.90,39.14,38.62,38.99,54509
WBA,08/04/2022,39.27,39.65,38.85,38.98,49653
WBA,08/03/2022,39.40,39.70,38.92,39.19,80467
WBA,08/02/2022,39.97,40.02,39.02,39.05,61387
WBA,08/01/2022,39.56,40.09,39.33,39.89,53531
WBA,07/29/2022,39.46,39.79,39.34,39.62,91259
WBA,07/28/2022,39.32,39.64,38.78,39.44,42264
WBA,07/27/2022,38.82,39.33,38.38,39.22,44999
WBA,07/26/2022,38.06,39.07,38.01,38.85,43705
WBA,07/25/2022,38.93,39.13,38.43,38.75,37013
WBA,07/22/2022,38.77,39.22,38.38,38.66,42992
WBA,07/21/2022,37.54,38.51,37.54,38.46,56035
WBA,07/20/2022,38.48,38.97,38.23,38.92,48048
WBA,07/19/2022,38.69,39.03,38.53,38.60,51545
WBA,07/18/2022,38.33,38.62,38.09,38.32,43349
WBA,07/15/2022,37.26,38.05,37.04,38.03,72717
WBA,07/14/2022,36.93,37.28,36.57,36.86,81241
WBA,07/13/2022,37.59,37.94,37.10,37.24,55377
WBA,07/12/2022,37.42,38.95,37.32,37.97,54981
WBA,07/11/2022,37.40,37.92,37.33,37.43,65572
WBA,07/08/2022,38.08,38.49,37.50,37.55,69383
WBA,07/07/2022,37.90,38.28,37.59,38.21,59185
WBA,07/06/2022,38.39,38.59,37.70,37.78,55767
WBA,07/05/2022,37.92,38.54,37.70,38.51,66518
WBA,07/01/2022,37.64,38.61,36.97,38.56,88122
WBA,06/30/2022,39.49,39.67,37.71,37.90,155769
WBA,06/29/2022,40.92,41.08,40.43,40.87,59640
WBA,06/28/2022,41.03,42.74,40.90,40.96,76481
WBA,06/27/2022,41.71,42.34,41.55,42.19,68692
WBA,06/24/2022,41.31,41.97,41.08,41.65,75887
WBA,06/23/2022,40.91,41.47,40.39,40.89,62046
WBA,06/22/2022,39.68,40.81,39.68,40.45,61633
WBA,06/21/2022,39.58,40.33,39.17,40.10,52967
WBA,06/17/2022,39.67,40.58,39.27,39.32,109054
WBA,06/16/2022,40.35,40.35,39.14,39.67,76452
WBA,06/15/2022,40.45,41.24,40.15,40.73,62495
WBA,06/14/2022,40.54,40.74,39.77,40.20,61403
WBA,06/13/2022,40.94,41.22,40.10,40.28,64681
WBA,06/10/2022,41.42,41.92,41.08,41.54,60434
WBA,06/09/2022,42.40,42.71,41.69,41.72,50209
WBA,06/08/2022,42.85,43.06,42.39,42.60,31111
WBA,06/07/2022,42.87,43.11,42.30,43.00,39512
WBA,06/06/2022,43.38,43.93,43.14,43.39,34759
WBA,06/03/2022,43.51,43.79,42.92,43.14,38868
WBA,06/02/2022,43.38,43.49,42.17,43.43,44644
WBA,06/01/2022,43.90,43.99,42.79,43.26,45380
WBA,05/31/2022,43.57,44.27,43.05,43.83,70168
WBA,05/27/2022,43.16,43.75,42.95,43.71,46782
WBA,05/26/2022,42.93,43.50,42.86,43.04,71021
WBA,05/25/2022,42.05,42.72,41.72,42.46,53869
WBA,05/24/2022,41.98,42.16,41.28,42.08,52729
WBA,05/23/2022,41.35,42.40,41.28,42.15,64293
WBA,05/20/2022,40.85,41.04,39.72,40.96,70598
WBA,05/19/2022,40.52,41.05,39.76,40.61,81841
WBA,05/18/2022,44.12,44.24,41.01,41.17,148807
WBA,05/17/2022,44.25,44.96,43.69,44.94,69339
WBA,05/16/2022,43.61,44.50,43.16,44.15,49171
WBA,05/13/2022,43.50,43.70,42.97,43.55,56365
WBA,05/12/2022,43.35,43.57,42.45,43.16,62440
WBA,05/11/2022,43.51,44.29,43.22,43.35,56217
WBA,05/10/2022,44.42,44.72,42.86,43.31,71862
WBA,05/09/2022,43.87,44.53,43.55,43.85,88852
WBA,05/06/2022,43.58,45.29,43.50,43.99,104456
WBA,05/05/2022,44.18,44.35,43.38,43.78,76503
WBA,05/04/2022,42.73,44.57,42.32,44.46,87919
WBA,05/03/2022,42.79,43.29,42.40,42.94,65499
WBA,05/02/2022,42.63,42.99,41.80,42.52,74663
WBA,04/29/2022,44.48,44.62,42.34,42.40,110768
WBA,04/28/2022,44.52,44.90,44.11,44.53,59169
WBA,04/27/2022,44.70,45.04,43.89,44.23,67566
WBA,04/26/2022,45.10,45.90,44.86,44.87,53851
WBA,04/25/2022,45.30,45.49,44.16,45.39,64753
WBA,04/22/2022,46.80,46.80,45.50,45.54,57732
WBA,04/21/2022,46.74,47.27,46.22,46.81,63539
WBA,04/20/2022,45.86,46.75,45.79,46.54,54563
WBA,04/19/2022,44.72,45.66,44.66,45.60,52118
WBA,04/18/2022,44.78,44.97,44.31,44.50,35408
WBA,04/14/2022,44.66,45.42,44.62,44.81,51160
WBA,04/13/2022,44.42,47.11,44.06,44.60,119254
WBA,04/12/2022,44.54,44.97,44.05,44.23,49657
WBA,04/11/2022,45.49,46.26,44.34,44.43,72783
WBA,04/08/2022,45.15,45.79,44.75,45.42,59662
WBA,04/07/2022,44.50,45.21,43.69,45.11,93156
WBA,04/06/2022,43.26,44.76,43.06,44.31,101969
WBA,04/05/2022,43.05,43.75,43.02,43.49,77649
WBA,04/04/2022,43.80,44.05,42.90,43.40,94729
WBA,04/01/2022,44.54,44.77,43.18,43.86,141645
WBA,03/31/2022,45.29,45.74,44.17,44.77,227468
WBA,03/30/2022,47.82,48.48,47.29,47.46,79010
WBA,03/29/2022,47.61,47.84,47.07,47.82,50699
WBA,03/28/2022,47.00,47.36,46.65,47.19,43960
WBA,03/25/2022,47.03,47.77,46.91,47.12,46081
WBA,03/24/2022,46.87,47.35,46.31,47.02,53740
WBA,03/23/2022,47.28,47.60,46.31,46.74,78664
WBA,03/22/2022,47.73,48.16,47.01,47.43,69000
WBA,03/21/2022,47.51,48.62,47.08,47.38,55061
WBA,03/18/2022,47.32,47.45,46.47,47.36,105272
WBA,03/17/2022,46.95,47.82,46.73,47.48,56597
WBA,03/16/2022,48.27,48.41,46.67,47.38,73108
WBA,03/15/2022,48.08,48.43,47.62,48.17,36819
WBA,03/14/2022,47.83,48.45,47.12,47.91,51081
WBA,03/11/2022,48.42,48.97,47.38,47.44,56230
WBA,03/10/2022,47.56,48.19,47.10,48.07,49022
WBA,03/09/2022,48.53,48.83,47.63,48.12,52380
WBA,03/08/2022,47.22,48.75,47.14,47.47,55632
WBA,03/07/2022,47.44,48.47,46.95,46.99,65727
WBA,03/04/2022,46.11,47.79,46.05,47.72,94783
WBA,03/03/2022,46.70,47.01,46.19,46.72,71512
WBA,03/02/2022,45.26,46.27,44.92,46.15,60284
WBA,03/01/2022,45.99,46.08,44.59,45.01,52913
WBA,02/28/2022,45.61,46.40,45.34,46.09,68738
WBA,02/25/2022,45.40,46.44,45.37,46.20,55903
WBA,02/24/2022,44.91,45.44,43.93,45.27,84281
WBA,02/23/2022,45.98,46.18,45.39,45.46,49754
WBA,02/22/2022,46.75,46.88,45.54,45.79,74415
WBA,02/18/2022,46.65,47.37,46.24,46.61,44181
WBA,02/17/2022,47.23,47.32,46.72,46.81,42468
WBA,02/16/2022,48.09,48.65,47.51,47.88,45940
WBA,02/15/2022,47.75,48.45,47.64,48.30,48589
WBA,02/14/2022,48.99,49.02,46.82,47.36,67174
