WM,06/23/2023,167.00,167.56,166.51,167.41,2282
WM,06/22/2023,165.78,166.94,165.27,166.91,13116
WM,06/21/2023,164.76,165.63,163.31,165.48,11998
WM,06/20/2023,164.85,165.99,164.37,164.86,13870
WM,06/16/2023,165.10,166.28,164.65,165.03,23604
WM,06/15/2023,162.58,164.77,162.40,164.20,13309
WM,06/14/2023,162.09,163.64,161.11,162.42,12904
WM,06/13/2023,162.70,163.01,161.81,162.10,13634
WM,06/12/2023,163.20,163.35,161.81,162.91,9439
WM,06/09/2023,162.16,162.93,161.15,162.68,10966
WM,06/08/2023,161.09,162.97,160.71,162.58,11797
WM,06/07/2023,161.64,162.71,160.26,161.55,18256
WM,06/06/2023,165.00,165.76,162.07,162.68,13356
WM,06/05/2023,165.30,166.70,164.67,164.74,12560
WM,06/02/2023,162.93,165.10,162.80,164.96,17180
WM,06/01/2023,161.81,162.82,161.02,162.80,15927
WM,05/31/2023,162.70,163.14,161.48,161.92,26642
WM,05/30/2023,161.11,162.42,160.22,162.16,10600
WM,05/26/2023,162.04,162.70,160.88,161.28,10418
WM,05/25/2023,162.22,162.61,160.71,161.88,11326
WM,05/24/2023,163.35,164.43,162.45,162.62,11063
WM,05/23/2023,163.73,163.93,162.59,162.78,12345
WM,05/22/2023,165.38,165.90,163.44,164.30,10166
WM,05/19/2023,165.38,166.38,165.06,165.36,14544
WM,05/18/2023,165.95,166.11,163.52,165.00,18807
WM,05/17/2023,167.98,168.01,165.45,166.72,18273
WM,05/16/2023,168.46,168.55,167.36,167.73,9258
WM,05/15/2023,169.09,169.46,167.84,168.58,11234
WM,05/12/2023,170.26,171.10,168.76,169.24,11434
WM,05/11/2023,170.90,170.90,169.30,170.19,15327
WM,05/10/2023,170.20,170.94,169.14,170.55,12183
WM,05/09/2023,169.99,170.67,169.24,169.46,15104
WM,05/08/2023,168.43,170.12,168.10,169.03,8842
WM,05/05/2023,167.64,169.25,167.43,168.43,10959
WM,05/04/2023,167.60,168.66,166.86,167.81,11821
WM,05/03/2023,167.38,169.15,166.56,167.32,15142
WM,05/02/2023,166.98,167.66,165.00,166.71,13342
WM,05/01/2023,165.81,167.57,165.81,166.79,14582
WM,04/28/2023,163.00,166.18,162.54,166.05,22223
WM,04/27/2023,162.06,163.05,157.90,161.63,27386
WM,04/26/2023,163.80,165.06,163.00,163.61,15595
WM,04/25/2023,165.99,166.89,165.10,165.57,12768
WM,04/24/2023,164.98,165.89,164.85,165.67,14763
WM,04/21/2023,166.43,166.52,164.98,165.15,13962
WM,04/20/2023,165.24,166.04,164.86,165.70,12550
WM,04/19/2023,165.65,166.11,164.82,165.10,8953
WM,04/18/2023,166.07,166.86,164.63,165.38,17086
WM,04/17/2023,166.06,166.36,164.91,165.40,11992
WM,04/14/2023,165.44,166.02,164.96,165.30,11986
WM,04/13/2023,165.72,167.46,164.87,166.85,21774
WM,04/12/2023,163.25,165.97,163.05,165.50,20180
WM,04/11/2023,162.16,163.66,161.53,163.14,15395
WM,04/10/2023,163.00,163.29,162.02,162.28,13612
WM,04/06/2023,163.08,164.76,162.56,163.66,32901
WM,04/05/2023,164.28,165.32,162.34,162.82,16506
WM,04/04/2023,163.99,164.84,162.38,163.53,25138
WM,04/03/2023,162.78,164.93,162.48,163.87,20348
WM,03/31/2023,162.39,163.43,162.19,163.17,30968
WM,03/30/2023,158.03,162.06,158.03,161.53,30700
WM,03/29/2023,155.60,157.12,155.60,157.04,15144
WM,03/28/2023,153.55,155.41,153.48,154.82,13083
WM,03/27/2023,155.50,156.43,153.48,153.58,15306
WM,03/24/2023,151.15,154.83,150.60,154.46,17338
WM,03/23/2023,151.72,152.93,150.51,150.70,15475
WM,03/22/2023,154.45,154.93,152.04,152.09,14251
WM,03/21/2023,155.17,155.87,153.91,154.51,18338
WM,03/20/2023,153.69,156.12,153.69,154.87,16327
WM,03/17/2023,156.05,156.29,152.70,153.15,28532
WM,03/16/2023,155.06,156.62,154.78,155.61,20037
WM,03/15/2023,153.63,155.19,152.42,155.06,28803
WM,03/14/2023,151.20,154.98,151.13,154.36,22095
WM,03/13/2023,148.89,153.71,148.64,151.24,23726
WM,03/10/2023,150.91,152.54,148.83,149.33,24110
WM,03/09/2023,150.00,152.98,150.00,150.62,21535
WM,03/08/2023,149.29,149.98,148.50,149.90,14880
WM,03/07/2023,151.38,151.75,148.48,149.40,14043
WM,03/06/2023,149.96,151.01,149.52,150.77,18648
WM,03/03/2023,150.26,150.86,148.79,150.08,15097
WM,03/02/2023,148.96,150.31,148.83,150.00,13816
WM,03/01/2023,149.20,150.49,148.31,148.83,16545
WM,02/28/2023,150.73,151.05,149.50,149.76,26046
WM,02/27/2023,152.06,152.96,150.51,151.07,15145
WM,02/24/2023,150.19,151.64,150.04,151.31,12143
WM,02/23/2023,152.17,152.35,149.98,150.98,16019
WM,02/22/2023,153.00,153.59,151.80,152.15,13357
WM,02/21/2023,154.69,155.49,152.12,152.54,16370
WM,02/17/2023,152.51,155.17,152.09,154.92,19159
WM,02/16/2023,151.61,153.74,150.59,152.27,15505
WM,02/15/2023,150.87,152.46,150.87,152.14,16015
WM,02/14/2023,152.54,152.54,150.68,151.34,15403
WM,02/13/2023,154.52,155.02,152.02,152.78,19828
WM,02/10/2023,152.53,154.39,152.05,154.07,16830
WM,02/09/2023,151.97,152.81,150.95,152.28,19380
WM,02/08/2023,150.95,151.86,150.55,150.86,13981
WM,02/07/2023,151.19,151.80,149.50,151.33,19298
WM,02/06/2023,150.51,152.21,150.11,151.82,14065
WM,02/03/2023,151.02,152.09,149.68,151.06,18791
WM,02/02/2023,153.29,153.31,149.00,150.34,35257
WM,02/01/2023,150.10,155.66,148.55,154.41,35604
WM,01/31/2023,153.34,154.73,152.56,154.73,16086
WM,01/30/2023,152.70,155.00,152.70,153.10,17351
WM,01/27/2023,151.90,153.03,151.26,152.61,13690
WM,01/26/2023,153.43,153.56,152.24,152.50,9536
WM,01/25/2023,151.62,153.25,151.14,153.11,18085
WM,01/24/2023,152.83,153.04,134.20,152.27,12528
WM,01/23/2023,152.80,153.17,151.12,152.67,12906
WM,01/20/2023,150.61,152.36,149.12,152.06,14590
WM,01/19/2023,151.00,151.77,150.25,150.49,16255
WM,01/18/2023,154.36,155.15,150.56,150.90,15754
WM,01/17/2023,154.76,155.49,154.15,154.37,19900
WM,01/13/2023,152.19,154.31,151.80,154.19,26571
WM,01/12/2023,156.98,157.42,152.13,152.68,21732
WM,01/11/2023,156.74,157.74,155.28,156.99,16470
WM,01/10/2023,155.11,155.80,151.74,154.91,24039
WM,01/09/2023,160.70,161.72,157.98,158.24,17441
WM,01/06/2023,155.58,159.87,155.30,159.49,17456
WM,01/05/2023,156.07,156.48,153.56,153.88,14748
WM,01/04/2023,157.17,157.60,155.86,156.91,12426
WM,01/03/2023,157.41,157.51,155.35,157.03,11177
WM,12/30/2022,158.50,158.58,155.55,156.88,9455
WM,12/29/2022,158.23,159.29,157.53,158.87,13501
WM,12/28/2022,159.30,159.96,157.24,157.37,8032
WM,12/27/2022,159.65,159.90,158.28,159.50,9983
WM,12/23/2022,157.43,159.40,156.99,159.21,6323
WM,12/22/2022,158.60,159.17,156.15,157.73,14831
WM,12/21/2022,158.84,159.87,158.02,159.27,13795
WM,12/20/2022,156.85,158.61,156.14,157.79,13457
WM,12/19/2022,160.12,160.47,154.43,157.59,23733
WM,12/16/2022,161.83,162.40,159.47,161.79,28137
WM,12/15/2022,165.41,165.55,162.90,163.37,18202
WM,12/14/2022,166.78,169.45,165.87,166.54,15378
WM,12/13/2022,168.06,168.86,165.84,166.75,14042
WM,12/12/2022,168.33,168.96,165.54,166.79,14294
WM,12/09/2022,167.45,168.44,166.30,166.83,15926
WM,12/08/2022,165.15,166.85,165.10,166.01,11451
WM,12/07/2022,165.46,166.83,164.83,165.21,12564
WM,12/06/2022,167.49,167.70,164.79,165.56,18772
WM,12/05/2022,168.27,168.93,167.09,167.79,17349
WM,12/02/2022,166.60,169.90,166.32,169.81,13406
WM,12/01/2022,168.65,170.70,167.70,167.82,17804
WM,11/30/2022,164.68,167.72,164.20,167.72,30869
WM,11/29/2022,164.00,165.16,163.46,165.08,20916
WM,11/28/2022,163.51,165.16,163.51,164.59,22448
WM,11/25/2022,164.76,165.28,163.79,164.46,9111
WM,11/23/2022,163.25,164.43,162.87,164.01,17128
WM,11/22/2022,163.27,164.23,162.31,163.24,9999
WM,11/21/2022,162.07,164.05,161.54,162.80,14420
WM,11/18/2022,160.73,161.60,159.84,161.18,14219
WM,11/17/2022,157.77,159.81,156.70,159.09,12264
WM,11/16/2022,157.56,160.27,157.21,158.08,19521
WM,11/15/2022,158.85,159.51,154.57,157.09,20039
WM,11/14/2022,158.69,160.40,157.58,157.59,17807
WM,11/11/2022,161.33,161.70,156.07,158.16,23573
WM,11/10/2022,161.30,161.69,157.75,161.22,17703
WM,11/09/2022,159.81,160.92,158.07,158.20,13772
WM,11/08/2022,156.95,160.13,156.31,159.64,13599
WM,11/07/2022,156.54,157.81,155.88,157.35,11948
WM,11/04/2022,158.06,158.79,153.94,155.77,16491
WM,11/03/2022,154.50,158.85,153.87,157.13,16863
WM,11/02/2022,156.18,159.58,155.22,155.22,17117
WM,11/01/2022,159.05,160.05,155.65,156.52,20781
WM,10/31/2022,157.19,160.52,157.01,158.37,26880
WM,10/28/2022,157.50,158.00,156.30,157.91,23752
WM,10/27/2022,160.19,161.95,157.71,158.30,23757
WM,10/26/2022,167.50,167.53,159.69,159.97,29221
WM,10/25/2022,163.54,165.23,163.10,165.05,20553
WM,10/24/2022,162.16,164.17,161.68,162.69,19157
WM,10/21/2022,158.57,160.68,157.25,159.83,14858
WM,10/20/2022,162.44,162.55,158.63,159.28,12955
WM,10/19/2022,160.00,161.63,159.57,161.50,12052
WM,10/18/2022,160.02,161.63,159.26,161.12,13355
WM,10/17/2022,156.46,158.61,156.42,157.82,13740
WM,10/14/2022,158.89,159.32,154.12,154.73,14134
WM,10/13/2022,151.49,157.81,151.22,157.38,17248
WM,10/12/2022,157.10,157.32,154.31,154.35,13525
WM,10/11/2022,155.13,157.38,154.88,156.27,14351
WM,10/10/2022,155.93,156.52,154.12,155.50,14121
WM,10/07/2022,158.00,158.79,154.73,155.24,19622
WM,10/06/2022,165.13,165.75,158.88,159.40,30073
WM,10/05/2022,167.00,168.19,166.43,166.63,11624
WM,10/04/2022,166.65,169.26,166.36,168.18,16245
WM,10/03/2022,161.62,165.52,161.35,165.09,16097
WM,09/30/2022,162.38,162.83,160.09,160.21,19679
WM,09/29/2022,164.58,164.79,160.79,161.91,18410
WM,09/28/2022,163.97,165.79,162.17,164.67,26098
WM,09/27/2022,165.69,165.73,162.10,163.22,25130
WM,09/26/2022,165.50,166.61,164.42,165.22,16723
WM,09/23/2022,165.70,166.35,164.13,165.74,17452
WM,09/22/2022,168.94,169.06,166.57,166.87,13182
WM,09/21/2022,170.84,173.13,168.89,168.89,15010
WM,09/20/2022,169.95,170.04,167.92,169.70,17817
WM,09/19/2022,168.41,171.22,168.12,170.91,18657
WM,09/16/2022,169.76,170.30,168.66,169.34,33491
WM,09/15/2022,171.37,172.53,170.43,171.03,17600
WM,09/14/2022,171.65,173.73,170.88,171.73,17042
WM,09/13/2022,172.32,173.50,170.76,171.21,17080
WM,09/12/2022,173.39,174.74,173.06,173.71,15770
WM,09/09/2022,174.19,174.57,172.59,173.40,23018
WM,09/08/2022,172.44,174.36,172.11,173.58,15025
WM,09/07/2022,169.47,174.20,169.47,173.73,21384
WM,09/06/2022,169.00,170.28,168.16,169.16,15626
WM,09/02/2022,170.70,171.19,167.81,168.45,18013
WM,09/01/2022,169.21,170.29,168.79,170.04,14611
WM,08/31/2022,171.27,171.94,169.00,169.03,20943
WM,08/30/2022,171.48,172.40,170.28,170.73,16715
WM,08/29/2022,170.70,172.88,170.32,171.73,9239
WM,08/26/2022,175.00,175.23,171.47,171.51,12305
WM,08/25/2022,173.44,174.74,172.71,174.63,12343
WM,08/24/2022,173.79,174.28,172.78,173.48,16849
WM,08/23/2022,173.39,174.12,172.69,173.43,14917
WM,08/22/2022,173.18,175.26,172.62,174.24,13842
WM,08/19/2022,175.50,175.53,174.10,174.32,11810
WM,08/18/2022,175.82,175.98,174.21,174.99,7788
WM,08/17/2022,174.29,175.57,174.03,175.29,9396
WM,08/16/2022,172.25,175.51,171.99,174.81,15123
WM,08/15/2022,170.86,172.89,170.10,172.70,15203
WM,08/12/2022,170.35,171.79,170.01,171.74,13373
WM,08/11/2022,170.00,170.86,169.38,169.74,12280
WM,08/10/2022,171.94,172.44,169.10,170.07,13502
WM,08/09/2022,170.31,170.94,169.38,169.90,11681
WM,08/08/2022,169.49,171.17,169.02,169.50,14323
WM,08/05/2022,168.00,169.68,166.22,168.83,14092
WM,08/04/2022,166.20,169.29,165.67,169.13,20389
WM,08/03/2022,164.06,166.65,163.73,166.18,13997
WM,08/02/2022,163.47,164.38,162.15,163.33,15814
WM,08/01/2022,163.91,164.67,162.51,163.36,20099
WM,07/29/2022,165.00,166.90,164.24,164.56,20604
WM,07/28/2022,160.09,164.99,159.86,164.57,15535
WM,07/27/2022,157.50,159.84,157.01,159.30,17978
WM,07/26/2022,155.80,156.41,154.77,155.01,14847
WM,07/25/2022,154.91,156.57,154.38,155.90,9858
WM,07/22/2022,155.71,156.53,154.31,154.93,11427
WM,07/21/2022,153.27,155.69,152.42,155.25,13638
WM,07/20/2022,152.62,153.26,151.85,152.75,10544
WM,07/19/2022,150.23,152.34,149.71,152.14,14343
WM,07/18/2022,152.19,152.45,148.80,149.27,12411
WM,07/15/2022,152.73,152.73,150.84,152.01,10711
WM,07/14/2022,149.02,151.28,148.71,151.07,12822
WM,07/13/2022,149.62,151.19,149.01,150.43,11660
WM,07/12/2022,152.16,153.60,150.60,151.03,16678
WM,07/11/2022,152.44,153.66,152.10,152.58,11207
WM,07/08/2022,153.35,153.77,152.35,152.76,8810
WM,07/07/2022,154.39,155.19,153.20,153.56,11235
WM,07/06/2022,153.31,155.43,151.28,154.56,15979
WM,07/05/2022,154.50,154.92,150.35,151.70,14283
WM,07/01/2022,152.94,156.01,152.81,155.65,14880
WM,06/30/2022,150.11,153.44,150.04,152.98,18412
WM,06/29/2022,149.79,151.67,148.58,151.25,12760
WM,06/28/2022,150.09,150.87,148.56,148.88,11376
WM,06/27/2022,149.81,150.57,149.10,149.53,10517
WM,06/24/2022,148.13,150.62,147.55,150.31,36821
WM,06/23/2022,145.58,147.54,145.09,147.19,13431
WM,06/22/2022,143.21,146.24,142.59,144.91,13962
WM,06/21/2022,141.99,144.57,141.17,143.99,15285
WM,06/17/2022,141.44,141.96,138.89,140.65,32633
WM,06/16/2022,143.75,144.42,141.62,142.34,18284
WM,06/15/2022,146.48,147.54,143.23,145.41,12914
WM,06/14/2022,147.26,148.66,145.18,145.62,13945
WM,06/13/2022,149.00,150.40,147.10,147.86,16243
WM,06/10/2022,151.85,153.06,150.44,151.41,12877
WM,06/09/2022,156.72,157.29,153.28,153.35,10180
WM,06/08/2022,158.73,159.46,156.91,157.06,10751
WM,06/07/2022,157.30,159.84,156.89,159.80,12776
WM,06/06/2022,160.00,160.19,157.77,157.94,12296
WM,06/03/2022,158.40,159.47,157.64,159.12,9956
WM,06/02/2022,158.35,159.55,156.40,159.38,10622
WM,06/01/2022,159.07,159.47,157.80,158.53,12980
WM,05/31/2022,159.82,160.00,157.85,158.51,41836
WM,05/27/2022,158.27,161.01,158.27,161.00,15080
WM,05/26/2022,157.33,158.60,156.72,157.99,15824
WM,05/25/2022,157.76,158.29,155.62,156.01,16042
WM,05/24/2022,156.28,158.17,154.72,157.60,16605
WM,05/23/2022,155.05,156.40,153.36,156.08,14434
WM,05/20/2022,153.14,154.93,151.28,154.50,26686
WM,05/19/2022,151.85,154.10,150.29,152.77,17282
WM,05/18/2022,157.00,157.43,152.65,153.06,19544
WM,05/17/2022,157.50,158.95,155.16,157.23,16410
WM,05/16/2022,158.05,158.84,156.64,157.43,18098
WM,05/13/2022,157.49,158.70,156.12,157.90,20464
WM,05/12/2022,158.21,159.47,154.04,155.48,22191
WM,05/11/2022,157.10,159.37,157.05,157.78,14186
WM,05/10/2022,160.31,160.88,155.10,156.95,20576
WM,05/09/2022,160.75,160.98,158.53,159.24,20387
WM,05/06/2022,157.87,162.34,156.79,161.78,19035
WM,05/05/2022,161.78,162.03,157.40,158.64,18740
WM,05/04/2022,159.02,162.55,158.41,162.33,16935
WM,05/03/2022,159.16,162.22,158.47,159.33,16764
WM,05/02/2022,163.60,164.90,157.05,159.04,23640
WM,04/29/2022,168.99,169.62,164.11,164.44,22161
WM,04/28/2022,166.97,170.18,165.41,169.65,21278
WM,04/27/2022,165.00,168.38,164.55,167.45,32929
WM,04/26/2022,165.65,167.75,162.04,164.15,33872
WM,04/25/2022,157.44,157.64,153.15,155.96,24496
WM,04/22/2022,161.21,161.51,157.31,157.51,15736
WM,04/21/2022,161.50,162.66,160.74,161.16,13439
WM,04/20/2022,159.70,161.23,159.47,160.59,14531
WM,04/19/2022,158.36,159.74,158.31,159.08,12558
WM,04/18/2022,158.64,160.03,157.08,158.01,10968
WM,04/14/2022,160.09,161.15,159.05,159.16,12758
WM,04/13/2022,161.65,162.40,158.39,159.74,17609
WM,04/12/2022,163.29,164.55,161.57,161.85,15748
WM,04/11/2022,165.00,165.85,163.66,164.16,13395
WM,04/08/2022,164.11,165.79,163.30,165.15,15141
WM,04/07/2022,161.41,164.51,160.61,163.78,19660
WM,04/06/2022,160.13,162.17,159.78,161.10,17971
WM,04/05/2022,159.32,162.28,159.25,160.59,12911
WM,04/04/2022,159.65,160.00,158.21,159.39,9608
WM,04/01/2022,158.43,160.00,157.80,159.81,11186
WM,03/31/2022,159.80,161.18,158.50,158.50,16237
WM,03/30/2022,158.13,159.48,157.80,159.45,11558
WM,03/29/2022,159.04,159.22,156.01,157.75,12499
WM,03/28/2022,156.57,158.17,156.30,158.16,11628
WM,03/25/2022,155.35,156.35,154.73,156.28,10733
WM,03/24/2022,153.96,155.09,153.34,155.04,13216
WM,03/23/2022,154.70,154.99,153.42,153.55,11312
WM,03/22/2022,156.25,157.06,154.22,154.83,13043
WM,03/21/2022,156.04,157.33,155.48,156.03,15093
WM,03/18/2022,155.66,156.45,154.11,155.67,27434
WM,03/17/2022,154.67,155.72,154.22,155.63,13212
WM,03/16/2022,154.92,155.67,152.20,154.50,20472
WM,03/15/2022,155.59,156.04,153.85,155.17,19596
WM,03/14/2022,152.22,154.65,151.13,154.45,18390
WM,03/11/2022,152.20,153.58,151.39,151.47,13944
WM,03/10/2022,148.93,151.82,148.93,151.45,18455
WM,03/09/2022,149.86,151.08,148.26,149.98,19451
WM,03/08/2022,155.00,156.27,147.86,147.96,30234
WM,03/07/2022,157.21,158.44,155.44,155.85,29611
WM,03/04/2022,151.75,158.00,151.13,157.82,25548
WM,03/03/2022,151.25,154.43,151.15,152.81,22119
WM,03/02/2022,147.33,151.00,147.06,150.16,21370
WM,03/01/2022,144.31,147.28,144.06,146.58,32247
WM,02/28/2022,143.87,145.36,143.16,144.40,21423
WM,02/25/2022,142.21,145.53,142.00,145.16,15805
WM,02/24/2022,139.20,142.42,138.58,141.91,30675
WM,02/23/2022,141.96,142.53,140.53,140.60,21723
WM,02/22/2022,142.25,142.53,140.78,141.53,24077
WM,02/18/2022,142.77,143.99,142.07,142.33,17373
WM,02/17/2022,141.91,143.53,141.52,143.06,19097
WM,02/16/2022,142.22,143.15,141.31,142.57,20203
WM,02/15/2022,143.01,143.38,141.85,142.68,20911
WM,02/14/2022,142.50,143.15,140.57,141.77,21284
