WMB,06/23/2023,30.36,30.63,30.26,30.47,9533
WMB,06/22/2023,30.87,30.90,30.44,30.57,66900
WMB,06/21/2023,30.54,31.04,30.43,30.82,56959
WMB,06/20/2023,30.47,30.67,30.24,30.64,70027
WMB,06/16/2023,30.69,30.78,30.51,30.53,135463
WMB,06/15/2023,30.28,30.85,30.22,30.57,70748
WMB,06/14/2023,30.64,30.73,30.19,30.20,63180
WMB,06/13/2023,30.60,30.99,30.44,30.48,89744
WMB,06/12/2023,30.15,30.66,30.10,30.56,80724
WMB,06/09/2023,31.17,31.20,30.38,30.39,88997
WMB,06/08/2023,31.40,31.72,31.03,31.70,99117
WMB,06/07/2023,30.58,31.41,30.52,31.40,112290
WMB,06/06/2023,29.88,30.40,29.86,30.35,56629
WMB,06/05/2023,30.60,30.60,30.13,30.14,55960
WMB,06/02/2023,29.50,30.53,29.37,30.23,113228
WMB,06/01/2023,28.71,29.25,28.57,29.11,80878
WMB,05/31/2023,28.28,28.72,28.27,28.66,113094
WMB,05/30/2023,28.50,28.70,28.38,28.56,59999
WMB,05/26/2023,29.15,29.23,28.62,28.75,59497
WMB,05/25/2023,28.98,29.13,28.62,29.08,87477
WMB,05/24/2023,29.43,29.45,28.99,29.27,55858
WMB,05/23/2023,29.21,29.60,29.15,29.38,55538
WMB,05/22/2023,29.19,29.46,28.97,29.23,55603
WMB,05/19/2023,29.34,29.48,29.10,29.24,48498
WMB,05/18/2023,28.75,29.24,28.67,29.21,63731
WMB,05/17/2023,28.97,29.09,28.69,28.95,62449
WMB,05/16/2023,29.10,29.27,28.52,28.65,93405
WMB,05/15/2023,29.37,29.38,28.68,29.10,93324
WMB,05/12/2023,29.24,29.39,29.05,29.28,42424
WMB,05/11/2023,28.89,29.16,28.76,29.00,47389
WMB,05/10/2023,29.76,29.76,28.87,29.16,62423
WMB,05/09/2023,29.30,29.67,29.22,29.45,51210
WMB,05/08/2023,30.46,30.48,29.45,29.56,55317
WMB,05/05/2023,29.62,30.40,29.43,30.18,98541
WMB,05/04/2023,29.26,29.74,28.83,29.10,103645
WMB,05/03/2023,29.03,29.50,28.95,28.96,60818
WMB,05/02/2023,30.10,30.13,28.92,29.30,71582
WMB,05/01/2023,30.02,30.51,30.00,30.36,45390
WMB,04/28/2023,29.76,30.43,29.70,30.26,54010
WMB,04/27/2023,29.33,29.88,29.32,29.81,61657
WMB,04/26/2023,29.73,29.96,29.23,29.44,54483
WMB,04/25/2023,30.19,30.22,29.87,29.93,40293
WMB,04/24/2023,29.93,30.43,29.76,30.33,45607
WMB,04/21/2023,29.85,29.98,29.58,29.93,38566
WMB,04/20/2023,29.82,29.83,29.53,29.83,51221
WMB,04/19/2023,29.93,30.08,29.87,30.08,37798
WMB,04/18/2023,30.20,30.39,30.05,30.16,37501
WMB,04/17/2023,30.50,30.57,30.24,30.32,47782
WMB,04/14/2023,30.59,30.78,30.20,30.39,68670
WMB,04/13/2023,30.32,30.51,30.22,30.50,61328
WMB,04/12/2023,30.38,30.64,30.28,30.33,73371
WMB,04/11/2023,30.05,30.32,29.87,30.17,48508
WMB,04/10/2023,29.68,29.95,29.51,29.84,58126
WMB,04/06/2023,30.07,30.09,29.47,29.65,66273
WMB,04/05/2023,29.82,29.97,29.52,29.94,56204
WMB,04/04/2023,29.85,29.93,29.28,29.67,64939
WMB,04/03/2023,30.31,30.41,29.63,29.85,90671
WMB,03/31/2023,29.53,29.88,29.42,29.86,58060
WMB,03/30/2023,29.60,29.60,29.29,29.41,42007
WMB,03/29/2023,29.20,29.27,28.99,29.27,73739
WMB,03/28/2023,28.44,29.04,28.26,28.87,65368
WMB,03/27/2023,29.08,29.21,28.83,28.93,63220
WMB,03/24/2023,27.91,28.79,27.80,28.74,70576
WMB,03/23/2023,28.64,28.96,28.09,28.30,54637
WMB,03/22/2023,29.20,29.35,28.62,28.64,61971
WMB,03/21/2023,29.22,29.30,28.82,29.18,76820
WMB,03/20/2023,28.43,29.15,28.36,28.89,67821
WMB,03/17/2023,28.71,28.75,28.14,28.30,130336
WMB,03/16/2023,28.35,28.89,28.05,28.82,109193
WMB,03/15/2023,28.50,29.15,28.26,28.78,113899
WMB,03/14/2023,29.18,29.68,28.78,29.25,96637
WMB,03/13/2023,28.51,29.36,28.17,29.01,117904
WMB,03/10/2023,29.45,29.57,28.70,28.90,90111
WMB,03/09/2023,30.60,30.76,29.86,29.89,82369
WMB,03/08/2023,30.32,30.59,30.11,30.37,67626
WMB,03/07/2023,30.62,30.68,30.22,30.37,55346
WMB,03/06/2023,30.81,31.02,30.63,30.70,57210
WMB,03/03/2023,30.28,31.06,30.22,30.97,56314
WMB,03/02/2023,29.90,30.50,29.81,30.42,54657
WMB,03/01/2023,30.06,30.19,29.78,29.94,73659
WMB,02/28/2023,30.78,30.80,30.09,30.10,82825
WMB,02/27/2023,31.16,31.23,30.63,30.70,77854
WMB,02/24/2023,30.76,31.20,30.66,31.18,54219
WMB,02/23/2023,31.31,31.31,30.81,31.05,58198
WMB,02/22/2023,30.88,31.26,30.52,30.91,82921
WMB,02/21/2023,31.13,31.26,30.47,30.79,93894
WMB,02/17/2023,31.73,31.85,31.18,31.26,118654
WMB,02/16/2023,31.97,32.41,31.93,32.09,62816
WMB,02/15/2023,31.71,32.11,31.57,32.10,68826
WMB,02/14/2023,31.68,32.09,31.54,31.92,50755
WMB,02/13/2023,31.68,31.95,31.63,31.81,47027
WMB,02/10/2023,31.63,31.88,31.42,31.82,65501
WMB,02/09/2023,31.88,31.94,31.22,31.32,68380
WMB,02/08/2023,32.00,32.15,31.70,31.81,57699
WMB,02/07/2023,31.74,32.23,31.43,32.11,85080
WMB,02/06/2023,32.02,32.14,31.42,31.70,56663
WMB,02/03/2023,32.26,32.44,32.00,32.08,74174
WMB,02/02/2023,31.91,32.26,31.47,32.21,80301
WMB,02/01/2023,31.89,32.17,31.50,31.86,100657
WMB,01/31/2023,31.22,32.24,31.07,32.24,119609
WMB,01/30/2023,31.30,31.72,31.01,31.03,61988
WMB,01/27/2023,31.36,31.70,31.31,31.51,61573
WMB,01/26/2023,31.64,31.68,31.10,31.43,73804
WMB,01/25/2023,31.22,31.41,30.51,31.40,70750
WMB,01/24/2023,31.00,32.55,31.00,31.44,64512
WMB,01/23/2023,31.66,31.94,31.51,31.68,87200
WMB,01/20/2023,31.95,32.06,31.37,31.46,73637
WMB,01/19/2023,31.55,32.25,31.50,31.93,74195
WMB,01/18/2023,32.80,32.91,31.59,31.68,79210
WMB,01/17/2023,33.00,33.08,32.66,32.78,55645
WMB,01/13/2023,32.88,32.97,32.39,32.81,46596
WMB,01/12/2023,32.67,33.06,32.50,32.96,65438
WMB,01/11/2023,32.47,32.57,32.22,32.43,66745
WMB,01/10/2023,32.82,32.95,31.93,32.14,62765
WMB,01/09/2023,32.93,33.06,32.54,32.63,67061
WMB,01/06/2023,32.38,32.92,32.26,32.56,63473
WMB,01/05/2023,32.20,32.30,31.94,32.02,60054
WMB,01/04/2023,31.84,32.53,31.72,32.35,57072
WMB,01/03/2023,32.71,32.72,31.71,32.15,54312
WMB,12/30/2022,32.85,33.03,32.65,32.90,34772
WMB,12/29/2022,32.65,33.08,32.59,32.97,35508
WMB,12/28/2022,33.34,33.51,32.58,32.72,36770
WMB,12/27/2022,33.39,33.54,33.17,33.41,48747
WMB,12/23/2022,32.67,33.41,32.60,33.32,53034
WMB,12/22/2022,32.93,32.94,32.00,32.57,48293
WMB,12/21/2022,32.83,33.15,32.58,32.97,54943
WMB,12/20/2022,32.11,32.49,31.97,32.35,49972
WMB,12/19/2022,32.50,32.59,31.87,32.07,47202
WMB,12/16/2022,32.79,32.89,31.81,32.35,143971
WMB,12/15/2022,33.47,33.63,33.12,33.50,65670
WMB,12/14/2022,33.86,34.19,33.33,33.72,46051
WMB,12/13/2022,33.76,34.03,33.42,33.79,81154
WMB,12/12/2022,32.72,33.20,32.40,33.19,55274
WMB,12/09/2022,32.83,33.23,32.58,32.59,57917
WMB,12/08/2022,33.75,33.87,32.51,32.91,76230
WMB,12/07/2022,33.53,34.22,33.51,33.79,89992
WMB,12/06/2022,34.01,34.28,33.11,33.47,65572
WMB,12/05/2022,35.16,35.22,33.93,34.17,62982
WMB,12/02/2022,34.56,34.98,34.45,34.96,67124
WMB,12/01/2022,35.06,35.45,34.77,34.92,61273
WMB,11/30/2022,34.61,34.85,34.25,34.70,117617
WMB,11/29/2022,33.76,34.48,33.72,34.32,61966
WMB,11/28/2022,33.33,33.63,33.19,33.48,58029
WMB,11/25/2022,33.94,34.15,33.81,33.90,21080
WMB,11/23/2022,33.90,34.10,33.55,33.83,40290
WMB,11/22/2022,33.55,34.31,33.36,34.21,63658
WMB,11/21/2022,32.96,33.19,32.33,33.15,63814
WMB,11/18/2022,32.88,33.46,32.74,33.40,84626
WMB,11/17/2022,33.37,33.51,32.59,33.10,77922
WMB,11/16/2022,33.65,33.88,33.47,33.77,45954
WMB,11/15/2022,34.06,34.21,33.72,33.90,44675
WMB,11/14/2022,34.08,34.53,33.76,33.77,50973
WMB,11/11/2022,34.06,34.24,33.56,34.08,57558
WMB,11/10/2022,33.32,33.65,33.02,33.62,93411
WMB,11/09/2022,33.80,33.82,32.59,32.67,56554
WMB,11/08/2022,33.87,34.12,33.53,33.96,47388
WMB,11/07/2022,33.67,34.06,33.49,33.84,57362
WMB,11/04/2022,33.72,33.83,33.09,33.54,53671
WMB,11/03/2022,32.88,33.35,32.58,33.15,63653
WMB,11/02/2022,33.44,33.75,32.97,33.04,69995
WMB,11/01/2022,33.28,33.84,33.07,33.44,74157
WMB,10/31/2022,32.53,33.15,32.45,32.73,103748
WMB,10/28/2022,32.71,32.89,32.22,32.67,59929
WMB,10/27/2022,32.61,32.86,32.42,32.50,50378
WMB,10/26/2022,32.15,32.34,31.86,32.15,55438
WMB,10/25/2022,31.00,31.88,30.93,31.85,57241
WMB,10/24/2022,31.66,31.66,30.97,31.10,55883
WMB,10/21/2022,30.97,31.76,30.69,31.52,88641
WMB,10/20/2022,31.02,31.24,30.56,30.90,90247
WMB,10/19/2022,30.41,31.08,30.32,30.88,59436
WMB,10/18/2022,30.19,30.74,30.08,30.44,62128
WMB,10/17/2022,29.89,30.30,29.68,29.96,60890
WMB,10/14/2022,30.43,30.68,29.38,29.41,69462
WMB,10/13/2022,29.24,30.55,28.96,30.41,82895
WMB,10/12/2022,29.58,29.68,29.22,29.36,65089
WMB,10/11/2022,29.21,30.18,29.04,29.75,73965
WMB,10/10/2022,29.90,30.23,29.22,29.35,55579
WMB,10/07/2022,30.10,30.22,29.51,29.79,71631
WMB,10/06/2022,30.17,30.59,29.97,30.11,59173
WMB,10/05/2022,30.55,30.82,29.97,30.46,70913
WMB,10/04/2022,29.92,30.73,29.78,30.71,64611
WMB,10/03/2022,29.51,29.68,29.28,29.43,76272
WMB,09/30/2022,28.79,28.92,28.54,28.63,109242
WMB,09/29/2022,29.09,29.31,28.45,28.96,90154
WMB,09/28/2022,28.67,29.50,28.48,29.41,79124
WMB,09/27/2022,28.96,29.12,28.30,28.54,72767
WMB,09/26/2022,28.95,29.14,28.36,28.42,90441
WMB,09/23/2022,30.35,30.35,28.82,29.15,111746
WMB,09/22/2022,31.84,31.84,31.15,31.16,48971
WMB,09/21/2022,32.25,32.46,31.47,31.47,80544
WMB,09/20/2022,31.89,32.00,31.35,31.83,62294
WMB,09/19/2022,31.10,32.07,30.96,32.06,74662
WMB,09/16/2022,32.62,32.65,31.32,31.69,150391
WMB,09/15/2022,32.98,33.20,32.72,32.83,58381
WMB,09/14/2022,33.13,33.75,32.90,33.45,73739
WMB,09/13/2022,33.49,33.80,32.64,32.79,66171
WMB,09/12/2022,33.10,33.93,33.01,33.87,84963
WMB,09/09/2022,32.41,33.00,32.37,32.77,92716
WMB,09/08/2022,32.39,32.45,31.58,32.00,107128
WMB,09/07/2022,32.90,33.40,32.59,33.29,91064
WMB,09/06/2022,33.93,34.00,33.04,33.17,72147
WMB,09/02/2022,34.19,34.31,33.57,33.72,62261
WMB,09/01/2022,33.69,33.74,33.08,33.58,49968
WMB,08/31/2022,33.80,34.34,33.68,34.03,74147
WMB,08/30/2022,34.81,34.91,34.15,34.32,51949
WMB,08/29/2022,35.00,35.60,34.75,35.24,59008
WMB,08/26/2022,35.62,35.68,35.00,35.03,40285
WMB,08/25/2022,35.60,35.79,35.31,35.60,46534
WMB,08/24/2022,35.16,35.60,35.04,35.58,93258
WMB,08/23/2022,35.10,35.60,34.97,35.12,76700
WMB,08/22/2022,34.80,34.90,34.44,34.69,58354
WMB,08/19/2022,35.15,35.28,34.86,34.93,57209
WMB,08/18/2022,34.67,35.38,34.61,35.24,90647
WMB,08/17/2022,34.24,34.62,33.93,34.30,60829
WMB,08/16/2022,33.77,34.51,33.77,34.32,60348
WMB,08/15/2022,33.40,33.97,33.01,33.63,62145
WMB,08/12/2022,33.86,34.19,33.56,34.16,49517
WMB,08/11/2022,33.46,34.19,33.44,33.94,66557
WMB,08/10/2022,33.08,33.27,32.59,33.02,48242
WMB,08/09/2022,32.81,33.02,32.66,32.83,42764
WMB,08/08/2022,32.26,32.70,32.22,32.45,43825
WMB,08/05/2022,31.55,32.28,31.40,32.22,54424
WMB,08/04/2022,32.43,32.44,31.81,31.91,71050
WMB,08/03/2022,33.27,33.31,32.34,32.63,72078
WMB,08/02/2022,34.15,34.33,32.20,32.86,133875
WMB,08/01/2022,33.77,34.09,33.33,34.00,73405
WMB,07/29/2022,34.17,34.34,33.82,34.09,90928
WMB,07/28/2022,34.01,34.04,33.26,33.78,54956
WMB,07/27/2022,33.59,33.98,33.09,33.79,53610
WMB,07/26/2022,33.77,34.03,33.42,33.54,56224
WMB,07/25/2022,32.56,33.48,32.21,33.45,55832
WMB,07/22/2022,32.67,32.89,32.09,32.34,48264
WMB,07/21/2022,31.68,32.43,31.40,32.41,80321
WMB,07/20/2022,32.31,32.67,31.97,32.50,53345
WMB,07/19/2022,31.89,32.44,31.89,32.35,55584
WMB,07/18/2022,31.83,32.20,31.76,31.91,60355
WMB,07/15/2022,31.67,31.71,30.97,31.38,54864
WMB,07/14/2022,30.20,31.18,29.95,31.15,77558
WMB,07/13/2022,30.48,31.49,30.39,31.14,57103
WMB,07/12/2022,31.04,31.41,30.68,30.95,70766
WMB,07/11/2022,31.05,31.88,30.94,31.76,96552
WMB,07/08/2022,31.36,31.70,31.06,31.32,56011
WMB,07/07/2022,30.27,31.31,30.27,31.18,96206
WMB,07/06/2022,29.88,30.12,29.05,29.72,91360
WMB,07/05/2022,30.74,30.90,29.25,30.16,119685
WMB,07/01/2022,31.34,31.42,30.42,31.29,78153
WMB,06/30/2022,31.07,31.57,30.97,31.21,103816
WMB,06/29/2022,32.08,32.21,31.32,31.51,84494
WMB,06/28/2022,31.24,31.94,31.20,31.74,100401
WMB,06/27/2022,30.35,30.81,30.22,30.59,136573
WMB,06/24/2022,30.70,30.95,29.94,30.05,146359
WMB,06/23/2022,30.71,30.87,29.98,30.41,105317
WMB,06/22/2022,29.95,30.88,29.80,30.57,108951
WMB,06/21/2022,30.33,31.12,30.17,30.93,106612
WMB,06/17/2022,30.31,30.80,29.02,29.74,212195
WMB,06/16/2022,31.08,31.12,30.14,30.45,109956
WMB,06/15/2022,32.43,32.65,31.15,31.75,100246
WMB,06/14/2022,33.61,33.74,31.89,32.34,119283
WMB,06/13/2022,34.04,34.14,32.92,33.12,96629
WMB,06/10/2022,35.22,35.42,34.61,34.89,97853
WMB,06/09/2022,36.90,36.96,35.59,35.59,75497
WMB,06/08/2022,37.75,37.84,37.09,37.49,84797
WMB,06/07/2022,37.33,37.90,37.33,37.82,81432
WMB,06/06/2022,37.65,37.77,37.33,37.41,47075
WMB,06/03/2022,37.79,37.97,37.40,37.51,46691
WMB,06/02/2022,37.25,37.76,37.01,37.74,62546
WMB,06/01/2022,37.30,37.69,36.92,37.43,76942
WMB,05/31/2022,37.70,37.79,36.56,37.06,186297
WMB,05/27/2022,36.84,37.59,36.67,37.46,67024
WMB,05/26/2022,36.89,37.11,36.74,36.92,63485
WMB,05/25/2022,36.47,36.77,36.19,36.69,70051
WMB,05/24/2022,35.90,36.28,35.41,36.21,77790
WMB,05/23/2022,35.68,36.27,35.40,36.02,84338
WMB,05/20/2022,35.28,35.50,34.76,35.38,79809
WMB,05/19/2022,34.59,35.42,34.47,35.02,74436
WMB,05/18/2022,36.05,36.17,34.83,35.23,73569
WMB,05/17/2022,35.69,35.94,35.20,35.90,61100
WMB,05/16/2022,35.15,35.77,34.99,35.44,65560
WMB,05/13/2022,34.95,35.42,34.61,34.79,78685
WMB,05/12/2022,34.46,34.69,33.99,34.62,67185
WMB,05/11/2022,34.57,35.53,34.34,34.46,81032
WMB,05/10/2022,34.87,35.27,33.54,34.18,120652
WMB,05/09/2022,36.02,36.18,34.65,34.74,99832
WMB,05/06/2022,36.16,36.77,35.31,36.67,89973
WMB,05/05/2022,36.98,36.99,35.48,35.91,94653
WMB,05/04/2022,35.95,37.05,35.56,36.89,120648
WMB,05/03/2022,35.13,35.51,34.28,35.31,98588
WMB,05/02/2022,34.19,34.65,33.78,34.40,88773
WMB,04/29/2022,34.61,34.95,34.15,34.29,90170
WMB,04/28/2022,34.76,35.06,33.93,34.83,72088
WMB,04/27/2022,34.42,34.68,33.81,34.32,85574
WMB,04/26/2022,34.13,35.07,33.99,34.31,81197
WMB,04/25/2022,34.36,34.38,33.02,33.90,116742
WMB,04/22/2022,35.56,35.85,35.02,35.10,89489
WMB,04/21/2022,35.97,36.37,35.63,35.68,65646
WMB,04/20/2022,35.55,36.19,35.40,35.92,63447
WMB,04/19/2022,35.25,35.57,35.01,35.41,51323
WMB,04/18/2022,35.59,35.82,35.12,35.31,73014
WMB,04/14/2022,35.06,35.80,34.85,35.52,67097
WMB,04/13/2022,35.08,35.29,34.68,35.05,67252
WMB,04/12/2022,34.82,35.13,34.59,34.79,95047
WMB,04/11/2022,34.22,34.68,33.89,34.40,117193
WMB,04/08/2022,33.79,34.52,33.70,34.42,75516
WMB,04/07/2022,33.50,33.74,32.84,33.65,67009
WMB,04/06/2022,33.30,33.56,32.94,33.40,58617
WMB,04/05/2022,33.80,34.07,32.94,32.98,99261
WMB,04/04/2022,34.00,34.04,33.51,33.73,47479
WMB,04/01/2022,33.47,33.93,33.44,33.83,55752
WMB,03/31/2022,33.46,34.02,33.36,33.41,88683
WMB,03/30/2022,33.63,33.83,33.27,33.65,83700
WMB,03/29/2022,32.86,33.51,32.59,33.44,66801
WMB,03/28/2022,33.40,33.53,33.07,33.30,59052
WMB,03/25/2022,32.95,33.91,32.85,33.88,60093
WMB,03/24/2022,32.86,33.04,32.74,32.93,54316
WMB,03/23/2022,32.44,32.92,32.31,32.71,66706
WMB,03/22/2022,32.33,32.50,31.75,32.12,69931
WMB,03/21/2022,31.92,32.58,31.77,32.50,86027
WMB,03/18/2022,31.43,31.70,31.06,31.46,144413
WMB,03/17/2022,31.70,31.79,31.25,31.53,88202
WMB,03/16/2022,31.11,31.55,30.85,31.26,115399
WMB,03/15/2022,30.57,31.32,30.36,31.04,109535
WMB,03/14/2022,31.58,31.87,30.73,31.07,104546
WMB,03/11/2022,32.41,32.62,31.78,31.90,76773
WMB,03/10/2022,32.42,32.65,32.09,32.49,86617
WMB,03/09/2022,32.58,33.13,32.05,32.50,137413
WMB,03/08/2022,33.86,33.99,32.52,32.86,140494
WMB,03/07/2022,33.73,34.39,32.92,33.40,116942
WMB,03/04/2022,32.70,33.53,32.63,33.47,74770
WMB,03/03/2022,32.50,32.90,32.36,32.80,85911
WMB,03/02/2022,32.00,32.94,31.80,32.69,102699
WMB,03/01/2022,31.48,32.08,31.34,31.67,169172
WMB,02/28/2022,30.49,31.31,30.39,31.28,109316
WMB,02/25/2022,30.20,30.71,30.01,30.69,95744
WMB,02/24/2022,30.55,30.60,29.29,29.96,111609
WMB,02/23/2022,29.70,30.50,29.56,30.12,121996
WMB,02/22/2022,30.40,30.75,28.93,29.51,109137
WMB,02/18/2022,29.47,29.91,29.30,29.62,91718
WMB,02/17/2022,29.92,30.00,29.54,29.69,72193
WMB,02/16/2022,29.98,30.39,29.83,30.01,67002
WMB,02/15/2022,29.88,30.00,29.70,29.86,64276
WMB,02/14/2022,30.71,30.74,29.86,30.08,76530
