XPO,06/23/2023,52.44,52.94,52.11,52.61,1555
XPO,06/22/2023,52.01,54.12,51.72,53.42,21917
XPO,06/21/2023,50.93,52.48,50.66,52.08,10636
XPO,06/20/2023,51.20,51.90,51.00,51.39,15915
XPO,06/16/2023,52.86,53.61,51.41,51.60,24557
XPO,06/15/2023,50.80,52.51,50.73,52.18,23914
XPO,06/14/2023,49.64,51.37,49.45,51.36,17778
XPO,06/13/2023,48.05,49.30,47.80,49.26,12629
XPO,06/12/2023,48.48,48.81,47.35,48.09,15926
XPO,06/09/2023,48.80,49.18,48.31,48.50,9214
XPO,06/08/2023,49.28,49.65,48.60,48.95,8331
XPO,06/07/2023,49.66,50.91,49.22,49.30,12750
XPO,06/06/2023,48.27,49.72,47.88,49.04,10258
XPO,06/05/2023,49.06,49.85,48.53,48.56,11048
XPO,06/02/2023,48.46,50.14,48.35,49.57,15379
XPO,06/01/2023,47.16,47.81,46.80,47.51,12469
XPO,05/31/2023,48.13,48.25,46.65,46.93,14200
XPO,05/30/2023,48.59,49.08,48.24,48.49,9917
XPO,05/26/2023,47.90,49.02,47.88,48.35,10982
XPO,05/25/2023,47.00,48.22,46.99,48.08,15855
XPO,05/24/2023,46.32,46.89,45.24,46.75,18150
XPO,05/23/2023,47.09,47.37,46.49,46.83,12494
XPO,05/22/2023,47.40,48.15,46.92,47.34,13215
XPO,05/19/2023,47.96,47.96,46.56,46.94,11067
XPO,05/18/2023,47.11,48.20,46.87,47.80,13199
XPO,05/17/2023,47.35,47.48,46.53,47.12,13269
XPO,05/16/2023,47.31,47.41,46.53,47.06,11109
XPO,05/15/2023,47.09,47.94,46.62,47.57,13130
XPO,05/12/2023,47.41,47.44,46.47,46.84,17817
XPO,05/11/2023,47.14,47.69,46.81,47.04,14744
XPO,05/10/2023,47.71,47.95,46.59,47.32,19371
XPO,05/09/2023,47.52,48.42,47.25,47.27,27793
XPO,05/08/2023,48.53,49.20,48.17,48.44,34430
XPO,05/05/2023,45.93,49.00,45.27,47.90,41007
XPO,05/04/2023,46.61,48.85,45.74,45.93,47622
XPO,05/03/2023,43.82,45.49,43.61,44.40,25844
XPO,05/02/2023,43.88,44.12,42.86,44.06,18454
XPO,05/01/2023,44.00,44.19,43.49,44.15,15181
XPO,04/28/2023,42.67,44.86,42.25,44.18,23867
XPO,04/27/2023,41.99,42.22,40.68,41.82,30208
XPO,04/26/2023,42.50,43.39,41.39,41.71,38658
XPO,04/25/2023,43.08,43.54,42.59,43.07,23078
XPO,04/24/2023,43.84,44.45,43.36,43.73,31899
XPO,04/21/2023,42.93,44.79,42.61,44.02,93573
XPO,04/20/2023,39.50,40.86,38.59,40.79,82239
XPO,04/19/2023,33.73,34.77,33.73,34.58,19249
XPO,04/18/2023,34.00,34.58,34.00,34.29,27812
XPO,04/17/2023,33.20,34.17,33.12,34.07,18616
XPO,04/14/2023,32.53,33.40,32.41,33.30,22045
XPO,04/13/2023,32.76,33.11,31.73,32.51,15472
XPO,04/12/2023,33.26,33.50,32.35,32.56,15273
XPO,04/11/2023,31.50,33.18,31.46,32.88,16271
XPO,04/10/2023,29.99,31.60,29.98,31.39,17448
XPO,04/06/2023,30.44,30.70,29.95,30.13,14766
XPO,04/05/2023,29.72,30.04,29.02,29.83,26798
XPO,04/04/2023,31.50,31.50,29.88,30.09,15046
XPO,04/03/2023,31.78,31.97,30.66,31.27,16689
XPO,03/31/2023,31.25,31.94,31.12,31.90,14060
XPO,03/30/2023,31.50,31.53,30.78,31.06,8615
XPO,03/29/2023,31.20,31.46,30.65,30.98,11979
XPO,03/28/2023,31.11,31.34,30.59,30.75,6563
XPO,03/27/2023,30.75,31.34,30.22,31.18,12286
XPO,03/24/2023,30.15,30.41,29.51,30.40,11699
XPO,03/23/2023,31.81,32.11,30.21,30.60,16728
XPO,03/22/2023,32.77,32.84,31.68,31.71,11417
XPO,03/21/2023,32.69,33.25,32.51,32.89,12690
XPO,03/20/2023,31.91,32.44,31.35,31.95,17123
XPO,03/17/2023,33.30,33.57,31.65,31.87,39381
XPO,03/16/2023,32.64,33.78,32.41,33.27,11234
XPO,03/15/2023,32.24,33.26,31.57,32.99,20033
XPO,03/14/2023,33.47,34.08,32.14,32.70,12751
XPO,03/13/2023,33.89,33.89,32.35,32.59,21346
XPO,03/10/2023,35.66,35.92,34.34,34.65,23186
XPO,03/09/2023,35.44,38.17,35.44,35.88,31591
XPO,03/08/2023,35.21,35.32,34.66,35.30,8963
XPO,03/07/2023,36.22,36.33,35.29,35.33,10935
XPO,03/06/2023,37.03,37.15,36.24,36.26,15370
XPO,03/03/2023,36.41,37.00,36.25,36.98,10423
XPO,03/02/2023,34.02,36.39,33.73,36.22,19815
XPO,03/01/2023,33.31,34.65,33.31,34.50,20686
XPO,02/28/2023,33.71,34.13,33.36,33.36,13647
XPO,02/27/2023,34.75,34.83,33.72,33.89,16517
XPO,02/24/2023,34.00,34.45,33.50,34.17,15551
XPO,02/23/2023,34.99,35.23,33.98,34.69,14532
XPO,02/22/2023,35.20,35.58,34.52,34.63,11083
XPO,02/21/2023,36.53,36.84,34.97,35.02,19212
XPO,02/17/2023,37.31,37.49,36.59,37.29,13932
XPO,02/16/2023,36.98,38.26,36.69,37.57,15337
XPO,02/15/2023,37.37,37.80,37.11,37.76,22548
XPO,02/14/2023,35.68,37.94,35.24,37.82,23646
XPO,02/13/2023,34.75,36.77,34.61,36.46,29479
XPO,02/10/2023,37.01,37.14,34.87,35.22,39638
XPO,02/09/2023,43.00,44.00,37.26,37.84,60075
XPO,02/08/2023,43.69,45.06,43.31,43.98,18450
XPO,02/07/2023,42.87,44.72,42.74,44.12,20595
XPO,02/06/2023,42.86,43.14,42.11,42.64,9789
XPO,02/03/2023,42.49,44.27,42.21,43.29,13245
XPO,02/02/2023,43.50,44.61,43.33,43.94,20546
XPO,02/01/2023,40.36,43.74,40.36,43.16,26944
XPO,01/31/2023,38.41,39.86,38.41,39.86,16548
XPO,01/30/2023,38.66,39.29,38.35,38.38,11380
XPO,01/27/2023,37.84,40.58,37.84,39.39,14543
XPO,01/26/2023,38.32,38.35,37.27,37.89,7454
XPO,01/25/2023,37.93,38.07,37.51,38.00,11645
XPO,01/24/2023,39.25,39.25,38.40,38.70,8263
XPO,01/23/2023,37.77,39.91,37.69,39.29,15671
XPO,01/20/2023,37.12,37.88,36.74,37.75,10564
XPO,01/19/2023,36.84,37.16,36.10,36.80,8388
XPO,01/18/2023,37.09,38.79,36.82,37.50,18809
XPO,01/17/2023,36.52,37.45,36.52,37.01,12720
XPO,01/13/2023,37.43,37.98,37.10,37.39,8752
XPO,01/12/2023,37.89,37.90,36.94,37.76,12371
XPO,01/11/2023,36.99,38.00,36.82,37.74,12184
XPO,01/10/2023,37.40,37.63,36.78,37.30,10714
XPO,01/09/2023,36.55,38.09,36.21,37.48,19521
XPO,01/06/2023,34.34,36.20,34.21,35.99,13304
XPO,01/05/2023,33.09,34.37,32.96,34.01,17960
XPO,01/04/2023,32.56,33.85,32.16,33.40,28210
XPO,01/03/2023,33.84,34.03,32.02,32.35,20566
XPO,12/30/2022,33.88,34.35,32.85,33.29,13894
XPO,12/29/2022,33.98,34.92,33.75,34.49,7261
XPO,12/28/2022,34.61,34.88,33.48,33.59,10265
XPO,12/27/2022,34.78,35.19,34.44,34.74,6013
XPO,12/23/2022,34.70,35.05,34.47,34.90,6744
XPO,12/22/2022,34.64,34.71,33.80,34.67,7652
XPO,12/21/2022,35.04,35.50,34.43,35.12,12279
XPO,12/20/2022,35.13,35.29,33.94,34.39,23881
XPO,12/19/2022,36.20,36.25,35.28,35.36,9654
XPO,12/16/2022,35.94,36.52,35.66,36.22,22065
XPO,12/15/2022,36.92,37.26,36.28,36.50,10671
XPO,12/14/2022,37.37,38.89,37.37,37.83,10661
XPO,12/13/2022,38.99,40.32,37.25,37.45,17609
XPO,12/12/2022,36.26,37.34,36.19,37.14,17379
XPO,12/09/2022,35.35,36.47,35.11,36.16,13620
XPO,12/08/2022,36.16,36.35,35.44,35.79,7166
XPO,12/07/2022,35.84,36.72,35.66,35.72,8462
XPO,12/06/2022,35.72,36.12,35.35,36.05,10017
XPO,12/05/2022,37.19,37.43,35.66,35.88,13536
XPO,12/02/2022,36.92,38.39,36.52,38.14,9349
XPO,12/01/2022,38.06,38.28,36.93,37.48,13854
XPO,11/30/2022,37.16,38.66,36.35,38.62,15070
XPO,11/29/2022,37.16,37.84,36.80,37.67,8601
XPO,11/28/2022,37.04,37.84,36.67,36.83,10092
XPO,11/25/2022,37.27,37.70,37.27,37.65,3267
XPO,11/23/2022,37.12,37.91,36.95,37.60,5017
XPO,11/22/2022,37.66,38.17,37.20,37.33,12345
XPO,11/21/2022,36.52,37.77,36.26,37.66,11671
XPO,11/18/2022,37.20,37.52,36.62,37.15,13867
XPO,11/17/2022,36.66,36.91,35.59,36.52,20399
XPO,11/16/2022,39.07,39.22,37.61,37.74,16682
XPO,11/15/2022,39.96,40.62,39.25,39.84,17391
XPO,11/14/2022,38.88,39.96,38.21,38.92,13808
XPO,11/11/2022,38.58,40.44,38.22,39.44,24873
XPO,11/10/2022,36.35,38.28,36.34,38.20,20569
XPO,11/09/2022,35.08,36.17,34.08,34.38,21115
XPO,11/08/2022,36.21,36.24,34.55,35.43,25671
XPO,11/07/2022,34.00,36.08,33.92,36.03,24367
XPO,11/04/2022,32.77,33.86,32.61,33.62,22400
XPO,11/03/2022,31.17,32.18,30.54,31.93,28657
XPO,11/02/2022,32.00,33.48,31.66,31.90,40790
XPO,11/01/2022,32.75,32.75,31.25,32.50,37029
XPO,10/31/2022,29.91,31.61,29.85,30.74,29169
XPO,10/28/2022,29.36,30.28,28.85,30.10,17277
XPO,10/27/2022,30.25,30.51,29.11,29.36,14382
XPO,10/26/2022,28.81,30.14,28.39,29.91,14575
XPO,10/25/2022,28.38,29.19,28.38,28.74,17996
XPO,10/24/2022,27.39,28.19,26.82,28.08,7868
XPO,10/21/2022,26.53,27.21,26.16,27.18,6909
XPO,10/20/2022,26.66,27.77,26.45,26.67,10416
XPO,10/19/2022,27.83,28.13,26.66,26.88,14806
XPO,10/18/2022,29.49,29.99,27.67,28.11,22894
XPO,10/17/2022,28.09,29.05,28.02,28.80,20435
XPO,10/14/2022,29.87,29.87,27.67,27.82,13706
XPO,10/13/2022,27.81,29.65,26.69,29.35,15715
XPO,10/12/2022,29.11,29.56,28.67,29.06,13503
XPO,10/11/2022,29.23,29.94,28.81,29.20,14699
XPO,10/10/2022,29.29,29.63,28.55,29.39,12097
XPO,10/07/2022,29.14,29.53,28.68,28.96,20162
XPO,10/06/2022,29.27,30.25,29.22,29.84,13411
XPO,10/05/2022,28.43,29.56,28.40,29.28,12921
XPO,10/04/2022,28.55,29.21,28.37,29.16,13398
XPO,10/03/2022,26.86,28.15,26.50,27.77,13816
XPO,09/30/2022,26.62,27.15,26.18,26.45,17518
XPO,09/29/2022,26.74,26.97,26.41,26.73,14071
XPO,09/28/2022,26.15,27.47,26.00,27.31,11637
XPO,09/27/2022,25.45,26.29,25.36,25.97,24021
XPO,09/26/2022,25.42,25.89,24.84,25.15,12365
XPO,09/23/2022,25.70,25.74,24.76,25.52,18112
XPO,09/22/2022,27.23,27.34,25.99,26.20,12302
XPO,09/21/2022,27.73,28.40,27.28,27.30,11422
XPO,09/20/2022,27.88,28.14,27.25,27.60,12164
XPO,09/19/2022,27.66,28.91,27.49,28.23,12199
XPO,09/16/2022,27.06,28.16,26.79,28.02,56160
XPO,09/15/2022,30.31,30.99,29.21,29.40,12390
XPO,09/14/2022,30.97,31.09,30.04,30.41,11561
XPO,09/13/2022,31.12,31.78,30.83,30.98,14706
XPO,09/12/2022,32.14,32.83,32.02,32.59,9325
XPO,09/09/2022,31.48,32.12,31.42,32.01,10904
XPO,09/08/2022,31.13,31.45,30.65,31.01,13487
XPO,09/07/2022,31.14,31.70,30.43,31.61,11857
XPO,09/06/2022,31.55,32.40,30.97,31.41,12527
XPO,09/02/2022,31.98,32.19,30.91,31.19,12641
XPO,09/01/2022,30.83,31.48,30.38,31.45,12720
XPO,08/31/2022,31.99,32.06,31.02,31.14,8987
XPO,08/30/2022,32.08,32.11,30.92,31.61,8132
XPO,08/29/2022,31.49,32.08,31.27,31.71,8850
XPO,08/26/2022,33.62,33.87,31.67,31.86,9888
XPO,08/25/2022,32.64,33.84,32.64,33.84,10296
XPO,08/24/2022,31.32,32.56,31.26,32.39,9081
XPO,08/23/2022,31.51,32.21,31.12,31.42,19975
XPO,08/22/2022,32.39,32.54,31.07,31.36,17313
XPO,08/19/2022,34.20,34.45,33.00,33.27,14797
XPO,08/18/2022,34.44,34.88,34.41,34.72,7325
XPO,08/17/2022,35.59,35.71,34.28,34.64,11066
XPO,08/16/2022,35.74,36.64,35.35,36.29,11079
XPO,08/15/2022,35.28,36.27,34.88,35.93,18776
XPO,08/12/2022,34.36,35.76,33.89,35.72,34056
XPO,08/11/2022,34.33,35.07,34.04,34.23,11596
XPO,08/10/2022,33.75,34.45,33.12,33.95,17576
XPO,08/09/2022,34.14,34.20,32.56,32.72,18632
XPO,08/08/2022,36.09,36.35,34.37,34.39,14252
XPO,08/05/2022,35.36,35.87,34.61,35.56,21495
XPO,08/04/2022,35.97,36.63,35.97,36.39,14727
XPO,08/03/2022,35.58,36.27,35.50,35.97,11439
XPO,08/02/2022,35.02,35.30,34.34,35.08,13401
XPO,08/01/2022,35.23,36.20,34.73,35.27,16398
XPO,07/29/2022,34.19,35.59,33.91,35.49,15367
XPO,07/28/2022,32.49,34.04,32.48,33.94,11811
XPO,07/27/2022,31.93,32.27,31.13,32.14,7849
XPO,07/26/2022,31.72,31.80,31.11,31.38,6740
XPO,07/25/2022,32.23,32.31,31.61,32.12,8095
XPO,07/22/2022,32.38,32.52,31.53,32.20,8171
XPO,07/21/2022,31.89,32.64,31.57,32.48,12100
XPO,07/20/2022,30.78,32.37,30.68,32.26,20274
XPO,07/19/2022,29.40,30.84,29.36,30.78,9450
XPO,07/18/2022,28.98,29.84,28.61,28.72,9609
XPO,07/15/2022,28.22,28.80,28.13,28.52,8089
XPO,07/14/2022,27.74,27.97,26.79,27.80,14327
XPO,07/13/2022,28.40,28.73,27.93,28.38,12390
XPO,07/12/2022,28.60,29.91,28.46,29.16,11093
XPO,07/11/2022,29.22,29.41,28.54,28.55,8285
XPO,07/08/2022,30.44,30.47,29.17,29.46,17488
XPO,07/07/2022,28.55,29.28,28.45,28.79,9675
XPO,07/06/2022,28.21,28.67,27.56,28.04,14164
XPO,07/05/2022,27.93,28.47,27.42,28.42,13299
XPO,07/01/2022,28.26,28.89,27.72,28.61,11314
XPO,06/30/2022,28.01,28.91,27.33,28.61,11595
XPO,06/29/2022,28.71,28.86,27.88,28.73,8868
XPO,06/28/2022,30.87,31.07,28.70,28.77,10996
XPO,06/27/2022,30.32,31.12,29.73,29.91,17593
XPO,06/24/2022,28.26,29.83,28.26,29.81,22379
XPO,06/23/2022,27.16,27.91,26.88,27.78,10085
XPO,06/22/2022,27.04,27.60,26.88,27.15,13151
XPO,06/21/2022,27.98,28.22,27.42,27.64,8774
XPO,06/17/2022,27.79,28.14,27.28,27.48,21113
XPO,06/16/2022,28.02,28.18,27.26,27.48,17266
XPO,06/15/2022,28.61,29.61,28.54,29.02,14618
XPO,06/14/2022,27.93,28.68,27.71,28.32,19523
XPO,06/13/2022,28.44,28.71,27.01,27.34,19574
XPO,06/10/2022,30.28,30.72,29.36,29.40,10786
XPO,06/09/2022,31.45,32.13,31.02,31.03,10193
XPO,06/08/2022,32.43,32.74,31.48,31.68,12220
XPO,06/07/2022,32.94,33.59,32.36,33.02,10140
XPO,06/06/2022,33.27,33.78,32.84,33.57,13129
XPO,06/03/2022,32.58,33.91,32.09,32.83,12783
XPO,06/02/2022,30.71,33.37,30.71,33.04,23304
XPO,06/01/2022,31.95,32.24,30.50,30.51,13747
XPO,05/31/2022,31.77,32.03,30.79,31.75,13091
XPO,05/27/2022,31.55,32.11,31.54,31.97,12087
XPO,05/26/2022,29.90,31.27,29.75,31.10,15605
XPO,05/25/2022,28.03,29.63,28.03,29.45,10386
XPO,05/24/2022,28.90,28.95,27.57,28.32,13454
XPO,05/23/2022,29.89,30.07,28.80,29.36,12062
XPO,05/20/2022,29.82,29.82,28.23,29.49,10240
XPO,05/19/2022,28.11,29.88,28.11,29.27,18662
XPO,05/18/2022,31.11,31.43,28.46,28.59,23084
XPO,05/17/2022,30.98,31.86,30.79,31.61,11138
XPO,05/16/2022,31.26,31.45,30.12,30.25,11680
XPO,05/13/2022,30.69,32.34,30.69,31.41,16415
XPO,05/12/2022,30.19,31.11,29.18,30.33,19973
XPO,05/11/2022,31.49,33.58,30.50,30.63,26210
XPO,05/10/2022,32.40,32.51,29.90,31.46,37584
XPO,05/09/2022,31.13,31.67,30.03,30.22,27603
XPO,05/06/2022,32.25,32.58,31.09,31.87,16959
XPO,05/05/2022,33.21,33.64,31.94,32.43,13459
XPO,05/04/2022,33.18,34.08,32.26,33.98,14761
XPO,05/03/2022,32.66,33.17,32.12,32.92,11830
XPO,05/02/2022,32.03,32.63,31.55,32.54,12920
XPO,04/29/2022,32.96,33.69,31.80,31.96,13796
XPO,04/28/2022,31.73,33.48,31.26,33.30,21254
XPO,04/27/2022,32.19,32.36,30.78,31.31,19403
XPO,04/26/2022,33.67,34.07,32.28,32.31,11120
XPO,04/25/2022,32.68,34.00,32.46,33.98,16612
XPO,04/22/2022,32.93,34.10,32.80,33.11,19283
XPO,04/21/2022,34.64,34.89,33.09,33.18,16757
XPO,04/20/2022,33.79,34.83,33.51,33.98,20211
XPO,04/19/2022,33.14,33.87,32.63,33.48,19975
XPO,04/18/2022,33.60,33.78,32.53,32.69,28735
XPO,04/14/2022,34.91,35.20,33.69,33.73,47456
XPO,04/13/2022,34.77,35.74,34.61,35.64,15275
XPO,04/12/2022,35.45,36.22,34.29,34.55,15814
XPO,04/11/2022,35.80,36.95,35.20,35.27,11970
XPO,04/08/2022,36.08,37.14,35.40,36.18,19827
XPO,04/07/2022,37.45,37.67,35.93,36.47,21466
XPO,04/06/2022,37.99,38.65,36.71,37.64,27035
XPO,04/05/2022,40.48,40.91,38.22,38.55,21120
XPO,04/04/2022,41.41,41.57,40.69,40.82,14026
XPO,04/01/2022,43.47,43.61,41.10,41.53,23747
XPO,03/31/2022,45.12,45.22,43.16,43.25,17836
XPO,03/30/2022,46.07,46.29,44.98,45.30,11526
XPO,03/29/2022,46.41,47.31,46.31,46.52,10205
XPO,03/28/2022,46.14,46.43,45.59,46.10,16406
XPO,03/25/2022,45.75,45.92,44.67,45.75,15336
XPO,03/24/2022,45.08,45.57,44.75,45.25,5176
XPO,03/23/2022,46.23,46.23,44.61,44.72,7422
XPO,03/22/2022,45.82,46.83,45.81,46.54,10160
XPO,03/21/2022,45.56,45.95,45.03,45.77,9294
XPO,03/18/2022,45.07,45.68,44.07,45.59,15145
XPO,03/17/2022,44.50,45.67,44.38,45.63,13005
XPO,03/16/2022,42.74,44.84,42.74,44.76,23151
XPO,03/15/2022,41.18,42.59,40.99,42.16,18331
XPO,03/14/2022,42.04,42.28,40.70,41.02,16860
XPO,03/11/2022,44.10,44.72,41.80,41.87,23183
XPO,03/10/2022,40.95,43.37,40.80,43.01,18132
XPO,03/09/2022,42.18,42.90,41.42,41.61,49135
XPO,03/08/2022,35.84,37.88,35.18,36.79,20058
XPO,03/07/2022,39.41,39.53,35.80,35.82,20714
XPO,03/04/2022,42.03,42.13,39.44,39.65,16839
XPO,03/03/2022,43.96,44.18,42.34,42.66,14197
XPO,03/02/2022,42.54,43.93,42.53,43.33,8393
XPO,03/01/2022,42.82,43.13,41.71,42.09,8057
XPO,02/28/2022,41.79,43.64,41.75,43.18,10828
XPO,02/25/2022,41.51,42.69,40.88,42.63,12850
XPO,02/24/2022,38.68,41.40,38.44,41.23,12031
XPO,02/23/2022,41.11,41.55,39.96,39.99,9988
XPO,02/22/2022,42.11,42.41,40.48,40.79,14143
XPO,02/18/2022,42.37,43.50,42.24,42.47,16878
XPO,02/17/2022,42.30,43.13,41.83,42.16,31685
XPO,02/16/2022,41.10,42.84,41.03,42.43,21895
XPO,02/15/2022,41.21,41.71,40.44,41.36,13143
XPO,02/14/2022,39.63,40.61,39.37,39.43,16233
