RGLD,06/23/2023,114.15,116.33,114.01,115.05,643
RGLD,06/22/2023,112.51,114.09,112.20,113.95,2875
RGLD,06/21/2023,112.75,113.80,111.12,113.25,4814
RGLD,06/20/2023,116.67,116.67,112.83,113.27,6349
RGLD,06/16/2023,117.58,119.64,116.24,117.61,10913
RGLD,06/15/2023,117.61,118.49,116.22,117.35,4174
RGLD,06/14/2023,120.68,120.68,116.88,117.76,4011
RGLD,06/13/2023,121.19,121.98,118.06,119.08,4112
RGLD,06/12/2023,119.18,120.51,117.88,120.19,4963
RGLD,06/09/2023,120.83,120.90,117.37,119.18,4346
RGLD,06/08/2023,122.42,123.55,119.55,120.83,6598
RGLD,06/07/2023,122.99,124.12,119.60,120.57,4083
RGLD,06/06/2023,122.18,122.75,121.49,122.58,2971
RGLD,06/05/2023,121.27,122.67,121.03,122.09,3567
RGLD,06/02/2023,126.40,127.22,122.37,123.49,4245
RGLD,06/01/2023,124.59,127.98,124.59,126.77,2970
RGLD,05/31/2023,121.70,124.81,121.23,123.84,4076
RGLD,05/30/2023,123.77,123.94,120.91,121.07,3232
RGLD,05/26/2023,124.77,125.30,122.49,123.58,2017
RGLD,05/25/2023,124.50,124.89,123.16,123.83,2476
RGLD,05/24/2023,127.46,127.49,124.87,125.02,2443
RGLD,05/23/2023,128.23,128.59,126.36,127.04,2668
RGLD,05/22/2023,129.07,129.92,128.63,128.91,2034
RGLD,05/19/2023,129.98,131.76,128.73,129.50,3229
RGLD,05/18/2023,130.71,130.71,127.78,129.44,3153
RGLD,05/17/2023,133.87,133.92,131.41,132.49,3452
RGLD,05/16/2023,136.90,137.36,133.36,134.19,2768
RGLD,05/15/2023,137.22,138.40,136.75,137.33,2844
RGLD,05/12/2023,135.41,137.19,135.41,136.58,2894
RGLD,05/11/2023,138.00,138.50,135.40,135.69,4029
RGLD,05/10/2023,141.08,141.62,138.70,140.32,2287
RGLD,05/09/2023,140.64,142.80,140.63,140.92,2734
RGLD,05/08/2023,142.57,143.89,140.35,141.16,3325
RGLD,05/05/2023,140.00,142.65,138.37,141.60,4403
RGLD,05/04/2023,140.95,147.82,140.04,143.35,8469
RGLD,05/03/2023,137.34,139.06,136.93,137.50,3935
RGLD,05/02/2023,132.79,138.25,132.62,137.06,3960
RGLD,05/01/2023,134.71,135.25,133.09,133.18,2698
RGLD,04/28/2023,135.00,135.82,131.68,132.44,6119
RGLD,04/27/2023,132.38,134.93,131.27,134.71,3685
RGLD,04/26/2023,134.88,135.24,132.08,132.97,4541
RGLD,04/25/2023,131.11,134.31,131.11,134.05,4303
RGLD,04/24/2023,130.18,132.43,129.40,132.14,4314
RGLD,04/21/2023,129.41,130.79,128.10,130.01,7034
RGLD,04/20/2023,138.88,138.88,130.12,130.80,9653
RGLD,04/19/2023,137.27,139.56,136.81,137.78,4006
RGLD,04/18/2023,139.66,141.29,138.40,139.47,3108
RGLD,04/17/2023,140.72,140.72,137.58,138.91,3655
RGLD,04/14/2023,142.18,143.98,139.11,141.37,5002
RGLD,04/13/2023,141.67,144.96,141.46,143.88,6114
RGLD,04/12/2023,140.79,141.63,138.60,140.25,3756
RGLD,04/11/2023,137.83,140.47,137.24,138.43,4237
RGLD,04/10/2023,136.53,137.29,135.71,136.81,3746
RGLD,04/06/2023,135.79,138.04,134.52,137.92,3911
RGLD,04/05/2023,137.01,137.54,134.39,136.40,7908
RGLD,04/04/2023,131.20,136.66,130.37,136.04,7742
RGLD,04/03/2023,129.71,132.40,128.86,131.61,4908
RGLD,03/31/2023,129.45,129.84,127.98,129.71,3779
RGLD,03/30/2023,128.82,129.65,127.44,129.41,3395
RGLD,03/29/2023,125.60,127.99,125.42,127.82,3407
RGLD,03/28/2023,126.17,127.29,123.98,126.82,5355
RGLD,03/27/2023,123.66,126.66,123.19,125.98,3262
RGLD,03/24/2023,125.82,128.09,124.62,126.44,4103
RGLD,03/23/2023,122.63,126.42,121.68,124.78,3599
RGLD,03/22/2023,121.76,124.41,121.18,122.04,4128
RGLD,03/21/2023,124.22,124.77,120.57,121.89,5403
RGLD,03/20/2023,126.18,127.00,123.62,125.94,5448
RGLD,03/17/2023,121.70,126.14,121.10,125.45,12417
RGLD,03/16/2023,121.10,121.10,117.55,120.06,4312
RGLD,03/15/2023,121.45,122.68,119.16,120.56,6275
RGLD,03/14/2023,118.69,120.03,117.48,119.88,5526
RGLD,03/13/2023,117.10,120.04,116.50,118.26,7511
RGLD,03/10/2023,114.22,116.43,113.30,113.44,6245
RGLD,03/09/2023,113.17,114.50,112.43,112.91,3883
RGLD,03/08/2023,113.19,113.96,111.53,111.98,4109
RGLD,03/07/2023,116.02,116.74,111.65,112.90,5486
RGLD,03/06/2023,119.76,120.00,116.27,117.46,7414
RGLD,03/03/2023,122.15,122.36,120.13,120.47,5296
RGLD,03/02/2023,119.40,120.73,119.08,120.70,2775
RGLD,03/01/2023,120.46,121.77,119.40,120.80,2877
RGLD,02/28/2023,118.25,120.46,117.67,118.79,4402
RGLD,02/27/2023,117.19,118.49,116.93,118.25,3179
RGLD,02/24/2023,116.10,117.06,115.61,116.54,4605
RGLD,02/23/2023,119.30,119.65,117.21,117.56,3924
RGLD,02/22/2023,121.00,121.00,118.11,119.37,4310
RGLD,02/21/2023,121.51,122.79,120.53,121.44,3334
RGLD,02/17/2023,121.55,122.76,119.77,121.94,3329
RGLD,02/16/2023,122.26,124.18,121.45,122.76,5364
RGLD,02/15/2023,122.99,123.95,122.71,123.22,3679
RGLD,02/14/2023,123.63,126.30,122.13,125.91,4547
RGLD,02/13/2023,122.95,124.58,122.02,124.03,3279
RGLD,02/10/2023,123.20,124.37,122.10,123.77,4267
RGLD,02/09/2023,126.97,126.97,123.19,123.35,2913
RGLD,02/08/2023,126.43,127.55,125.23,126.17,3720
RGLD,02/07/2023,125.88,127.15,124.30,126.10,6365
RGLD,02/06/2023,123.85,126.00,122.72,125.44,6718
RGLD,02/03/2023,125.32,126.32,122.88,124.49,4611
RGLD,02/02/2023,130.76,131.25,126.25,127.91,3910
RGLD,02/01/2023,126.81,131.43,126.39,130.57,4401
RGLD,01/31/2023,126.89,127.65,125.62,127.03,9131
RGLD,01/30/2023,127.94,128.83,127.52,127.85,3420
RGLD,01/27/2023,129.20,129.23,127.61,128.16,2298
RGLD,01/26/2023,131.23,131.60,128.13,129.72,3756
RGLD,01/25/2023,127.50,131.89,127.50,131.43,4429
RGLD,01/24/2023,126.26,128.60,125.04,128.31,3007
RGLD,01/23/2023,125.21,126.62,124.20,126.34,3031
RGLD,01/20/2023,123.97,126.28,123.61,126.07,2615
RGLD,01/19/2023,123.14,125.73,122.43,125.11,3908
RGLD,01/18/2023,125.26,126.43,122.44,122.59,2938
RGLD,01/17/2023,127.92,127.94,123.63,123.86,6198
RGLD,01/13/2023,127.04,129.22,127.01,128.65,4162
RGLD,01/12/2023,126.00,127.84,124.26,126.78,3279
RGLD,01/11/2023,124.89,125.12,122.51,124.43,3908
RGLD,01/10/2023,122.40,124.77,121.76,124.73,3700
RGLD,01/09/2023,125.79,125.80,122.21,122.41,5356
RGLD,01/06/2023,123.02,126.48,122.30,124.79,6164
RGLD,01/05/2023,117.42,120.62,116.76,120.53,3490
RGLD,01/04/2023,118.77,120.97,118.77,119.22,6502
RGLD,01/03/2023,114.29,116.98,114.29,116.83,5765
RGLD,12/30/2022,112.65,112.95,111.50,112.72,2938
RGLD,12/29/2022,112.87,113.41,111.98,112.25,3602
RGLD,12/28/2022,113.53,114.06,111.21,111.50,3104
RGLD,12/27/2022,113.00,115.89,113.00,114.41,3372
RGLD,12/23/2022,112.49,113.70,110.91,112.84,3376
RGLD,12/22/2022,111.15,111.85,109.73,111.79,4368
RGLD,12/21/2022,111.09,112.70,110.66,111.98,4601
RGLD,12/20/2022,109.00,111.76,108.65,110.39,5203
RGLD,12/19/2022,107.93,108.28,105.78,106.53,4145
RGLD,12/16/2022,106.44,108.28,106.35,107.40,13081
RGLD,12/15/2022,108.84,109.73,106.58,106.95,5216
RGLD,12/14/2022,112.27,113.16,110.32,111.56,5416
RGLD,12/13/2022,113.14,113.73,110.68,112.44,4863
RGLD,12/12/2022,109.18,109.63,106.76,108.99,5530
RGLD,12/09/2022,112.80,113.63,110.40,110.55,3030
RGLD,12/08/2022,112.53,113.13,111.35,111.99,2961
RGLD,12/07/2022,112.05,113.13,110.66,111.60,3364
RGLD,12/06/2022,111.86,112.49,110.23,110.67,3839
RGLD,12/05/2022,112.64,112.64,110.04,110.47,3541
RGLD,12/02/2022,112.07,114.63,111.81,113.71,3769
RGLD,12/01/2022,114.61,116.04,112.54,114.00,5933
RGLD,11/30/2022,109.90,112.74,108.44,112.33,6224
RGLD,11/29/2022,106.67,109.04,106.50,108.73,4232
RGLD,11/28/2022,108.01,108.34,105.08,105.21,2696
RGLD,11/25/2022,109.34,109.70,107.92,108.52,1343
RGLD,11/23/2022,108.96,110.71,107.66,110.10,2810
RGLD,11/22/2022,105.91,110.12,105.84,109.48,3755
RGLD,11/21/2022,104.34,105.12,103.63,104.99,2079
RGLD,11/18/2022,103.11,104.47,101.64,104.40,2094
RGLD,11/17/2022,103.29,104.16,101.93,102.95,2689
RGLD,11/16/2022,105.65,106.73,104.93,105.71,2671
RGLD,11/15/2022,107.56,107.99,104.61,105.65,3140
RGLD,11/14/2022,104.76,106.80,103.02,106.48,3700
RGLD,11/11/2022,105.53,106.33,103.07,105.10,3108
RGLD,11/10/2022,104.59,106.64,104.40,105.03,5211
RGLD,11/09/2022,101.00,102.26,99.83,100.67,4726
RGLD,11/08/2022,95.88,102.42,95.65,101.43,5482
RGLD,11/07/2022,95.69,97.27,95.37,95.86,4813
RGLD,11/04/2022,90.40,96.02,90.40,95.68,7029
RGLD,11/03/2022,89.65,89.81,86.75,87.57,9560
RGLD,11/02/2022,97.85,98.15,91.93,92.07,6203
RGLD,11/01/2022,96.81,97.44,95.64,97.13,4454
RGLD,10/31/2022,95.77,96.49,94.46,94.96,5814
RGLD,10/28/2022,96.00,96.75,95.24,96.65,2395
RGLD,10/27/2022,98.49,98.89,96.95,97.06,2950
RGLD,10/26/2022,97.26,99.92,97.03,98.45,3964
RGLD,10/25/2022,94.85,96.43,94.62,96.36,2893
RGLD,10/24/2022,94.26,94.91,93.22,94.43,2853
RGLD,10/21/2022,92.48,95.94,91.56,95.30,4773
RGLD,10/20/2022,91.13,93.29,90.45,91.58,3338
RGLD,10/19/2022,91.17,91.71,90.00,90.80,4437
RGLD,10/18/2022,92.87,93.58,92.25,93.48,4020
RGLD,10/17/2022,91.48,93.76,91.27,91.67,4605
RGLD,10/14/2022,91.85,91.89,89.07,89.53,3724
RGLD,10/13/2022,91.11,93.62,87.68,92.59,5037
RGLD,10/12/2022,94.82,96.00,93.42,94.32,3132
RGLD,10/11/2022,93.79,96.78,93.11,94.79,4501
RGLD,10/10/2022,93.25,95.21,92.56,93.79,2754
RGLD,10/07/2022,97.99,98.33,93.71,93.88,5677
RGLD,10/06/2022,96.79,99.66,96.76,99.43,4279
RGLD,10/05/2022,97.19,97.73,95.69,97.49,3203
RGLD,10/04/2022,97.88,99.77,97.59,99.11,3961
RGLD,10/03/2022,95.31,97.94,94.20,96.46,6366
RGLD,09/30/2022,92.40,95.30,92.29,93.82,5014
RGLD,09/29/2022,92.30,93.79,91.66,92.92,5821
RGLD,09/28/2022,88.20,92.99,88.20,92.84,6697
RGLD,09/27/2022,87.56,88.29,86.15,86.66,3989
RGLD,09/26/2022,87.45,88.43,84.54,86.46,5292
RGLD,09/23/2022,89.87,89.95,87.06,88.20,5092
RGLD,09/22/2022,92.94,93.77,91.22,91.88,3015
RGLD,09/21/2022,93.43,94.61,91.73,92.38,3696
RGLD,09/20/2022,92.41,93.30,91.15,92.64,3523
RGLD,09/19/2022,92.20,94.18,91.80,93.72,3919
RGLD,09/16/2022,91.34,94.72,90.37,93.26,7633
RGLD,09/15/2022,92.89,93.56,90.69,91.71,5940
RGLD,09/14/2022,93.57,94.88,92.99,93.59,3692
RGLD,09/13/2022,93.29,95.22,93.00,93.37,4911
RGLD,09/12/2022,97.14,97.25,95.56,96.14,4433
RGLD,09/09/2022,95.34,96.46,94.77,96.05,3187
RGLD,09/08/2022,93.73,95.19,93.18,94.44,4237
RGLD,09/07/2022,91.26,95.04,91.15,94.26,4417
RGLD,09/06/2022,91.35,91.95,90.51,91.48,5683
RGLD,09/02/2022,90.38,92.11,89.28,90.45,5714
RGLD,09/01/2022,90.52,91.70,88.64,89.04,5712
RGLD,08/31/2022,93.62,94.21,91.81,91.90,7405
RGLD,08/30/2022,95.00,95.02,93.62,93.98,4414
RGLD,08/29/2022,96.18,96.86,95.12,95.27,2789
RGLD,08/26/2022,99.58,99.71,95.62,96.26,3238
RGLD,08/25/2022,100.44,100.66,98.79,99.55,3247
RGLD,08/24/2022,98.54,100.57,97.77,100.04,2925
RGLD,08/23/2022,97.25,99.54,97.25,98.86,4955
RGLD,08/22/2022,96.30,98.30,96.30,97.24,3573
RGLD,08/19/2022,99.97,99.97,96.93,97.20,5141
RGLD,08/18/2022,100.00,101.10,99.78,100.15,5809
RGLD,08/17/2022,101.37,101.37,99.18,99.89,6905
RGLD,08/16/2022,100.89,101.81,99.24,101.67,3604
RGLD,08/15/2022,100.58,101.49,99.62,100.86,4792
RGLD,08/12/2022,102.15,103.25,101.92,102.86,4554
RGLD,08/11/2022,104.16,104.20,101.15,101.45,5753
RGLD,08/10/2022,104.85,105.28,103.42,104.08,5072
RGLD,08/09/2022,105.40,105.74,103.12,104.12,5255
RGLD,08/08/2022,104.36,105.50,103.08,104.72,5737
RGLD,08/05/2022,100.93,102.71,98.49,102.67,6826
RGLD,08/04/2022,101.67,103.83,98.22,102.69,9847
RGLD,08/03/2022,103.92,103.94,101.21,101.71,5537
RGLD,08/02/2022,105.50,106.04,103.39,104.33,6986
RGLD,08/01/2022,105.10,105.66,103.13,105.59,4220
RGLD,07/29/2022,105.34,105.49,102.50,104.77,8793
RGLD,07/28/2022,105.50,107.12,103.78,104.50,4507
RGLD,07/27/2022,102.96,104.46,101.27,103.73,3993
RGLD,07/26/2022,100.97,103.30,100.97,102.96,4284
RGLD,07/25/2022,102.30,102.69,99.57,100.50,4654
RGLD,07/22/2022,103.90,105.40,101.81,102.31,3711
RGLD,07/21/2022,100.53,104.09,100.14,102.74,5361
RGLD,07/20/2022,103.10,103.67,99.54,99.73,5895
RGLD,07/19/2022,102.50,103.90,102.21,103.08,3986
RGLD,07/18/2022,104.11,105.28,102.40,102.46,3886
RGLD,07/15/2022,104.50,104.50,102.35,103.40,3441
RGLD,07/14/2022,103.51,104.39,101.10,103.76,4693
RGLD,07/13/2022,104.34,108.93,104.34,106.61,4378
RGLD,07/12/2022,108.90,109.13,104.58,105.25,6429
RGLD,07/11/2022,107.38,109.57,106.79,108.71,4381
RGLD,07/08/2022,108.25,109.70,106.99,107.79,4828
RGLD,07/07/2022,106.91,108.94,106.50,108.04,3430
RGLD,07/06/2022,107.98,108.06,103.77,106.66,4953
RGLD,07/05/2022,110.00,110.14,104.78,107.70,6064
RGLD,07/01/2022,105.79,110.73,105.28,110.25,3680
RGLD,06/30/2022,109.64,109.92,106.31,106.78,3511
RGLD,06/29/2022,111.33,111.77,108.88,109.76,3647
RGLD,06/28/2022,110.66,110.98,109.55,110.29,4497
RGLD,06/27/2022,109.84,110.54,108.19,110.15,3521
RGLD,06/24/2022,107.44,109.85,106.17,109.68,6059
RGLD,06/23/2022,108.97,110.50,106.52,107.28,3956
RGLD,06/22/2022,109.47,111.54,108.69,109.20,3062
RGLD,06/21/2022,108.42,111.24,108.33,109.69,3896
RGLD,06/17/2022,109.20,110.05,108.12,108.93,10353
RGLD,06/16/2022,106.28,109.77,105.43,109.19,6832
RGLD,06/15/2022,107.99,109.30,103.58,107.07,9398
RGLD,06/14/2022,108.67,109.00,105.41,105.83,8313
RGLD,06/13/2022,113.00,113.60,108.15,109.04,6957
RGLD,06/10/2022,110.07,115.72,108.89,114.84,5896
RGLD,06/09/2022,114.55,114.94,110.92,111.02,6344
RGLD,06/08/2022,116.00,116.14,114.62,115.18,5509
RGLD,06/07/2022,114.47,116.58,114.47,116.48,4070
RGLD,06/06/2022,116.71,117.27,114.00,114.84,4611
RGLD,06/03/2022,117.00,118.33,115.36,116.06,4598
RGLD,06/02/2022,115.62,118.73,115.62,118.60,4786
RGLD,06/01/2022,113.76,115.50,112.13,114.44,4769
RGLD,05/31/2022,115.81,116.73,112.60,113.08,5822
RGLD,05/27/2022,116.23,116.97,114.68,115.33,4793
RGLD,05/26/2022,114.73,115.31,113.79,115.02,5624
RGLD,05/25/2022,113.79,115.44,113.25,114.83,3548
RGLD,05/24/2022,114.59,115.85,113.32,114.80,4908
RGLD,05/23/2022,116.42,117.31,113.59,113.87,5008
RGLD,05/20/2022,115.39,115.43,112.10,114.41,5659
RGLD,05/19/2022,113.72,116.77,113.72,115.92,5471
RGLD,05/18/2022,116.30,117.02,112.25,112.30,4764
RGLD,05/17/2022,118.21,118.57,115.41,116.43,3942
RGLD,05/16/2022,118.08,118.43,116.08,116.60,3499
RGLD,05/13/2022,117.70,119.59,116.45,118.00,3911
RGLD,05/12/2022,120.62,121.92,116.25,117.88,6295
RGLD,05/11/2022,122.96,125.08,121.66,122.17,4447
RGLD,05/10/2022,124.48,125.13,120.45,121.48,6939
RGLD,05/09/2022,127.16,127.64,122.69,123.58,5373
RGLD,05/06/2022,131.32,133.38,129.18,130.14,4524
RGLD,05/05/2022,136.67,137.33,130.17,132.58,4918
RGLD,05/04/2022,130.32,133.38,129.52,133.21,5074
RGLD,05/03/2022,130.38,133.00,130.38,131.22,3638
RGLD,05/02/2022,127.93,131.39,127.54,130.32,7114
RGLD,04/29/2022,132.70,133.21,129.45,130.48,13466
RGLD,04/28/2022,130.37,131.71,129.03,131.36,4953
RGLD,04/27/2022,132.00,132.92,130.05,130.31,4727
RGLD,04/26/2022,135.99,135.99,131.34,131.50,5418
RGLD,04/25/2022,133.46,136.17,130.70,134.96,8650
RGLD,04/22/2022,137.93,139.53,135.53,137.29,5443
RGLD,04/21/2022,143.45,143.45,138.34,140.04,4733
RGLD,04/20/2022,142.10,144.46,141.50,144.23,3063
RGLD,04/19/2022,142.64,143.50,141.11,142.11,3255
RGLD,04/18/2022,146.43,147.06,143.33,143.42,3619
RGLD,04/14/2022,143.81,145.06,142.45,144.93,4397
RGLD,04/13/2022,144.47,145.68,143.36,144.62,4943
RGLD,04/12/2022,145.43,146.81,143.42,143.62,4221
RGLD,04/11/2022,147.68,147.70,143.46,144.40,4181
RGLD,04/08/2022,145.00,146.31,143.97,145.05,3442
RGLD,04/07/2022,143.40,144.81,143.08,144.23,3640
RGLD,04/06/2022,142.20,144.90,141.81,143.16,4880
RGLD,04/05/2022,144.20,146.33,140.78,141.97,6247
RGLD,04/04/2022,146.33,147.52,143.18,144.92,3601
RGLD,04/01/2022,140.13,146.62,140.13,146.33,4854
RGLD,03/31/2022,142.20,143.35,141.00,141.28,3688
RGLD,03/30/2022,141.50,142.46,140.44,142.40,3314
RGLD,03/29/2022,136.80,141.19,135.25,141.00,4577
RGLD,03/28/2022,139.37,141.33,138.12,139.74,3599
RGLD,03/25/2022,139.04,140.50,137.79,140.33,4169
RGLD,03/24/2022,141.50,142.67,139.01,140.28,4640
RGLD,03/23/2022,138.27,141.51,137.51,140.79,3964
RGLD,03/22/2022,138.70,139.09,136.38,137.41,4505
RGLD,03/21/2022,137.73,140.96,137.73,139.22,5534
RGLD,03/18/2022,136.48,137.49,134.25,137.16,13486
RGLD,03/17/2022,136.53,139.71,135.76,136.61,5472
RGLD,03/16/2022,135.96,137.36,133.04,134.95,5974
RGLD,03/15/2022,130.68,137.20,130.53,136.15,5466
RGLD,03/14/2022,134.64,136.03,132.29,133.81,7274
RGLD,03/11/2022,132.70,138.70,131.87,137.18,7729
RGLD,03/10/2022,131.95,137.15,131.50,136.20,9272
RGLD,03/09/2022,123.02,131.78,123.00,131.37,6661
RGLD,03/08/2022,130.69,134.00,129.07,130.49,8873
RGLD,03/07/2022,129.25,131.10,127.12,129.49,7692
RGLD,03/04/2022,127.72,129.37,127.25,128.55,5686
RGLD,03/03/2022,126.50,127.41,124.89,126.69,3862
RGLD,03/02/2022,125.08,126.67,123.53,126.13,5584
RGLD,03/01/2022,121.58,128.17,121.58,126.92,8471
RGLD,02/28/2022,121.24,122.21,120.34,121.26,5065
RGLD,02/25/2022,115.57,120.66,114.87,120.50,4326
RGLD,02/24/2022,124.52,125.06,114.29,116.34,6663
RGLD,02/23/2022,117.80,120.79,116.91,119.74,5550
RGLD,02/22/2022,122.06,123.16,118.53,118.55,8368
RGLD,02/18/2022,119.54,120.46,117.45,120.06,7656
RGLD,02/17/2022,112.95,119.98,111.51,118.79,8438
RGLD,02/16/2022,110.00,111.29,109.60,110.42,5125
RGLD,02/15/2022,106.83,109.31,105.52,109.01,5395
RGLD,02/14/2022,109.00,109.53,107.43,109.04,4223
