SPSC,06/23/2023,181.29,183.42,181.27,183.10,313
SPSC,06/22/2023,181.18,184.80,180.34,183.66,1282
SPSC,06/21/2023,182.84,183.34,180.30,182.17,1561
SPSC,06/20/2023,183.69,185.99,180.82,182.84,2177
SPSC,06/16/2023,184.09,185.88,181.44,184.70,5830
SPSC,06/15/2023,180.32,182.22,178.85,182.02,3441
SPSC,06/14/2023,177.71,180.50,177.50,179.42,2867
SPSC,06/13/2023,177.71,178.44,176.58,177.93,1577
SPSC,06/12/2023,172.78,177.34,172.35,177.14,2152
SPSC,06/09/2023,170.18,173.27,168.72,172.09,1391
SPSC,06/08/2023,168.66,171.42,167.98,170.54,1408
SPSC,06/07/2023,169.32,171.77,165.75,169.28,3605
SPSC,06/06/2023,163.96,170.90,159.72,169.76,1917
SPSC,06/05/2023,161.28,164.40,159.84,163.69,1604
SPSC,06/02/2023,159.76,163.40,157.44,162.73,1548
SPSC,06/01/2023,155.35,159.42,154.60,158.47,1555
SPSC,05/31/2023,157.72,158.66,151.64,155.80,3606
SPSC,05/30/2023,163.08,164.69,157.33,157.92,1467
SPSC,05/26/2023,159.40,164.24,159.40,162.35,1104
SPSC,05/25/2023,158.65,160.19,157.53,159.59,1054
SPSC,05/24/2023,158.50,159.60,157.10,158.04,1080
SPSC,05/23/2023,162.38,163.67,159.86,159.96,1087
SPSC,05/22/2023,160.39,163.53,160.39,163.11,1127
SPSC,05/19/2023,160.81,160.96,157.67,160.12,1642
SPSC,05/18/2023,157.52,159.90,157.19,159.50,1218
SPSC,05/17/2023,155.60,158.83,154.47,157.99,1552
SPSC,05/16/2023,155.28,156.01,153.51,155.60,1312
SPSC,05/15/2023,155.25,156.90,154.92,155.84,1303
SPSC,05/12/2023,155.29,156.32,154.40,155.72,1354
SPSC,05/11/2023,157.79,157.86,153.27,155.69,1090
SPSC,05/10/2023,156.59,159.65,155.82,158.54,1355
SPSC,05/09/2023,152.53,155.51,152.53,154.12,1785
SPSC,05/08/2023,150.42,153.54,149.98,153.00,1215
SPSC,05/05/2023,151.00,152.74,149.16,150.39,1017
SPSC,05/04/2023,151.90,152.27,147.91,149.00,1109
SPSC,05/03/2023,151.50,156.09,148.71,152.49,2048
SPSC,05/02/2023,148.19,152.59,145.17,151.71,1560
SPSC,05/01/2023,147.05,149.50,146.50,148.41,864
SPSC,04/28/2023,146.62,148.86,144.47,147.30,1111
SPSC,04/27/2023,146.24,148.22,140.00,147.37,1312
SPSC,04/26/2023,141.16,146.34,140.77,142.65,1322
SPSC,04/25/2023,149.23,149.23,141.33,141.48,1372
SPSC,04/24/2023,152.24,155.11,149.24,150.88,2178
SPSC,04/21/2023,150.42,152.53,150.19,152.12,889
SPSC,04/20/2023,149.08,152.50,149.08,150.55,903
SPSC,04/19/2023,150.46,151.62,149.63,150.03,902
SPSC,04/18/2023,152.97,153.34,149.38,150.75,1468
SPSC,04/17/2023,152.01,152.80,150.42,151.92,698
SPSC,04/14/2023,152.78,153.83,149.87,151.49,1060
SPSC,04/13/2023,150.40,153.53,150.08,153.13,1009
SPSC,04/12/2023,151.16,152.00,148.78,149.29,930
SPSC,04/11/2023,150.63,151.65,148.49,150.01,1316
SPSC,04/10/2023,146.95,151.11,146.30,150.76,989
SPSC,04/06/2023,147.46,148.01,145.94,147.73,1551
SPSC,04/05/2023,149.75,149.80,145.63,148.29,1386
SPSC,04/04/2023,151.98,153.98,149.77,150.81,1137
SPSC,04/03/2023,150.60,152.14,148.86,151.88,1408
SPSC,03/31/2023,147.57,152.94,147.57,152.30,2106
SPSC,03/30/2023,149.06,149.06,145.67,146.57,1179
SPSC,03/29/2023,148.24,148.66,145.97,148.56,1803
SPSC,03/28/2023,146.40,147.84,144.57,147.15,1457
SPSC,03/27/2023,147.13,147.68,145.02,147.15,933
SPSC,03/24/2023,143.10,146.45,141.08,145.83,971
SPSC,03/23/2023,145.37,147.03,143.18,144.42,1259
SPSC,03/22/2023,147.60,149.43,144.10,144.35,1051
SPSC,03/21/2023,149.51,151.64,146.28,148.44,1333
SPSC,03/20/2023,146.02,149.74,145.68,148.76,2001
SPSC,03/17/2023,148.23,149.99,144.12,145.25,4314
SPSC,03/16/2023,145.14,150.12,145.14,148.76,2404
SPSC,03/15/2023,144.20,147.01,143.41,146.67,2197
SPSC,03/14/2023,144.53,146.48,142.98,146.24,1252
SPSC,03/13/2023,139.51,144.21,137.53,141.34,858
SPSC,03/10/2023,142.80,145.04,140.48,141.40,1094
SPSC,03/09/2023,146.77,149.65,143.59,143.59,1402
SPSC,03/08/2023,147.11,147.73,145.26,146.24,1083
SPSC,03/07/2023,150.76,152.31,146.76,146.99,1408
SPSC,03/06/2023,149.93,154.25,149.43,150.67,1954
SPSC,03/03/2023,149.97,150.98,146.76,149.66,1324
SPSC,03/02/2023,148.72,150.98,147.66,150.29,943
SPSC,03/01/2023,150.26,151.33,147.50,149.30,1186
SPSC,02/28/2023,146.93,152.10,146.80,150.64,2934
SPSC,02/27/2023,149.21,149.90,146.09,147.69,1287
SPSC,02/24/2023,148.10,149.61,147.23,148.25,1111
SPSC,02/23/2023,147.23,151.66,146.07,150.95,1613
SPSC,02/22/2023,150.00,151.18,145.53,146.66,2575
SPSC,02/21/2023,149.62,151.56,149.06,150.12,1171
SPSC,02/17/2023,151.10,153.65,149.53,151.86,2308
SPSC,02/16/2023,153.98,154.89,149.04,150.76,1837
SPSC,02/15/2023,149.23,157.46,149.23,156.05,1961
SPSC,02/14/2023,147.44,152.21,144.88,150.58,1367
SPSC,02/13/2023,146.76,148.33,144.20,147.88,1326
SPSC,02/10/2023,149.37,149.37,141.00,145.58,1992
SPSC,02/09/2023,139.29,142.14,136.10,137.52,881
SPSC,02/08/2023,140.64,141.53,136.47,137.28,923
SPSC,02/07/2023,137.66,142.20,136.49,141.75,622
SPSC,02/06/2023,142.63,144.20,138.34,138.57,1062
SPSC,02/03/2023,140.82,146.09,140.82,144.40,1560
SPSC,02/02/2023,138.75,143.15,138.75,142.98,1725
SPSC,02/01/2023,134.98,139.69,132.80,137.90,1853
SPSC,01/31/2023,133.48,136.65,133.48,136.08,1229
SPSC,01/30/2023,135.07,136.50,132.66,133.10,1230
SPSC,01/27/2023,135.13,138.92,135.04,136.82,1032
SPSC,01/26/2023,138.57,141.41,135.13,136.71,910
SPSC,01/25/2023,137.82,138.00,131.14,136.55,996
SPSC,01/24/2023,138.81,140.46,137.86,139.47,945
SPSC,01/23/2023,135.45,139.02,134.76,138.93,974
SPSC,01/20/2023,135.38,136.51,133.77,135.99,1140
SPSC,01/19/2023,132.18,134.41,131.23,134.12,935
SPSC,01/18/2023,133.99,136.45,132.27,133.07,1141
SPSC,01/17/2023,133.25,134.99,131.58,134.18,1168
SPSC,01/13/2023,127.86,133.07,127.86,132.90,631
SPSC,01/12/2023,127.73,129.68,126.51,128.77,987
SPSC,01/11/2023,128.54,129.18,126.63,127.15,1181
SPSC,01/10/2023,126.58,128.13,125.40,127.74,738
SPSC,01/09/2023,127.01,130.39,126.06,127.20,1178
SPSC,01/06/2023,123.58,127.45,120.66,126.31,981
SPSC,01/05/2023,123.14,123.55,120.82,122.06,1251
SPSC,01/04/2023,128.88,129.73,124.03,124.50,1449
SPSC,01/03/2023,130.39,132.12,123.78,128.01,888
SPSC,12/30/2022,128.01,129.77,126.85,128.43,1339
SPSC,12/29/2022,126.26,130.11,125.52,129.53,863
SPSC,12/28/2022,126.69,127.89,123.09,125.00,833
SPSC,12/27/2022,127.57,128.41,125.33,126.95,762
SPSC,12/23/2022,126.70,127.70,125.78,127.33,1339
SPSC,12/22/2022,125.80,128.14,124.34,127.10,874
SPSC,12/21/2022,126.83,129.57,125.64,127.45,1413
SPSC,12/20/2022,126.34,128.93,124.49,126.25,1279
SPSC,12/19/2022,126.97,129.38,123.85,126.91,1347
SPSC,12/16/2022,125.36,128.01,125.10,126.24,3743
SPSC,12/15/2022,131.52,133.50,126.80,127.15,1828
SPSC,12/14/2022,135.02,137.61,133.33,133.83,1630
SPSC,12/13/2022,143.38,144.32,137.17,137.97,1367
SPSC,12/12/2022,132.71,137.65,132.57,137.37,1336
SPSC,12/09/2022,132.91,134.72,131.57,131.80,1205
SPSC,12/08/2022,136.04,137.42,131.89,133.78,1809
SPSC,12/07/2022,134.95,136.80,133.50,134.96,887
SPSC,12/06/2022,137.40,137.40,133.70,135.33,1107
SPSC,12/05/2022,143.37,143.50,135.03,136.90,1407
SPSC,12/02/2022,144.45,146.81,143.72,145.16,1213
SPSC,12/01/2022,141.97,146.09,141.32,145.83,2023
SPSC,11/30/2022,133.04,142.35,133.04,142.26,2122
SPSC,11/29/2022,132.73,134.94,130.96,133.42,1967
SPSC,11/28/2022,131.57,134.13,128.80,132.91,1456
SPSC,11/25/2022,130.97,133.47,130.68,132.00,301
SPSC,11/23/2022,130.52,133.12,130.32,131.75,584
SPSC,11/22/2022,129.80,130.74,127.81,130.23,936
SPSC,11/21/2022,128.93,130.31,128.20,128.79,572
SPSC,11/18/2022,131.98,133.42,127.75,129.19,855
SPSC,11/17/2022,131.37,132.32,129.03,129.23,678
SPSC,11/16/2022,134.82,135.32,131.28,133.28,605
SPSC,11/15/2022,134.94,136.61,133.09,134.76,1060
SPSC,11/14/2022,132.23,133.38,129.71,131.97,935
SPSC,11/11/2022,130.96,136.01,130.96,133.13,2191
SPSC,11/10/2022,124.48,130.99,124.45,130.81,1533
SPSC,11/09/2022,120.33,121.24,118.30,118.64,985
SPSC,11/08/2022,118.51,124.03,117.48,121.05,1368
SPSC,11/07/2022,119.17,119.82,116.73,118.72,1074
SPSC,11/04/2022,122.15,122.15,116.58,119.12,1064
SPSC,11/03/2022,119.49,123.45,119.49,120.95,865
SPSC,11/02/2022,126.32,126.32,120.91,121.41,1371
SPSC,11/01/2022,127.94,127.94,123.08,125.78,1206
SPSC,10/31/2022,127.79,128.97,125.60,126.52,1198
SPSC,10/28/2022,132.28,133.65,127.17,128.82,1734
SPSC,10/27/2022,129.05,131.00,128.45,130.28,1293
SPSC,10/26/2022,130.31,133.51,127.91,127.97,1198
SPSC,10/25/2022,125.61,131.67,125.61,130.98,1016
SPSC,10/24/2022,125.09,125.09,121.53,124.74,969
SPSC,10/21/2022,123.38,124.38,119.80,124.20,1156
SPSC,10/20/2022,120.32,123.99,120.32,122.66,876
SPSC,10/19/2022,123.58,123.98,119.54,121.08,1449
SPSC,10/18/2022,125.79,127.07,124.12,124.79,1395
SPSC,10/17/2022,122.46,124.54,122.20,123.01,1675
SPSC,10/14/2022,124.48,125.59,119.81,120.13,1038
SPSC,10/13/2022,118.67,124.44,118.28,123.80,1273
SPSC,10/12/2022,123.37,124.17,120.82,121.83,1737
SPSC,10/11/2022,123.81,125.83,120.72,123.18,1383
SPSC,10/10/2022,126.62,126.62,123.87,124.28,1534
SPSC,10/07/2022,131.56,131.56,126.25,126.53,1075
SPSC,10/06/2022,132.64,134.46,131.27,133.60,1459
SPSC,10/05/2022,130.95,132.68,128.60,132.32,1501
SPSC,10/04/2022,129.42,131.81,129.42,130.78,1470
SPSC,10/03/2022,125.23,128.26,124.36,126.94,1824
SPSC,09/30/2022,126.90,131.28,124.05,124.23,3275
SPSC,09/29/2022,125.54,128.04,124.90,127.37,2363
SPSC,09/28/2022,123.92,128.09,123.00,127.27,1956
SPSC,09/27/2022,121.27,123.98,121.03,123.49,2083
SPSC,09/26/2022,117.38,121.39,117.38,120.21,1579
SPSC,09/23/2022,118.40,118.40,114.71,117.45,1120
SPSC,09/22/2022,121.52,121.52,117.20,119.52,1502
SPSC,09/21/2022,124.89,126.82,122.22,122.22,1259
SPSC,09/20/2022,124.10,125.07,123.17,124.36,1342
SPSC,09/19/2022,121.93,124.22,121.03,124.16,1228
SPSC,09/16/2022,121.25,123.30,119.80,123.08,3547
SPSC,09/15/2022,121.53,123.73,121.53,122.73,1382
SPSC,09/14/2022,120.45,122.42,119.51,122.25,1725
SPSC,09/13/2022,121.26,122.74,119.91,120.53,2713
SPSC,09/12/2022,125.33,125.67,123.28,124.72,1094
SPSC,09/09/2022,124.35,126.16,124.35,125.27,994
SPSC,09/08/2022,118.79,123.79,116.15,123.54,853
SPSC,09/07/2022,119.01,120.22,117.56,120.16,1083
SPSC,09/06/2022,117.13,119.14,116.42,118.36,927
SPSC,09/02/2022,120.79,120.79,116.55,117.28,868
SPSC,09/01/2022,120.78,121.09,117.25,119.03,1225
SPSC,08/31/2022,123.55,124.25,121.39,122.12,1054
SPSC,08/30/2022,122.13,122.82,120.14,122.14,831
SPSC,08/29/2022,123.65,124.78,121.52,121.94,811
SPSC,08/26/2022,129.06,130.83,124.41,124.68,1224
SPSC,08/25/2022,126.47,128.50,125.70,128.50,667
SPSC,08/24/2022,125.86,127.41,125.41,125.73,535
SPSC,08/23/2022,126.46,128.35,125.68,125.89,867
SPSC,08/22/2022,128.42,128.62,126.29,126.93,740
SPSC,08/19/2022,130.23,130.85,128.74,129.75,867
SPSC,08/18/2022,130.88,133.17,130.14,131.57,917
SPSC,08/17/2022,131.97,132.31,130.04,130.81,672
SPSC,08/16/2022,132.06,133.31,130.73,133.15,623
SPSC,08/15/2022,130.38,133.28,127.52,132.70,1028
SPSC,08/12/2022,127.39,130.60,125.68,130.60,755
SPSC,08/11/2022,129.49,129.49,125.35,126.19,804
SPSC,08/10/2022,130.02,130.44,120.20,128.15,1298
SPSC,08/09/2022,129.42,130.73,126.98,127.34,1228
SPSC,08/08/2022,131.32,133.37,129.47,130.30,900
SPSC,08/05/2022,127.80,131.75,126.86,131.23,2115
SPSC,08/04/2022,129.15,129.95,127.02,129.73,937
SPSC,08/03/2022,125.12,130.31,125.12,129.54,1449
SPSC,08/02/2022,123.82,126.74,122.98,125.06,1965
SPSC,08/01/2022,118.94,125.67,117.40,125.30,2265
SPSC,07/29/2022,118.15,120.24,116.75,119.76,952
SPSC,07/28/2022,116.77,120.48,115.46,118.62,1286
SPSC,07/27/2022,113.85,118.91,113.85,117.96,1048
SPSC,07/26/2022,115.54,115.54,111.90,113.05,1133
SPSC,07/25/2022,117.56,118.70,115.12,116.06,1770
SPSC,07/22/2022,118.05,118.67,115.55,117.56,1256
SPSC,07/21/2022,115.99,119.49,115.04,118.68,1659
SPSC,07/20/2022,108.52,115.79,108.41,115.25,1761
SPSC,07/19/2022,104.94,108.24,104.79,107.20,1243
SPSC,07/18/2022,105.47,106.64,102.78,103.40,1081
SPSC,07/15/2022,103.92,105.05,102.79,104.52,1439
SPSC,07/14/2022,102.82,103.40,100.06,101.59,1834
SPSC,07/13/2022,103.93,106.30,102.73,103.59,1173
SPSC,07/12/2022,113.93,114.53,104.90,105.27,1293
SPSC,07/11/2022,115.68,116.73,112.24,113.93,1994
SPSC,07/08/2022,116.50,117.86,114.69,116.51,1158
SPSC,07/07/2022,116.15,118.32,116.15,117.93,1469
SPSC,07/06/2022,114.76,117.73,114.76,115.10,990
SPSC,07/05/2022,109.78,114.99,109.67,114.76,2320
SPSC,07/01/2022,113.58,115.18,110.39,111.46,1749
SPSC,06/30/2022,112.64,114.94,110.19,113.05,1927
SPSC,06/29/2022,112.41,114.90,110.85,114.47,1991
SPSC,06/28/2022,112.90,112.90,111.03,112.00,1519
SPSC,06/27/2022,114.98,114.98,109.61,112.52,1523
SPSC,06/24/2022,110.80,115.39,109.48,114.66,3570
SPSC,06/23/2022,102.93,110.31,102.61,109.71,1793
SPSC,06/22/2022,100.81,103.36,100.81,102.13,884
SPSC,06/21/2022,101.70,102.76,99.34,101.80,1160
SPSC,06/17/2022,98.92,104.31,98.92,100.61,1758
SPSC,06/16/2022,100.25,101.10,97.75,98.82,1170
SPSC,06/15/2022,103.70,105.43,101.47,102.99,1297
SPSC,06/14/2022,100.33,102.68,99.37,102.37,1248
SPSC,06/13/2022,101.41,102.96,99.48,99.99,1193
SPSC,06/10/2022,104.36,106.27,103.00,104.48,833
SPSC,06/09/2022,108.10,109.91,106.46,106.48,784
SPSC,06/08/2022,111.12,111.66,107.80,108.34,2007
SPSC,06/07/2022,110.26,112.66,110.04,111.62,1355
SPSC,06/06/2022,112.53,112.53,109.24,111.57,1118
SPSC,06/03/2022,110.77,113.56,108.71,111.21,1187
SPSC,06/02/2022,109.95,112.44,108.85,112.19,1410
SPSC,06/01/2022,107.82,111.24,105.99,110.37,1921
SPSC,05/31/2022,107.70,109.51,105.70,107.04,2008
SPSC,05/27/2022,106.00,108.90,104.68,108.43,936
SPSC,05/26/2022,103.64,105.29,103.36,104.63,1038
SPSC,05/25/2022,99.57,104.43,99.57,103.88,1406
SPSC,05/24/2022,99.96,100.94,96.75,100.48,1736
SPSC,05/23/2022,100.42,101.30,97.71,101.24,1550
SPSC,05/20/2022,101.85,102.79,96.56,99.25,2118
SPSC,05/19/2022,97.80,101.96,97.80,100.07,1895
SPSC,05/18/2022,101.79,103.34,96.41,97.67,3280
SPSC,05/17/2022,106.82,107.60,103.04,104.31,1707
SPSC,05/16/2022,104.55,106.34,103.40,104.05,1621
SPSC,05/13/2022,104.94,106.70,102.78,105.53,3267
SPSC,05/12/2022,101.64,103.58,99.92,102.96,2534
SPSC,05/11/2022,105.53,107.47,101.11,102.76,2383
SPSC,05/10/2022,116.09,116.09,105.10,106.02,2558
SPSC,05/09/2022,115.47,116.94,112.99,114.07,1770
SPSC,05/06/2022,118.46,119.27,116.43,117.66,1751
SPSC,05/05/2022,122.80,124.46,117.92,119.85,1726
SPSC,05/04/2022,120.00,125.96,116.66,125.06,1354
SPSC,05/03/2022,119.91,121.33,117.78,119.59,1004
SPSC,05/02/2022,119.21,121.93,117.41,120.64,1471
SPSC,04/29/2022,121.48,123.72,118.85,119.63,1973
SPSC,04/28/2022,120.42,122.49,117.02,121.98,1727
SPSC,04/27/2022,117.00,120.24,117.00,118.15,1423
SPSC,04/26/2022,122.20,122.20,117.53,117.57,1559
SPSC,04/25/2022,123.24,124.95,121.37,123.56,1569
SPSC,04/22/2022,125.06,126.38,123.29,123.47,1454
SPSC,04/21/2022,129.59,130.92,124.57,125.41,1791
SPSC,04/20/2022,127.59,128.80,125.65,127.99,885
SPSC,04/19/2022,122.43,128.00,122.30,126.37,870
SPSC,04/18/2022,123.32,124.25,121.53,122.51,829
SPSC,04/14/2022,126.14,126.30,123.09,124.63,1053
SPSC,04/13/2022,123.17,127.79,123.17,125.63,1061
SPSC,04/12/2022,123.50,125.29,121.38,122.31,1001
SPSC,04/11/2022,119.54,121.84,118.47,121.03,1179
SPSC,04/08/2022,125.27,125.44,120.58,120.75,875
SPSC,04/07/2022,123.78,126.86,123.78,125.49,1274
SPSC,04/06/2022,127.25,127.25,124.00,124.68,1300
SPSC,04/05/2022,133.16,134.26,129.11,129.46,1014
SPSC,04/04/2022,135.75,137.15,131.89,132.79,1024
SPSC,04/01/2022,131.66,135.72,131.66,134.92,1376
SPSC,03/31/2022,132.84,135.01,131.04,131.20,878
SPSC,03/30/2022,133.54,135.94,132.10,133.61,1115
SPSC,03/29/2022,132.58,134.95,130.10,133.81,1743
SPSC,03/28/2022,127.56,130.62,127.56,130.28,702
SPSC,03/25/2022,132.71,132.71,126.07,127.54,924
SPSC,03/24/2022,129.49,133.35,128.65,132.90,1378
SPSC,03/23/2022,131.00,132.01,128.55,129.01,643
SPSC,03/22/2022,131.63,134.93,131.63,132.42,810
SPSC,03/21/2022,132.72,133.99,128.77,131.19,840
SPSC,03/18/2022,130.60,134.73,130.60,134.11,1997
SPSC,03/17/2022,126.28,130.82,126.23,130.29,825
SPSC,03/16/2022,122.79,129.98,122.35,127.29,1342
SPSC,03/15/2022,120.31,121.35,117.55,121.17,1212
SPSC,03/14/2022,122.81,123.86,116.86,119.11,1302
SPSC,03/11/2022,129.50,129.50,121.88,122.53,859
SPSC,03/10/2022,125.96,128.28,124.49,128.04,741
SPSC,03/09/2022,123.20,128.59,123.13,128.41,1080
SPSC,03/08/2022,122.09,122.76,118.12,120.68,1239
SPSC,03/07/2022,126.42,127.55,122.45,122.89,2924
SPSC,03/04/2022,124.09,125.89,121.08,125.50,1200
SPSC,03/03/2022,131.81,131.81,124.41,125.23,1200
SPSC,03/02/2022,127.21,131.95,126.68,130.89,1099
SPSC,03/01/2022,129.40,131.17,124.17,125.95,2654
SPSC,02/28/2022,127.85,130.61,127.25,129.85,2075
SPSC,02/25/2022,126.54,128.63,125.13,128.63,1437
SPSC,02/24/2022,117.80,126.61,117.80,126.32,1712
SPSC,02/23/2022,124.03,125.00,121.23,121.60,1311
SPSC,02/22/2022,123.74,126.12,122.25,122.75,1418
SPSC,02/18/2022,125.69,126.97,124.62,125.33,1383
SPSC,02/17/2022,129.21,131.18,126.05,126.24,1302
SPSC,02/16/2022,129.39,131.16,128.09,130.16,1031
SPSC,02/15/2022,129.92,131.97,128.43,130.80,1232
SPSC,02/14/2022,125.01,129.83,125.01,128.40,1669
