SSNC,06/23/2023,58.38,58.52,58.05,58.44,700
SSNC,06/22/2023,58.79,58.81,58.17,58.71,9474
SSNC,06/21/2023,59.77,59.77,59.00,59.08,10113
SSNC,06/20/2023,59.59,59.98,59.29,59.83,12748
SSNC,06/16/2023,60.34,60.58,59.87,60.12,19092
SSNC,06/15/2023,58.89,60.38,58.75,60.20,17428
SSNC,06/14/2023,58.30,59.19,58.01,59.10,18994
SSNC,06/13/2023,57.25,58.11,57.08,57.80,17180
SSNC,06/12/2023,56.62,57.23,56.42,56.99,8757
SSNC,06/09/2023,56.51,57.06,56.43,56.50,9526
SSNC,06/08/2023,57.53,57.64,56.57,56.70,12007
SSNC,06/07/2023,57.00,57.59,56.87,57.54,9081
SSNC,06/06/2023,56.00,57.16,55.80,56.91,6373
SSNC,06/05/2023,56.39,56.58,55.50,56.01,8163
SSNC,06/02/2023,55.79,56.67,55.50,56.61,9731
SSNC,06/01/2023,54.96,55.56,54.68,55.32,10351
SSNC,05/31/2023,54.54,55.34,53.72,54.96,26528
SSNC,05/30/2023,55.33,55.41,54.50,54.94,9920
SSNC,05/26/2023,54.93,55.46,54.83,55.21,12670
SSNC,05/25/2023,55.39,55.44,54.23,54.63,15575
SSNC,05/24/2023,56.00,56.08,54.79,55.40,8736
SSNC,05/23/2023,55.95,56.64,55.60,56.22,12619
SSNC,05/22/2023,56.23,56.46,55.61,56.12,8284
SSNC,05/19/2023,56.00,56.40,55.59,56.20,13339
SSNC,05/18/2023,55.47,55.91,55.17,55.83,8560
SSNC,05/17/2023,55.06,55.62,54.53,55.53,8980
SSNC,05/16/2023,54.99,55.10,54.44,54.64,4534
SSNC,05/15/2023,54.91,55.32,54.85,55.28,6870
SSNC,05/12/2023,55.15,55.31,54.42,54.96,7611
SSNC,05/11/2023,55.12,55.13,54.58,55.03,7734
SSNC,05/10/2023,55.89,55.97,54.97,55.36,5424
SSNC,05/09/2023,55.42,55.70,55.17,55.35,4891
SSNC,05/08/2023,55.33,55.81,54.76,55.79,8390
SSNC,05/05/2023,55.49,56.12,55.07,55.35,15936
SSNC,05/04/2023,54.85,55.10,53.95,55.02,22595
SSNC,05/03/2023,55.75,56.43,54.99,55.02,9474
SSNC,05/02/2023,57.34,57.34,55.21,55.66,12814
SSNC,05/01/2023,58.17,58.80,57.21,57.36,14326
SSNC,04/28/2023,57.04,58.60,55.36,58.54,17992
SSNC,04/27/2023,55.21,56.25,55.09,55.89,17696
SSNC,04/26/2023,55.50,55.69,54.85,54.96,12772
SSNC,04/25/2023,56.26,56.40,55.43,55.53,8588
SSNC,04/24/2023,56.90,57.11,56.41,56.66,6626
SSNC,04/21/2023,57.79,57.79,56.91,57.01,7156
SSNC,04/20/2023,57.20,57.59,56.79,57.55,6122
SSNC,04/19/2023,57.50,57.92,57.39,57.70,5050
SSNC,04/18/2023,58.03,58.22,57.49,57.73,5232
SSNC,04/17/2023,57.48,57.80,56.97,57.75,4827
SSNC,04/14/2023,57.58,57.94,56.98,57.48,6939
SSNC,04/13/2023,57.30,57.95,57.20,57.54,11712
SSNC,04/12/2023,57.83,58.04,57.22,57.24,10725
SSNC,04/11/2023,56.49,57.90,56.31,57.38,19452
SSNC,04/10/2023,55.88,56.26,55.59,56.20,7159
SSNC,04/06/2023,55.20,56.31,55.02,56.29,8412
SSNC,04/05/2023,55.62,55.72,55.04,55.19,8361
SSNC,04/04/2023,56.81,57.00,55.31,55.75,11748
SSNC,04/03/2023,56.54,56.72,56.13,56.53,9022
SSNC,03/31/2023,55.58,56.57,55.39,56.47,6194
SSNC,03/30/2023,55.90,55.97,55.38,55.49,9239
SSNC,03/29/2023,54.87,55.36,54.62,55.19,8226
SSNC,03/28/2023,54.10,54.56,53.76,54.41,8462
SSNC,03/27/2023,54.37,54.74,54.03,54.42,10306
SSNC,03/24/2023,53.45,53.96,52.93,53.92,8290
SSNC,03/23/2023,54.56,55.01,53.63,53.93,11157
SSNC,03/22/2023,55.70,55.78,54.23,54.26,14216
SSNC,03/21/2023,54.95,55.77,54.75,55.66,16752
SSNC,03/20/2023,54.22,54.87,54.22,54.50,14694
SSNC,03/17/2023,55.16,55.16,53.75,53.87,15801
SSNC,03/16/2023,53.48,55.37,53.35,55.24,13325
SSNC,03/15/2023,54.64,54.78,53.20,53.82,12004
SSNC,03/14/2023,55.19,55.84,54.35,54.88,15260
SSNC,03/13/2023,54.66,54.98,53.76,54.34,13609
SSNC,03/10/2023,57.00,57.18,55.11,55.26,14676
SSNC,03/09/2023,58.70,59.14,57.10,57.18,11774
SSNC,03/08/2023,58.10,58.72,58.04,58.51,10439
SSNC,03/07/2023,59.19,59.24,57.94,58.14,13667
SSNC,03/06/2023,59.66,60.13,59.07,59.26,10353
SSNC,03/03/2023,59.44,59.76,58.91,59.53,10368
SSNC,03/02/2023,58.53,59.22,58.33,59.17,10674
SSNC,03/01/2023,58.54,58.91,58.29,58.72,12934
SSNC,02/28/2023,59.09,59.39,58.42,58.70,19926
SSNC,02/27/2023,60.25,60.28,59.22,59.47,11043
SSNC,02/24/2023,59.67,59.99,59.20,59.94,12553
SSNC,02/23/2023,60.04,60.59,59.72,60.47,13651
SSNC,02/22/2023,60.18,60.61,59.65,59.90,11692
SSNC,02/21/2023,60.96,61.21,60.09,60.10,9067
SSNC,02/17/2023,61.86,62.14,61.41,61.74,11934
SSNC,02/16/2023,62.02,62.69,61.89,62.32,9723
SSNC,02/15/2023,62.15,63.03,61.84,62.99,12246
SSNC,02/14/2023,62.09,62.82,61.83,62.46,12479
SSNC,02/13/2023,62.02,62.66,61.95,62.43,12317
SSNC,02/10/2023,62.45,62.71,61.75,62.26,14876
SSNC,02/09/2023,64.30,64.52,62.88,62.93,17556
SSNC,02/08/2023,63.66,63.87,61.85,63.74,22398
SSNC,02/07/2023,60.66,61.94,60.24,61.64,14082
SSNC,02/06/2023,60.84,61.20,60.30,60.69,8150
SSNC,02/03/2023,61.52,62.22,61.36,61.62,8911
SSNC,02/02/2023,62.12,63.38,62.00,62.49,14517
SSNC,02/01/2023,60.35,61.92,59.69,61.60,12671
SSNC,01/31/2023,59.10,60.40,58.77,60.35,12492
SSNC,01/30/2023,59.17,59.59,58.73,58.92,9119
SSNC,01/27/2023,58.32,60.13,58.24,59.65,12853
SSNC,01/26/2023,58.27,58.54,57.53,58.34,7906
SSNC,01/25/2023,56.76,57.96,56.76,57.92,8515
SSNC,01/24/2023,58.26,58.60,57.47,57.58,10248
SSNC,01/23/2023,56.61,58.82,56.59,58.55,18088
SSNC,01/20/2023,55.68,56.35,55.15,56.27,33217
SSNC,01/19/2023,55.52,56.82,55.52,55.59,26694
SSNC,01/18/2023,56.83,57.13,55.52,55.95,26189
SSNC,01/17/2023,55.67,56.83,55.60,56.67,14815
SSNC,01/13/2023,55.15,56.05,55.05,55.67,11233
SSNC,01/12/2023,54.83,55.79,54.46,55.52,12974
SSNC,01/11/2023,53.42,54.30,53.42,54.27,9712
SSNC,01/10/2023,54.28,54.57,53.30,53.37,7675
SSNC,01/09/2023,53.95,55.35,53.73,54.56,16049
SSNC,01/06/2023,52.64,53.66,51.94,53.40,7615
SSNC,01/05/2023,52.89,52.91,51.94,52.10,8462
SSNC,01/04/2023,52.87,53.76,52.67,53.38,8936
SSNC,01/03/2023,52.71,53.31,51.75,52.46,11057
SSNC,12/30/2022,51.80,52.10,51.45,52.06,7875
SSNC,12/29/2022,50.98,52.64,50.85,52.44,9614
SSNC,12/28/2022,51.85,51.93,50.68,50.68,6881
SSNC,12/27/2022,51.20,51.96,50.89,51.76,7555
SSNC,12/23/2022,51.31,51.61,50.97,51.31,7225
SSNC,12/22/2022,50.91,51.59,50.25,51.56,19185
SSNC,12/21/2022,50.72,51.61,50.72,51.35,13206
SSNC,12/20/2022,49.81,50.89,49.78,50.66,12579
SSNC,12/19/2022,50.83,50.97,49.71,49.94,16045
SSNC,12/16/2022,50.34,50.83,49.90,50.68,23163
SSNC,12/15/2022,51.86,51.97,50.79,50.86,19857
SSNC,12/14/2022,53.23,53.67,52.49,52.68,12810
SSNC,12/13/2022,54.46,54.84,53.18,53.51,17078
SSNC,12/12/2022,51.75,52.75,51.32,52.74,15172
SSNC,12/09/2022,50.46,52.07,50.15,51.74,15827
SSNC,12/08/2022,50.49,51.58,50.06,50.53,16319
SSNC,12/07/2022,50.70,50.84,50.34,50.47,13181
SSNC,12/06/2022,52.27,52.47,50.32,50.70,12774
SSNC,12/05/2022,52.91,53.10,51.80,52.29,16043
SSNC,12/02/2022,53.39,53.93,53.18,53.49,10101
SSNC,12/01/2022,54.00,54.82,53.38,54.12,16494
SSNC,11/30/2022,51.49,53.79,51.16,53.76,16818
SSNC,11/29/2022,51.50,51.69,50.29,51.63,14254
SSNC,11/28/2022,51.83,52.64,51.57,51.68,12140
SSNC,11/25/2022,51.78,52.80,51.62,52.42,4122
SSNC,11/23/2022,51.34,52.33,51.22,52.03,7756
SSNC,11/22/2022,51.42,51.46,50.00,51.40,35128
SSNC,11/21/2022,52.02,52.11,50.79,51.08,11316
SSNC,11/18/2022,52.46,52.79,51.71,52.22,8293
SSNC,11/17/2022,51.79,51.98,51.19,51.64,7242
SSNC,11/16/2022,53.07,53.63,52.22,52.43,12313
SSNC,11/15/2022,53.31,53.76,52.58,53.35,19702
SSNC,11/14/2022,53.03,53.31,52.35,52.59,13829
SSNC,11/11/2022,52.31,53.56,52.31,53.51,14137
SSNC,11/10/2022,51.30,52.54,51.30,52.09,17526
SSNC,11/09/2022,49.08,49.72,48.50,49.32,10722
SSNC,11/08/2022,49.56,50.29,49.06,49.58,12570
SSNC,11/07/2022,49.27,49.92,48.70,49.59,16747
SSNC,11/04/2022,48.58,49.33,48.00,48.98,10927
SSNC,11/03/2022,48.56,48.76,47.91,48.26,14294
SSNC,11/02/2022,51.11,51.19,49.18,49.37,26978
SSNC,11/01/2022,51.80,52.04,50.81,51.40,8792
SSNC,10/31/2022,50.89,52.22,50.84,51.42,17856
SSNC,10/28/2022,50.32,51.33,49.07,51.31,24167
SSNC,10/27/2022,49.48,49.93,48.92,49.42,50009
SSNC,10/26/2022,49.08,50.03,49.08,49.38,13447
SSNC,10/25/2022,48.62,49.68,48.62,49.58,15070
SSNC,10/24/2022,48.46,48.70,47.70,48.36,11569
SSNC,10/21/2022,47.29,48.25,46.79,48.03,10476
SSNC,10/20/2022,48.61,49.15,47.04,47.31,11626
SSNC,10/19/2022,48.94,49.45,48.33,48.41,9372
SSNC,10/18/2022,49.99,50.22,48.86,49.37,12762
SSNC,10/17/2022,48.14,49.12,48.14,49.01,14314
SSNC,10/14/2022,48.16,48.67,47.06,47.10,9645
SSNC,10/13/2022,45.44,48.08,45.25,47.83,10714
SSNC,10/12/2022,46.81,46.92,46.29,46.46,12780
SSNC,10/11/2022,47.54,47.69,46.74,46.95,12962
SSNC,10/10/2022,48.60,48.92,47.13,47.44,12121
SSNC,10/07/2022,50.05,50.42,48.28,48.64,14403
SSNC,10/06/2022,51.38,51.70,50.56,50.62,10463
SSNC,10/05/2022,50.84,52.03,50.74,51.68,15725
SSNC,10/04/2022,50.00,51.36,50.00,51.28,15993
SSNC,10/03/2022,48.26,49.75,47.70,49.46,14172
SSNC,09/30/2022,48.57,48.99,47.71,47.75,16115
SSNC,09/29/2022,48.19,48.56,47.80,48.50,16502
SSNC,09/28/2022,48.24,48.88,47.87,48.62,24095
SSNC,09/27/2022,49.07,49.23,47.56,47.91,17022
SSNC,09/26/2022,49.46,49.67,48.69,48.71,15426
SSNC,09/23/2022,50.55,50.72,48.85,49.48,18386
SSNC,09/22/2022,51.73,51.92,50.93,51.06,12707
SSNC,09/21/2022,52.47,53.12,51.79,51.81,11124
SSNC,09/20/2022,52.19,52.55,51.77,52.29,14092
SSNC,09/19/2022,52.51,52.96,52.12,52.72,15236
SSNC,09/16/2022,53.08,53.15,52.20,53.05,17943
SSNC,09/15/2022,53.45,54.75,53.05,53.57,29770
SSNC,09/14/2022,54.56,54.64,53.58,53.92,14441
SSNC,09/13/2022,56.00,56.06,54.32,54.64,15822
SSNC,09/12/2022,57.49,58.04,57.30,57.44,11002
SSNC,09/09/2022,56.70,57.60,56.70,57.30,21803
SSNC,09/08/2022,55.44,56.72,55.02,56.70,11796
SSNC,09/07/2022,54.78,56.10,54.68,55.90,12935
SSNC,09/06/2022,55.52,55.82,54.57,54.80,17265
SSNC,09/02/2022,56.16,56.39,55.12,55.52,15532
SSNC,09/01/2022,55.28,55.98,54.98,55.91,12387
SSNC,08/31/2022,56.49,56.68,55.72,55.76,12909
SSNC,08/30/2022,57.06,57.31,56.19,56.35,12554
SSNC,08/29/2022,56.95,57.45,56.50,57.01,7996
SSNC,08/26/2022,59.18,59.18,57.16,57.16,11807
SSNC,08/25/2022,58.62,59.07,58.28,58.98,10214
SSNC,08/24/2022,58.53,58.92,58.26,58.31,6092
SSNC,08/23/2022,59.48,59.60,58.64,58.75,15816
SSNC,08/22/2022,60.24,60.96,59.16,59.26,10882
SSNC,08/19/2022,61.16,61.20,60.59,61.07,6995
SSNC,08/18/2022,61.31,61.80,60.93,61.56,11607
SSNC,08/17/2022,61.85,62.27,61.39,61.49,10853
SSNC,08/16/2022,62.22,62.58,62.03,62.50,11328
SSNC,08/15/2022,62.42,62.83,61.89,62.69,10296
SSNC,08/12/2022,62.76,62.82,62.08,62.71,10913
SSNC,08/11/2022,62.88,63.29,62.14,62.31,17912
SSNC,08/10/2022,61.52,62.69,61.41,62.39,11935
SSNC,08/09/2022,60.51,60.81,59.71,60.57,12828
SSNC,08/08/2022,60.86,61.32,60.34,60.45,9070
SSNC,08/05/2022,60.29,60.87,59.84,60.67,10917
SSNC,08/04/2022,61.55,61.55,60.73,60.83,8724
SSNC,08/03/2022,61.20,61.67,60.72,61.44,13919
SSNC,08/02/2022,59.72,61.15,59.56,60.68,18912
SSNC,08/01/2022,59.25,59.61,57.98,59.07,18367
SSNC,07/29/2022,57.81,59.22,56.82,59.17,33561
SSNC,07/28/2022,59.98,59.98,57.30,57.59,34102
SSNC,07/27/2022,61.13,61.88,60.72,61.53,28962
SSNC,07/26/2022,61.75,61.79,60.91,61.17,9602
SSNC,07/25/2022,62.88,62.88,61.66,61.97,10943
SSNC,07/22/2022,62.64,63.23,62.38,62.79,8645
SSNC,07/21/2022,61.27,62.50,61.08,62.50,9053
SSNC,07/20/2022,60.86,61.08,60.47,61.06,13803
SSNC,07/19/2022,59.14,60.86,59.14,60.74,18057
SSNC,07/18/2022,59.41,59.90,58.33,58.55,8234
SSNC,07/15/2022,58.74,59.28,58.40,59.23,14511
SSNC,07/14/2022,57.51,58.03,56.91,57.97,11727
SSNC,07/13/2022,57.25,58.29,57.09,58.11,12123
SSNC,07/12/2022,58.85,59.38,57.96,58.33,6414
SSNC,07/11/2022,59.71,59.90,58.90,58.94,7840
SSNC,07/08/2022,59.07,60.06,58.88,59.97,12563
SSNC,07/07/2022,58.94,59.24,58.61,59.15,8267
SSNC,07/06/2022,59.30,59.93,58.57,58.89,10007
SSNC,07/05/2022,57.67,59.26,56.61,59.24,7886
SSNC,07/01/2022,58.11,58.97,57.76,58.83,7506
SSNC,06/30/2022,58.00,58.68,57.17,58.07,13949
SSNC,06/29/2022,59.30,59.44,58.17,58.65,8597
SSNC,06/28/2022,61.15,61.27,59.15,59.18,13024
SSNC,06/27/2022,60.53,61.07,60.13,60.42,11828
SSNC,06/24/2022,58.36,60.74,58.13,60.66,21299
SSNC,06/23/2022,57.24,57.98,57.04,57.83,12346
SSNC,06/22/2022,56.26,57.69,56.26,56.93,18663
SSNC,06/21/2022,57.00,57.62,56.60,56.64,19517
SSNC,06/17/2022,55.30,56.32,54.76,56.11,32803
SSNC,06/16/2022,56.29,56.30,54.59,55.22,43282
SSNC,06/15/2022,57.26,58.51,56.56,57.59,27347
SSNC,06/14/2022,58.06,59.00,56.70,57.06,13987
SSNC,06/13/2022,59.38,59.52,57.67,57.78,18852
SSNC,06/10/2022,61.22,61.42,60.33,60.51,9589
SSNC,06/09/2022,63.10,63.49,62.12,62.27,10318
SSNC,06/08/2022,64.23,64.50,63.42,63.50,9937
SSNC,06/07/2022,63.22,64.59,63.22,64.49,9253
SSNC,06/06/2022,64.96,65.12,63.77,63.98,15365
SSNC,06/03/2022,64.99,65.36,64.09,64.48,9590
SSNC,06/02/2022,64.62,65.92,64.31,65.52,11024
SSNC,06/01/2022,64.44,65.11,63.97,64.43,19613
SSNC,05/31/2022,64.34,64.65,63.74,63.99,15976
SSNC,05/27/2022,63.90,64.87,63.58,64.76,10144
SSNC,05/26/2022,62.37,63.88,62.37,63.78,12803
SSNC,05/25/2022,61.72,62.83,61.40,62.37,17581
SSNC,05/24/2022,61.48,62.32,60.46,62.01,12322
SSNC,05/23/2022,62.55,62.75,61.64,62.01,14893
SSNC,05/20/2022,60.72,62.13,60.20,62.06,22164
SSNC,05/19/2022,59.17,60.53,58.63,60.00,15461
SSNC,05/18/2022,60.85,60.97,59.22,59.28,15142
SSNC,05/17/2022,60.63,61.72,60.47,61.65,13014
SSNC,05/16/2022,59.30,59.94,58.74,59.50,7915
SSNC,05/13/2022,59.87,60.69,59.47,59.82,11124
SSNC,05/12/2022,58.77,59.78,58.53,59.38,10624
SSNC,05/11/2022,60.09,61.05,58.31,59.34,13282
SSNC,05/10/2022,61.31,61.55,59.18,60.28,16679
SSNC,05/09/2022,61.46,61.65,60.12,60.37,15125
SSNC,05/06/2022,62.88,63.65,61.88,62.40,18090
SSNC,05/05/2022,65.58,65.71,62.71,63.14,13518
SSNC,05/04/2022,65.31,66.39,64.21,66.27,9657
SSNC,05/03/2022,64.75,66.08,64.53,65.67,15090
SSNC,05/02/2022,64.42,65.24,63.55,64.74,22959
SSNC,04/29/2022,64.57,66.61,63.68,64.66,31317
SSNC,04/28/2022,68.31,69.44,67.92,69.04,10493
SSNC,04/27/2022,67.32,68.73,67.18,67.93,13941
SSNC,04/26/2022,68.70,68.95,66.70,66.92,21390
SSNC,04/25/2022,68.30,68.92,67.52,68.89,19640
SSNC,04/22/2022,71.18,71.18,68.65,68.69,8082
SSNC,04/21/2022,73.14,73.26,70.99,71.17,7093
SSNC,04/20/2022,72.31,73.12,71.51,72.52,10123
SSNC,04/19/2022,70.45,71.83,70.43,71.80,7185
SSNC,04/18/2022,70.91,71.10,70.27,70.67,8280
SSNC,04/14/2022,71.35,71.61,70.79,71.08,8316
SSNC,04/13/2022,70.82,71.47,70.59,71.15,10051
SSNC,04/12/2022,72.76,73.31,70.87,70.99,10781
SSNC,04/11/2022,73.01,73.46,72.35,72.40,5999
SSNC,04/08/2022,72.90,73.24,72.23,73.06,7589
SSNC,04/07/2022,73.24,73.73,72.59,73.05,9554
SSNC,04/06/2022,73.29,74.37,72.81,73.80,8502
SSNC,04/05/2022,75.18,75.55,73.84,74.05,7737
SSNC,04/04/2022,75.01,75.87,74.84,75.47,5281
SSNC,04/01/2022,75.60,75.87,74.52,75.13,8339
SSNC,03/31/2022,76.15,76.51,74.98,75.02,9233
SSNC,03/30/2022,78.11,78.21,75.43,75.97,8364
SSNC,03/29/2022,78.27,78.90,77.69,78.65,10041
SSNC,03/28/2022,76.93,77.46,76.47,77.39,8732
SSNC,03/25/2022,76.88,77.21,76.27,77.03,7694
SSNC,03/24/2022,76.70,77.38,76.56,76.80,6020
SSNC,03/23/2022,78.16,78.35,76.61,76.68,6661
SSNC,03/22/2022,78.50,79.00,78.07,78.49,10564
SSNC,03/21/2022,78.91,79.06,77.73,78.30,8507
SSNC,03/18/2022,77.41,78.95,76.95,78.91,14662
SSNC,03/17/2022,77.50,78.45,77.05,78.44,8825
SSNC,03/16/2022,77.17,77.92,75.36,77.48,13681
SSNC,03/15/2022,76.81,77.29,75.20,76.76,12844
SSNC,03/14/2022,75.32,76.70,74.64,76.19,19112
SSNC,03/11/2022,75.11,75.95,74.61,74.96,20519
SSNC,03/10/2022,74.07,74.85,73.72,74.77,13896
SSNC,03/09/2022,73.89,75.35,73.37,75.07,13925
SSNC,03/08/2022,71.68,73.88,71.39,72.29,13248
SSNC,03/07/2022,75.47,75.97,71.80,71.89,12137
SSNC,03/04/2022,75.80,76.04,74.71,75.67,11780
SSNC,03/03/2022,76.41,76.67,75.52,76.38,9103
SSNC,03/02/2022,74.54,76.36,74.38,76.03,9352
SSNC,03/01/2022,74.99,75.56,74.08,74.38,19020
SSNC,02/28/2022,73.72,75.20,73.65,74.97,13007
SSNC,02/25/2022,74.09,75.60,73.78,75.57,9631
SSNC,02/24/2022,71.55,74.28,71.12,74.09,13013
SSNC,02/23/2022,74.96,75.14,73.35,73.41,16305
SSNC,02/22/2022,73.40,74.75,73.14,74.21,14429
SSNC,02/18/2022,74.81,75.00,73.55,73.92,12264
SSNC,02/17/2022,75.56,75.88,74.68,74.69,11024
SSNC,02/16/2022,75.95,76.57,75.29,76.27,9658
SSNC,02/15/2022,75.92,76.53,75.11,76.40,20131
SSNC,02/14/2022,76.78,76.98,74.60,75.14,16718
