STAG,06/23/2023,34.59,34.87,34.55,34.65,2693
STAG,06/22/2023,35.68,35.70,34.57,34.67,21817
STAG,06/21/2023,35.70,35.76,35.43,35.60,16685
STAG,06/20/2023,36.40,36.40,35.75,35.80,14112
STAG,06/16/2023,37.05,37.08,36.32,36.59,27984
STAG,06/15/2023,36.52,36.76,36.40,36.73,14811
STAG,06/14/2023,36.61,37.03,36.43,36.65,17138
STAG,06/13/2023,35.69,36.56,35.53,36.49,18905
STAG,06/12/2023,36.02,36.09,35.61,35.96,12937
STAG,06/09/2023,36.29,36.35,35.88,36.06,11765
STAG,06/08/2023,36.35,36.40,35.83,36.30,12533
STAG,06/07/2023,36.15,36.62,36.12,36.41,21519
STAG,06/06/2023,35.52,36.25,35.45,36.07,14398
STAG,06/05/2023,35.84,35.93,35.32,35.35,16618
STAG,06/02/2023,35.07,36.09,35.07,35.92,17916
STAG,06/01/2023,34.74,35.06,34.25,34.78,12442
STAG,05/31/2023,34.42,34.92,34.39,34.80,17917
STAG,05/30/2023,34.39,34.68,34.29,34.42,11104
STAG,05/26/2023,33.83,34.30,33.72,34.27,10320
STAG,05/25/2023,33.85,34.02,33.42,33.84,7547
STAG,05/24/2023,34.00,34.11,33.61,33.71,8725
STAG,05/23/2023,34.40,34.77,34.09,34.10,12616
STAG,05/22/2023,34.57,34.81,34.19,34.58,11148
STAG,05/19/2023,34.73,34.80,34.16,34.42,7622
STAG,05/18/2023,34.27,34.65,34.15,34.43,10122
STAG,05/17/2023,34.40,34.50,34.06,34.34,10625
STAG,05/16/2023,34.78,34.84,34.22,34.23,14308
STAG,05/15/2023,34.73,34.99,34.59,34.80,12700
STAG,05/12/2023,34.67,34.90,34.51,34.72,13826
STAG,05/11/2023,35.22,35.22,34.52,34.68,17169
STAG,05/10/2023,35.28,35.58,35.00,35.48,12979
STAG,05/09/2023,35.12,35.33,34.76,34.92,15304
STAG,05/08/2023,34.96,35.49,34.90,35.30,15851
STAG,05/05/2023,34.71,35.52,34.71,35.15,22272
STAG,05/04/2023,34.79,35.23,34.59,34.64,32568
STAG,05/03/2023,34.74,35.67,34.49,35.00,371873
STAG,05/02/2023,35.22,35.90,34.53,34.56,89422
STAG,05/01/2023,33.85,33.95,33.27,33.65,10037
STAG,04/28/2023,34.00,34.44,33.78,33.87,18904
STAG,04/27/2023,33.40,34.27,33.37,33.94,18104
STAG,04/26/2023,33.40,33.62,32.99,33.18,10004
STAG,04/25/2023,33.72,33.91,33.42,33.60,9679
STAG,04/24/2023,34.24,34.36,33.54,33.91,11158
STAG,04/21/2023,33.89,34.47,33.56,34.10,11390
STAG,04/20/2023,33.50,33.83,33.41,33.75,9035
STAG,04/19/2023,33.14,33.68,32.92,33.59,9639
STAG,04/18/2023,33.16,33.46,33.01,33.21,11701
STAG,04/17/2023,32.42,33.17,32.41,33.16,13729
STAG,04/14/2023,32.79,33.10,32.15,32.36,11324
STAG,04/13/2023,32.51,32.83,32.17,32.71,12309
STAG,04/12/2023,32.82,33.00,32.36,32.46,10310
STAG,04/11/2023,32.97,32.97,32.50,32.52,14560
STAG,04/10/2023,32.88,32.99,32.41,32.89,10132
STAG,04/06/2023,33.32,33.36,32.96,33.12,7839
STAG,04/05/2023,33.09,33.38,33.06,33.18,8695
STAG,04/04/2023,33.50,33.52,32.90,33.33,10821
STAG,04/03/2023,33.62,34.03,33.21,33.43,12366
STAG,03/31/2023,33.42,33.89,33.33,33.82,17044
STAG,03/30/2023,33.55,33.74,33.01,33.24,13375
STAG,03/29/2023,33.28,33.55,33.15,33.35,10629
STAG,03/28/2023,32.73,33.06,32.62,33.01,10115
STAG,03/27/2023,32.99,33.24,32.87,32.97,9363
STAG,03/24/2023,31.71,32.74,31.70,32.71,11231
STAG,03/23/2023,31.96,32.28,31.64,31.86,10930
STAG,03/22/2023,32.46,32.76,31.75,31.77,18750
STAG,03/21/2023,32.85,33.03,32.24,32.66,18701
STAG,03/20/2023,32.11,32.77,31.96,32.67,10877
STAG,03/17/2023,32.33,32.33,31.77,31.91,17672
STAG,03/16/2023,32.01,32.97,31.91,32.54,11625
STAG,03/15/2023,31.91,32.71,31.81,32.44,14544
STAG,03/14/2023,32.45,32.70,31.99,32.35,21023
STAG,03/13/2023,31.14,32.29,31.13,31.89,11364
STAG,03/10/2023,32.56,32.74,31.01,31.37,13391
STAG,03/09/2023,33.45,33.49,32.27,32.62,15906
STAG,03/08/2023,33.35,33.82,33.20,33.44,7932
STAG,03/07/2023,34.08,34.13,33.12,33.30,10507
STAG,03/06/2023,34.32,34.33,33.99,34.13,7473
STAG,03/03/2023,33.89,34.22,33.76,34.21,6869
STAG,03/02/2023,32.77,33.63,32.72,33.53,8962
STAG,03/01/2023,33.48,33.55,32.81,32.99,10726
STAG,02/28/2023,33.97,34.32,33.57,33.64,19545
STAG,02/27/2023,34.30,34.50,33.83,34.01,7697
STAG,02/24/2023,34.08,34.31,33.73,34.11,8958
STAG,02/23/2023,34.66,34.89,34.08,34.42,8829
STAG,02/22/2023,34.87,35.06,34.36,34.52,8845
STAG,02/21/2023,35.19,35.38,34.65,34.73,10560
STAG,02/17/2023,35.19,35.58,34.66,35.46,13565
STAG,02/16/2023,35.00,35.45,34.71,35.11,11098
STAG,02/15/2023,35.25,35.71,35.19,35.64,8767
STAG,02/14/2023,35.54,36.04,35.32,35.54,8098
STAG,02/13/2023,35.00,35.78,34.94,35.72,10059
STAG,02/10/2023,34.83,35.08,34.61,34.90,10097
STAG,02/09/2023,36.23,36.36,35.00,35.10,10518
STAG,02/08/2023,36.28,36.39,35.93,36.08,7677
STAG,02/07/2023,36.00,36.63,35.77,36.40,9516
STAG,02/06/2023,35.94,36.41,35.65,36.35,7979
STAG,02/03/2023,36.49,36.49,35.91,36.30,7469
STAG,02/02/2023,36.13,37.15,36.13,36.83,10936
STAG,02/01/2023,35.41,36.17,34.93,35.87,12855
STAG,01/31/2023,35.07,35.62,35.00,35.60,13344
STAG,01/30/2023,35.41,35.74,35.00,35.08,8808
STAG,01/27/2023,35.48,36.02,35.39,35.80,8466
STAG,01/26/2023,35.33,35.69,35.15,35.52,8479
STAG,01/25/2023,34.84,35.15,34.59,35.09,10947
STAG,01/24/2023,35.30,35.35,34.80,34.95,9084
STAG,01/23/2023,34.49,35.29,34.26,35.21,9159
STAG,01/20/2023,34.46,34.59,33.73,34.50,13136
STAG,01/19/2023,34.42,34.67,34.24,34.40,13915
STAG,01/18/2023,34.82,35.11,34.30,34.49,12813
STAG,01/17/2023,35.05,35.29,34.74,34.85,9327
STAG,01/13/2023,34.94,35.38,34.90,34.99,9905
STAG,01/12/2023,34.86,35.51,34.69,35.41,8901
STAG,01/11/2023,33.46,34.75,33.46,34.73,8485
STAG,01/10/2023,33.22,33.49,32.90,33.17,9433
STAG,01/09/2023,33.53,33.78,33.12,33.39,6841
STAG,01/06/2023,32.76,33.58,32.76,33.53,10778
STAG,01/05/2023,33.51,33.51,32.37,32.52,9134
STAG,01/04/2023,32.75,33.95,32.68,33.83,12177
STAG,01/03/2023,32.73,32.95,31.99,32.35,10050
STAG,12/30/2022,32.64,32.76,31.98,32.31,7443
STAG,12/29/2022,32.33,32.99,32.33,32.92,7585
STAG,12/28/2022,33.21,33.30,32.13,32.25,7472
STAG,12/27/2022,32.86,33.12,32.72,33.09,7647
STAG,12/23/2022,32.46,32.97,32.40,32.90,6391
STAG,12/22/2022,32.32,32.66,31.96,32.62,7893
STAG,12/21/2022,32.28,32.93,32.21,32.61,7663
STAG,12/20/2022,32.22,32.58,31.89,32.06,8467
STAG,12/19/2022,32.45,32.61,32.06,32.35,9221
STAG,12/16/2022,32.76,32.97,32.08,32.50,17932
STAG,12/15/2022,33.59,33.90,33.16,33.37,6967
STAG,12/14/2022,34.03,34.77,33.97,34.07,13814
STAG,12/13/2022,34.42,34.71,33.59,33.98,12088
STAG,12/12/2022,33.11,33.52,32.97,33.38,12695
STAG,12/09/2022,32.89,33.34,32.84,33.14,7142
STAG,12/08/2022,32.75,33.38,32.66,33.08,7799
STAG,12/07/2022,31.94,32.64,31.94,32.59,8859
STAG,12/06/2022,32.36,32.57,31.89,32.04,7034
STAG,12/05/2022,32.77,32.82,32.23,32.34,5591
STAG,12/02/2022,32.49,33.37,32.34,33.06,6868
STAG,12/01/2022,33.26,33.56,32.62,32.92,8954
STAG,11/30/2022,31.82,32.91,31.49,32.91,10954
STAG,11/29/2022,31.23,31.95,31.02,31.91,10700
STAG,11/28/2022,32.61,32.70,31.26,31.38,13230
STAG,11/25/2022,32.73,32.87,32.61,32.74,4147
STAG,11/23/2022,32.69,32.90,32.47,32.69,9090
STAG,11/22/2022,32.50,32.76,32.42,32.69,9912
STAG,11/21/2022,32.57,32.84,32.48,32.78,5715
STAG,11/18/2022,32.98,32.98,32.28,32.76,8810
STAG,11/17/2022,32.17,32.37,31.85,32.25,7887
STAG,11/16/2022,32.56,32.87,32.34,32.69,9903
STAG,11/15/2022,33.00,33.04,32.49,32.68,19224
STAG,11/14/2022,32.80,33.01,32.45,32.50,10100
STAG,11/11/2022,33.79,33.86,32.79,32.94,13820
STAG,11/10/2022,32.36,33.86,32.22,33.82,24003
STAG,11/09/2022,31.50,31.96,31.01,31.02,17792
STAG,11/08/2022,31.89,32.20,31.38,31.64,19228
STAG,11/07/2022,31.82,32.10,31.48,31.80,12630
STAG,11/04/2022,31.57,32.29,31.10,31.67,15438
STAG,11/03/2022,31.10,31.62,30.58,31.34,15933
STAG,11/02/2022,31.73,32.53,31.42,31.51,24316
STAG,11/01/2022,31.80,32.08,31.56,31.82,12050
STAG,10/31/2022,31.27,31.76,31.05,31.59,16395
STAG,10/28/2022,30.53,31.83,30.41,31.67,27960
STAG,10/27/2022,30.29,30.70,30.14,30.61,22548
STAG,10/26/2022,29.84,30.25,29.56,30.11,16980
STAG,10/25/2022,28.58,29.86,28.50,29.85,13152
STAG,10/24/2022,28.52,28.69,28.12,28.51,19991
STAG,10/21/2022,28.15,28.39,27.62,28.36,16539
STAG,10/20/2022,28.31,28.70,28.01,28.07,9570
STAG,10/19/2022,28.80,28.85,27.77,28.19,10576
STAG,10/18/2022,29.61,29.97,28.75,29.07,11515
STAG,10/17/2022,28.43,29.25,28.33,29.21,15652
STAG,10/14/2022,29.05,29.23,27.68,27.70,17678
STAG,10/13/2022,27.29,28.72,27.08,28.52,21054
STAG,10/12/2022,27.41,28.03,27.08,27.80,15055
STAG,10/11/2022,26.69,27.46,26.56,27.37,14955
STAG,10/10/2022,27.57,27.63,26.85,26.85,13437
STAG,10/07/2022,27.79,27.92,27.14,27.37,14334
STAG,10/06/2022,28.74,28.85,27.97,28.06,12795
STAG,10/05/2022,29.01,29.15,28.36,28.71,16031
STAG,10/04/2022,29.49,29.91,29.27,29.38,15659
STAG,10/03/2022,28.76,29.42,28.44,29.18,14406
STAG,09/30/2022,28.40,28.72,28.23,28.43,17973
STAG,09/29/2022,28.54,28.63,27.71,28.21,14102
STAG,09/28/2022,28.62,29.20,28.15,28.99,14901
STAG,09/27/2022,29.12,29.41,28.23,28.41,17825
STAG,09/26/2022,29.36,29.38,28.53,28.97,17059
STAG,09/23/2022,29.50,29.87,29.37,29.58,12945
STAG,09/22/2022,30.03,30.10,29.63,29.74,12615
STAG,09/21/2022,30.80,31.32,30.16,30.17,14545
STAG,09/20/2022,30.61,30.89,30.21,30.64,19800
STAG,09/19/2022,30.72,31.11,30.32,31.04,16512
STAG,09/16/2022,30.86,31.02,30.18,30.96,28158
STAG,09/15/2022,30.74,31.34,30.62,31.03,29954
STAG,09/14/2022,30.95,31.06,30.45,30.75,17566
STAG,09/13/2022,31.81,32.06,30.92,31.03,15470
STAG,09/12/2022,32.09,32.55,32.06,32.53,11493
STAG,09/09/2022,31.39,32.05,31.25,31.90,7855
STAG,09/08/2022,31.00,31.30,30.81,31.23,8068
STAG,09/07/2022,30.63,31.28,30.57,31.20,7244
STAG,09/06/2022,30.28,30.65,30.13,30.61,7466
STAG,09/02/2022,31.09,31.17,30.15,30.25,9563
STAG,09/01/2022,30.67,30.75,30.22,30.72,8248
STAG,08/31/2022,31.37,31.67,30.78,30.80,11479
STAG,08/30/2022,31.97,32.06,31.21,31.26,12860
STAG,08/29/2022,31.75,32.20,31.60,31.91,13107
STAG,08/26/2022,32.77,32.81,31.82,31.97,10417
STAG,08/25/2022,32.64,32.80,32.46,32.80,6113
STAG,08/24/2022,32.37,32.95,32.25,32.49,10869
STAG,08/23/2022,32.77,32.85,32.29,32.36,7510
STAG,08/22/2022,33.47,33.47,32.78,32.92,8262
STAG,08/19/2022,34.02,34.15,33.56,33.70,7220
STAG,08/18/2022,34.81,34.90,33.99,34.11,15754
STAG,08/17/2022,34.76,34.92,34.54,34.88,13001
STAG,08/16/2022,34.91,35.22,34.91,35.14,16655
STAG,08/15/2022,34.64,35.03,34.57,35.03,12034
STAG,08/12/2022,33.98,34.71,33.98,34.71,12067
STAG,08/11/2022,33.70,34.01,33.63,33.75,7782
STAG,08/10/2022,33.50,33.82,33.26,33.58,8485
STAG,08/09/2022,33.02,33.11,32.77,33.01,8443
STAG,08/08/2022,32.96,33.21,32.80,32.99,10289
STAG,08/05/2022,32.81,32.92,32.38,32.73,9988
STAG,08/04/2022,33.05,33.14,32.83,33.07,14657
STAG,08/03/2022,32.87,33.34,32.87,33.00,14505
STAG,08/02/2022,32.56,33.09,32.52,32.74,18850
STAG,08/01/2022,32.57,32.84,32.40,32.68,17522
STAG,07/29/2022,32.00,32.81,31.97,32.78,15956
STAG,07/28/2022,31.66,32.16,31.11,32.03,14449
STAG,07/27/2022,31.56,31.79,31.22,31.64,11085
STAG,07/26/2022,31.40,31.69,31.31,31.56,8942
STAG,07/25/2022,31.24,31.67,30.98,31.46,11578
STAG,07/22/2022,31.42,31.59,31.03,31.23,8117
STAG,07/21/2022,31.07,31.21,30.82,31.18,13848
STAG,07/20/2022,31.16,31.55,30.94,31.11,9676
STAG,07/19/2022,29.83,31.12,29.83,31.11,17013
STAG,07/18/2022,30.16,30.26,29.43,29.53,12030
STAG,07/15/2022,29.94,30.27,29.60,29.82,12383
STAG,07/14/2022,29.56,29.82,29.43,29.58,11007
STAG,07/13/2022,29.59,30.20,29.47,30.05,12089
STAG,07/12/2022,30.01,30.35,29.70,29.89,13885
STAG,07/11/2022,30.49,30.64,30.08,30.16,11080
STAG,07/08/2022,31.00,31.06,30.51,30.56,11549
STAG,07/07/2022,31.34,31.50,31.03,31.06,9268
STAG,07/06/2022,31.21,31.64,31.05,31.16,17194
STAG,07/05/2022,31.24,31.44,30.59,31.19,10146
STAG,07/01/2022,31.02,31.52,30.81,31.44,11105
STAG,06/30/2022,31.07,31.44,30.74,30.88,22673
STAG,06/29/2022,31.48,31.50,31.19,31.35,9041
STAG,06/28/2022,32.34,32.72,31.72,31.73,12860
STAG,06/27/2022,32.21,32.51,31.86,31.98,10094
STAG,06/24/2022,31.30,32.42,31.12,32.19,20517
STAG,06/23/2022,30.41,31.12,30.41,31.04,12074
STAG,06/22/2022,30.20,30.62,30.20,30.41,11675
STAG,06/21/2022,30.51,31.08,30.45,30.56,11267
STAG,06/17/2022,30.57,31.03,30.26,30.34,20138
STAG,06/16/2022,30.50,30.78,30.14,30.33,9678
STAG,06/15/2022,30.70,31.83,30.69,31.16,14924
STAG,06/14/2022,30.79,31.03,30.12,30.41,11606
STAG,06/13/2022,31.38,31.44,30.65,30.78,15861
STAG,06/10/2022,32.50,32.54,32.05,32.09,9937
STAG,06/09/2022,33.03,33.46,32.76,32.82,12671
STAG,06/08/2022,34.21,34.37,33.08,33.25,10825
STAG,06/07/2022,33.50,34.63,33.35,34.62,16961
STAG,06/06/2022,33.40,33.80,33.23,33.73,21458
STAG,06/03/2022,33.57,33.68,32.95,33.07,7990
STAG,06/02/2022,33.32,33.79,32.98,33.77,12310
STAG,06/01/2022,33.42,33.58,32.73,33.37,10682
STAG,05/31/2022,33.24,33.48,32.82,33.30,15105
STAG,05/27/2022,32.99,33.57,32.86,33.28,18686
STAG,05/26/2022,33.02,33.04,32.59,32.80,20329
STAG,05/25/2022,32.40,32.92,32.36,32.61,9868
STAG,05/24/2022,32.32,32.62,31.48,32.50,12768
STAG,05/23/2022,32.65,32.81,32.14,32.45,12857
STAG,05/20/2022,32.55,32.66,31.67,32.35,13629
STAG,05/19/2022,32.07,32.60,31.95,32.25,24094
STAG,05/18/2022,34.40,34.50,32.32,32.45,15419
STAG,05/17/2022,34.65,34.82,33.97,34.46,13414
STAG,05/16/2022,34.52,34.85,34.32,34.53,11196
STAG,05/13/2022,34.06,34.60,33.57,34.46,19312
STAG,05/12/2022,33.99,34.31,33.49,33.92,22957
STAG,05/11/2022,34.29,35.05,33.85,33.94,19599
STAG,05/10/2022,35.07,35.80,34.02,34.25,24420
STAG,05/09/2022,34.64,35.13,33.93,34.12,15534
STAG,05/06/2022,35.29,35.44,34.42,34.93,17260
STAG,05/05/2022,36.87,37.16,35.28,35.71,13383
STAG,05/04/2022,37.82,37.98,35.96,37.18,20526
STAG,05/03/2022,36.85,37.64,36.72,37.22,17208
STAG,05/02/2022,37.32,37.55,35.47,36.56,22389
STAG,04/29/2022,39.79,39.92,37.25,37.32,23442
STAG,04/28/2022,39.86,40.53,39.53,40.43,10000
STAG,04/27/2022,39.68,40.65,39.51,39.71,12526
STAG,04/26/2022,40.32,40.71,39.59,39.65,9332
STAG,04/25/2022,40.84,40.97,39.83,40.58,10272
STAG,04/22/2022,41.25,41.33,40.69,40.77,7524
STAG,04/21/2022,42.48,42.49,41.30,41.35,9104
STAG,04/20/2022,41.47,42.36,41.32,42.15,11958
STAG,04/19/2022,40.04,41.24,40.04,41.22,8042
STAG,04/18/2022,39.89,40.13,39.58,39.90,9809
STAG,04/14/2022,40.47,40.56,39.89,39.91,7946
STAG,04/13/2022,39.74,40.48,39.67,40.37,9227
STAG,04/12/2022,40.06,40.40,39.51,39.69,10939
STAG,04/11/2022,41.03,41.33,39.91,39.97,11809
STAG,04/08/2022,41.50,41.61,41.12,41.15,12454
STAG,04/07/2022,41.54,41.77,41.25,41.54,6573
STAG,04/06/2022,41.07,41.76,40.88,41.75,8755
STAG,04/05/2022,41.47,42.00,41.11,41.26,7991
STAG,04/04/2022,42.40,42.40,41.19,41.67,9359
STAG,04/01/2022,41.35,42.23,41.35,42.22,8928
STAG,03/31/2022,42.25,42.42,41.33,41.35,9780
STAG,03/30/2022,42.04,42.22,41.70,42.16,8715
STAG,03/29/2022,41.30,42.30,41.24,42.23,9221
STAG,03/28/2022,40.62,41.03,40.41,40.96,6904
STAG,03/25/2022,40.51,40.65,40.03,40.49,12395
STAG,03/24/2022,40.46,40.63,40.11,40.51,8372
STAG,03/23/2022,40.84,40.84,40.30,40.37,6301
STAG,03/22/2022,41.13,41.34,40.79,41.03,7135
STAG,03/21/2022,41.04,41.39,40.68,40.92,5443
STAG,03/18/2022,40.95,41.27,40.60,41.14,13726
STAG,03/17/2022,39.71,40.96,39.71,40.84,9646
STAG,03/16/2022,39.91,40.23,38.93,39.91,8265
STAG,03/15/2022,39.99,40.03,39.20,39.65,6563
STAG,03/14/2022,39.71,39.95,39.32,39.58,7758
STAG,03/11/2022,39.85,40.17,39.34,39.52,6802
STAG,03/10/2022,39.04,39.68,38.96,39.61,5881
STAG,03/09/2022,39.53,39.82,39.17,39.50,9477
STAG,03/08/2022,39.00,39.82,38.82,39.10,9435
STAG,03/07/2022,40.16,40.16,39.14,39.15,9215
STAG,03/04/2022,39.70,40.22,39.57,40.04,9650
STAG,03/03/2022,39.46,39.96,39.18,39.95,10133
STAG,03/02/2022,38.36,39.29,38.35,39.26,14614
STAG,03/01/2022,38.90,39.12,37.97,38.23,16458
STAG,02/28/2022,39.50,39.57,38.63,38.96,22618
STAG,02/25/2022,38.78,39.77,38.58,39.62,10448
STAG,02/24/2022,37.29,39.06,37.23,38.78,13611
STAG,02/23/2022,38.87,39.21,38.13,38.14,10563
STAG,02/22/2022,38.75,39.08,38.38,38.61,10650
STAG,02/18/2022,39.16,39.85,38.89,38.96,10540
STAG,02/17/2022,39.60,40.09,39.17,39.30,11904
STAG,02/16/2022,40.01,40.27,39.34,39.78,9031
STAG,02/15/2022,40.47,40.65,39.78,39.89,11088
STAG,02/14/2022,40.43,40.87,39.93,40.13,11789
