SYF,06/23/2023,32.21,32.58,32.13,32.58,4220
SYF,06/22/2023,32.64,32.76,32.14,32.68,24554
SYF,06/21/2023,32.70,33.04,32.61,32.81,31985
SYF,06/20/2023,32.69,32.82,32.45,32.71,49426
SYF,06/16/2023,33.40,33.42,32.72,32.90,83044
SYF,06/15/2023,33.06,33.46,32.48,33.44,48540
SYF,06/14/2023,34.30,34.55,33.22,33.54,53461
SYF,06/13/2023,33.85,34.39,33.72,34.14,50625
SYF,06/12/2023,33.58,33.83,33.29,33.74,53930
SYF,06/09/2023,34.00,34.02,33.54,33.69,36313
SYF,06/08/2023,34.11,34.14,33.29,33.77,46190
SYF,06/07/2023,33.92,34.44,33.70,34.20,41616
SYF,06/06/2023,32.86,33.80,32.65,33.79,45431
SYF,06/05/2023,32.93,32.99,32.39,32.71,47841
SYF,06/02/2023,31.70,33.20,31.69,33.04,63702
SYF,06/01/2023,30.87,31.73,30.61,31.55,50027
SYF,05/31/2023,30.91,31.20,30.47,30.96,120983
SYF,05/30/2023,30.91,31.39,30.83,31.23,43029
SYF,05/26/2023,30.13,30.95,29.92,30.90,38442
SYF,05/25/2023,30.09,30.42,29.82,30.00,86189
SYF,05/24/2023,30.36,30.51,29.97,30.06,48674
SYF,05/23/2023,30.41,31.33,30.30,30.67,56846
SYF,05/22/2023,30.20,30.40,29.81,30.35,50676
SYF,05/19/2023,30.19,30.22,29.59,30.02,99117
SYF,05/18/2023,28.87,30.06,28.77,30.00,80442
SYF,05/17/2023,28.30,28.77,27.92,28.76,76175
SYF,05/16/2023,27.94,28.47,27.70,27.88,120286
SYF,05/15/2023,27.32,28.03,27.22,27.97,83374
SYF,05/12/2023,27.67,27.82,26.94,27.08,71933
SYF,05/11/2023,26.81,27.43,26.67,27.41,80308
SYF,05/10/2023,27.92,28.06,26.80,27.12,52635
SYF,05/09/2023,27.03,27.70,26.89,27.46,45166
SYF,05/08/2023,27.52,27.67,27.25,27.40,43602
SYF,05/05/2023,27.48,27.87,27.05,27.34,70075
SYF,05/04/2023,27.36,27.60,26.59,26.76,69591
SYF,05/03/2023,27.70,28.30,27.57,27.71,61478
SYF,05/02/2023,28.61,28.75,27.24,27.54,58924
SYF,05/01/2023,29.36,29.61,28.84,28.87,59690
SYF,04/28/2023,28.92,29.75,28.71,29.51,47285
SYF,04/27/2023,29.39,29.77,28.97,29.35,42068
SYF,04/26/2023,29.64,30.08,29.08,29.14,62448
SYF,04/25/2023,29.19,29.70,29.06,29.14,50911
SYF,04/24/2023,29.62,29.77,29.38,29.58,41692
SYF,04/21/2023,29.63,29.97,29.34,29.72,47527
SYF,04/20/2023,30.29,30.51,29.58,29.86,56151
SYF,04/19/2023,31.00,31.67,30.50,30.79,60854
SYF,04/18/2023,30.06,30.27,29.71,30.25,83920
SYF,04/17/2023,29.45,29.96,29.06,29.96,68999
SYF,04/14/2023,30.39,30.63,29.65,29.80,47884
SYF,04/13/2023,29.59,29.89,29.35,29.77,41977
SYF,04/12/2023,30.01,30.17,29.31,29.53,47905
SYF,04/11/2023,29.25,30.13,29.09,29.85,50358
SYF,04/10/2023,28.55,29.12,28.32,28.80,30175
SYF,04/06/2023,28.56,29.07,28.33,28.62,52361
SYF,04/05/2023,28.46,28.86,28.01,28.50,71056
SYF,04/04/2023,29.66,29.79,28.48,28.93,58634
SYF,04/03/2023,29.12,29.58,29.02,29.38,38465
SYF,03/31/2023,28.69,29.16,28.28,29.08,53611
SYF,03/30/2023,28.99,29.07,28.31,28.55,52897
SYF,03/29/2023,28.73,28.83,28.37,28.65,47346
SYF,03/28/2023,27.89,28.44,27.75,28.16,30887
SYF,03/27/2023,28.91,29.05,28.18,28.32,39188
SYF,03/24/2023,27.41,28.11,27.14,28.04,54433
SYF,03/23/2023,29.05,29.09,27.63,28.01,56373
SYF,03/22/2023,29.81,30.12,28.93,28.94,43824
SYF,03/21/2023,29.70,30.24,29.62,29.90,61724
SYF,03/20/2023,29.02,29.56,28.35,28.45,48654
SYF,03/17/2023,28.96,28.99,28.12,28.49,113633
SYF,03/16/2023,28.55,29.46,27.60,29.16,94536
SYF,03/15/2023,29.20,29.23,28.01,28.90,95502
SYF,03/14/2023,30.74,31.64,30.13,30.46,77570
SYF,03/13/2023,30.59,30.59,28.52,29.25,126347
SYF,03/10/2023,32.64,33.14,31.41,32.13,76435
SYF,03/09/2023,34.50,34.77,33.17,33.23,51691
SYF,03/08/2023,34.75,35.09,34.22,34.48,42640
SYF,03/07/2023,35.50,35.58,34.57,34.65,47816
SYF,03/06/2023,36.35,36.65,35.52,35.61,55510
SYF,03/03/2023,36.16,36.54,35.88,36.38,39765
SYF,03/02/2023,35.48,35.82,35.16,35.74,42178
SYF,03/01/2023,35.61,36.17,35.40,35.98,37998
SYF,02/28/2023,35.45,36.08,35.41,35.71,65324
SYF,02/27/2023,36.14,36.23,35.49,35.50,36974
SYF,02/24/2023,35.31,35.82,35.22,35.80,31624
SYF,02/23/2023,35.87,36.14,35.33,35.92,30853
SYF,02/22/2023,35.13,35.59,35.02,35.45,35808
SYF,02/21/2023,35.42,35.74,34.76,35.00,44096
SYF,02/17/2023,35.43,35.78,35.03,35.77,40016
SYF,02/16/2023,35.97,36.29,35.63,35.65,29426
SYF,02/15/2023,35.92,36.52,35.84,36.51,31065
SYF,02/14/2023,36.81,36.90,35.69,36.32,48869
SYF,02/13/2023,36.27,37.09,36.08,37.03,30511
SYF,02/10/2023,36.10,36.43,35.86,36.42,36894
SYF,02/09/2023,36.64,37.02,36.20,36.24,41624
SYF,02/08/2023,36.58,36.95,36.40,36.43,38048
SYF,02/07/2023,36.36,37.21,36.31,36.95,33397
SYF,02/06/2023,36.70,36.80,36.03,36.42,45913
SYF,02/03/2023,36.86,37.99,36.66,37.05,56610
SYF,02/02/2023,35.60,37.87,35.41,37.79,76941
SYF,02/01/2023,32.70,35.62,32.38,35.31,140506
SYF,01/31/2023,36.17,36.74,35.84,36.73,46041
SYF,01/30/2023,36.71,37.17,36.13,36.15,43359
SYF,01/27/2023,36.85,37.35,36.67,37.06,32062
SYF,01/26/2023,37.04,37.23,35.92,36.55,38897
SYF,01/25/2023,35.04,36.94,34.97,36.88,64913
SYF,01/24/2023,34.20,36.12,34.15,35.37,67535
SYF,01/23/2023,35.39,36.08,34.01,34.56,95455
SYF,01/20/2023,32.86,35.42,32.86,35.41,120874
SYF,01/19/2023,32.04,32.73,30.83,32.58,74439
SYF,01/18/2023,33.79,34.22,33.18,33.21,54910
SYF,01/17/2023,33.46,33.90,33.31,33.67,51183
SYF,01/13/2023,32.67,33.65,32.34,33.47,44741
SYF,01/12/2023,34.12,34.24,33.23,33.58,59746
SYF,01/11/2023,33.00,33.81,32.79,33.76,59564
SYF,01/10/2023,32.06,32.89,30.88,32.84,88671
SYF,01/09/2023,33.16,33.30,32.23,32.29,96791
SYF,01/06/2023,31.75,32.83,31.74,32.80,90035
SYF,01/05/2023,32.61,32.61,31.95,31.98,57768
SYF,01/04/2023,32.87,33.54,32.73,33.10,58201
SYF,01/03/2023,33.25,33.50,32.10,32.39,46977
SYF,12/30/2022,32.46,32.90,32.31,32.86,33423
SYF,12/29/2022,32.30,32.90,32.17,32.84,36183
SYF,12/28/2022,32.59,32.69,31.95,32.10,29295
SYF,12/27/2022,32.85,32.86,32.38,32.56,21321
SYF,12/23/2022,32.29,32.77,32.06,32.75,29543
SYF,12/22/2022,32.84,32.87,31.68,32.34,52492
SYF,12/21/2022,33.10,33.47,32.93,33.28,40443
SYF,12/20/2022,32.43,32.72,32.01,32.65,38305
SYF,12/19/2022,33.21,33.45,32.14,32.38,41546
SYF,12/16/2022,33.08,33.23,32.58,33.21,152539
SYF,12/15/2022,33.66,33.76,32.56,33.59,54258
SYF,12/14/2022,35.24,35.63,33.76,34.35,67469
SYF,12/13/2022,36.66,37.28,35.22,35.39,58300
SYF,12/12/2022,35.14,35.64,34.74,35.57,46017
SYF,12/09/2022,34.71,35.54,34.47,35.11,37665
SYF,12/08/2022,34.98,35.26,34.48,34.92,46439
SYF,12/07/2022,34.48,35.20,34.25,34.63,46105
SYF,12/06/2022,34.38,35.05,33.97,34.64,72753
SYF,12/05/2022,34.85,35.03,34.32,34.39,57923
SYF,12/02/2022,35.50,36.22,34.96,35.30,47638
SYF,12/01/2022,36.41,37.05,35.86,35.94,57256
SYF,11/30/2022,37.00,37.69,35.92,37.58,64111
SYF,11/29/2022,36.52,37.43,36.29,37.28,32616
SYF,11/28/2022,36.50,36.77,36.25,36.42,28079
SYF,11/25/2022,36.74,37.31,36.57,37.05,14752
SYF,11/23/2022,36.37,37.03,36.22,36.84,23549
SYF,11/22/2022,36.61,37.01,36.37,36.52,28821
SYF,11/21/2022,35.65,36.43,35.65,36.30,39746
SYF,11/18/2022,36.04,36.31,35.42,35.89,44113
SYF,11/17/2022,34.46,35.47,34.24,35.45,45678
SYF,11/16/2022,35.76,36.21,35.00,35.19,50743
SYF,11/15/2022,38.50,38.82,35.77,35.92,76780
SYF,11/14/2022,39.72,39.93,37.74,37.75,51985
SYF,11/11/2022,38.94,40.88,38.94,40.23,68715
SYF,11/10/2022,36.85,38.75,36.56,38.73,62734
SYF,11/09/2022,35.62,35.80,34.88,35.01,41350
SYF,11/08/2022,36.23,36.43,35.54,36.09,37230
SYF,11/07/2022,35.43,36.20,34.95,36.20,45727
SYF,11/04/2022,34.69,35.44,34.32,35.02,39989
SYF,11/03/2022,34.31,34.64,33.60,34.02,44732
SYF,11/02/2022,35.85,36.43,34.83,34.94,52071
SYF,11/01/2022,36.13,36.36,35.44,35.90,43908
SYF,10/31/2022,35.59,35.95,35.31,35.56,45746
SYF,10/28/2022,35.09,36.33,34.97,36.13,62092
SYF,10/27/2022,35.47,35.95,34.96,35.07,63463
SYF,10/26/2022,35.09,35.67,34.92,35.05,60706
SYF,10/25/2022,33.06,35.34,32.76,34.95,77440
SYF,10/24/2022,32.72,33.24,32.37,33.07,91710
SYF,10/21/2022,31.51,32.44,31.03,32.41,56982
SYF,10/20/2022,31.63,32.55,31.48,31.56,51397
SYF,10/19/2022,31.75,32.47,31.27,31.59,55810
SYF,10/18/2022,33.04,33.49,32.28,32.59,56385
SYF,10/17/2022,32.34,32.65,31.84,32.17,70954
SYF,10/14/2022,32.60,33.02,31.38,31.42,59388
SYF,10/13/2022,30.51,32.63,30.01,32.38,73444
SYF,10/12/2022,30.95,31.77,30.72,31.29,52970
SYF,10/11/2022,30.82,31.72,30.53,30.92,68857
SYF,10/10/2022,31.14,31.34,30.79,31.01,58226
SYF,10/07/2022,31.01,31.11,30.65,30.84,75288
SYF,10/06/2022,31.39,31.85,31.18,31.49,68950
SYF,10/05/2022,30.96,31.96,30.96,31.75,73367
SYF,10/04/2022,30.60,31.72,30.54,31.68,80028
SYF,10/03/2022,28.80,30.01,28.34,29.86,67925
SYF,09/30/2022,28.81,28.92,28.11,28.19,56198
SYF,09/29/2022,28.44,29.28,28.38,28.84,63232
SYF,09/28/2022,28.31,29.15,28.02,28.99,55714
SYF,09/27/2022,28.59,28.68,27.77,28.11,43823
SYF,09/26/2022,28.92,29.48,28.15,28.21,42893
SYF,09/23/2022,29.18,29.60,28.72,29.27,46381
SYF,09/22/2022,30.66,30.79,29.58,29.73,39770
SYF,09/21/2022,31.89,32.00,30.62,30.63,37421
SYF,09/20/2022,32.21,32.22,31.19,31.64,47646
SYF,09/19/2022,31.96,32.75,31.85,32.71,39371
SYF,09/16/2022,32.12,32.60,31.52,32.51,98529
SYF,09/15/2022,31.86,33.18,31.79,32.60,45987
SYF,09/14/2022,31.82,31.82,30.82,31.74,49341
SYF,09/13/2022,33.13,33.19,31.45,31.60,47743
SYF,09/12/2022,33.78,34.65,33.60,34.30,44159
SYF,09/09/2022,32.86,33.50,32.69,33.42,31066
SYF,09/08/2022,31.62,32.63,31.27,32.60,32581
SYF,09/07/2022,30.94,32.03,30.94,31.95,29835
SYF,09/06/2022,31.91,32.09,30.77,31.00,44697
SYF,09/02/2022,32.63,32.81,31.75,31.97,31439
SYF,09/01/2022,32.39,32.46,31.30,32.05,55066
SYF,08/31/2022,33.25,33.40,32.61,32.75,47139
SYF,08/30/2022,33.06,33.14,32.43,32.96,42041
SYF,08/29/2022,33.28,33.37,32.72,32.73,35456
SYF,08/26/2022,35.22,35.36,33.64,33.65,46509
SYF,08/25/2022,34.63,35.14,34.50,35.13,38502
SYF,08/24/2022,34.00,34.58,33.71,34.33,33813
SYF,08/23/2022,33.63,34.25,33.40,34.00,44052
SYF,08/22/2022,33.85,33.85,33.08,33.38,42312
SYF,08/19/2022,34.96,35.07,34.19,34.31,46980
SYF,08/18/2022,35.26,35.55,35.00,35.37,18021
SYF,08/17/2022,35.27,35.56,34.85,35.20,28152
SYF,08/16/2022,35.74,36.27,35.43,36.03,30079
SYF,08/15/2022,35.52,35.90,35.15,35.75,32049
SYF,08/12/2022,36.38,36.38,35.77,36.14,27660
SYF,08/11/2022,36.33,36.73,35.95,36.11,30770
SYF,08/10/2022,34.84,36.01,34.77,35.66,40560
SYF,08/09/2022,34.40,34.45,33.72,33.90,39308
SYF,08/08/2022,34.34,35.31,34.27,34.43,57457
SYF,08/05/2022,33.46,34.06,33.36,33.90,30491
SYF,08/04/2022,33.91,34.21,33.52,33.76,37723
SYF,08/03/2022,33.45,34.06,33.27,34.00,39224
SYF,08/02/2022,33.35,33.54,32.73,32.82,50510
SYF,08/01/2022,33.07,33.93,32.85,33.74,48440
SYF,07/29/2022,32.57,33.64,32.51,33.48,56715
SYF,07/28/2022,32.58,32.72,31.61,32.66,58414
SYF,07/27/2022,32.18,32.73,31.72,32.58,58026
SYF,07/26/2022,32.41,32.72,31.69,31.75,54393
SYF,07/25/2022,32.83,33.12,32.33,32.82,51742
SYF,07/22/2022,32.74,33.51,32.39,32.68,64982
SYF,07/21/2022,32.64,33.12,32.16,32.66,71420
SYF,07/20/2022,32.74,33.48,32.73,33.30,56848
SYF,07/19/2022,31.97,33.20,31.97,32.89,87521
SYF,07/18/2022,31.98,33.19,31.42,31.48,78705
SYF,07/15/2022,30.78,31.57,30.42,31.39,75950
SYF,07/14/2022,29.26,30.15,28.94,29.98,52987
SYF,07/13/2022,29.56,30.21,29.30,30.02,60708
SYF,07/12/2022,29.25,30.93,29.23,30.46,63223
SYF,07/11/2022,29.26,30.03,29.26,29.75,61365
SYF,07/08/2022,29.66,29.96,29.11,29.68,52159
SYF,07/07/2022,29.08,29.59,28.73,29.49,63298
SYF,07/06/2022,28.88,29.26,28.32,28.56,74553
SYF,07/05/2022,27.83,28.97,27.57,28.94,69211
SYF,07/01/2022,27.43,28.90,27.43,28.59,53484
SYF,06/30/2022,27.89,28.22,27.22,27.62,86623
SYF,06/29/2022,28.80,28.95,28.13,28.53,47165
SYF,06/28/2022,29.96,30.49,28.83,28.96,43523
SYF,06/27/2022,29.89,30.15,29.12,29.45,46159
SYF,06/24/2022,28.61,29.99,28.52,29.54,104294
SYF,06/23/2022,28.93,29.05,27.40,28.22,98481
SYF,06/22/2022,28.71,29.24,28.58,29.04,85277
SYF,06/21/2022,30.85,31.06,28.98,29.22,79193
SYF,06/17/2022,29.02,30.19,28.83,29.89,127350
SYF,06/16/2022,29.46,29.55,27.77,28.92,128070
SYF,06/15/2022,30.03,30.79,29.64,30.47,79999
SYF,06/14/2022,29.90,30.08,29.07,29.51,64783
SYF,06/13/2022,30.61,31.05,29.44,29.70,70185
SYF,06/10/2022,32.86,33.24,31.49,31.51,58734
SYF,06/09/2022,34.97,35.14,33.83,33.85,46512
SYF,06/08/2022,35.71,36.08,34.72,34.96,64980
SYF,06/07/2022,35.37,36.46,35.20,36.37,44209
SYF,06/06/2022,35.73,36.12,35.24,35.79,35355
SYF,06/03/2022,35.79,36.17,35.32,35.44,31434
SYF,06/02/2022,36.00,36.28,35.52,36.22,37226
SYF,06/01/2022,36.91,37.12,35.32,35.87,49984
SYF,05/31/2022,36.00,37.19,35.66,37.04,88317
SYF,05/27/2022,35.35,36.14,35.11,36.14,44453
SYF,05/26/2022,34.33,35.46,34.14,35.18,63060
SYF,05/25/2022,32.77,34.06,32.50,33.94,66172
SYF,05/24/2022,33.71,33.91,32.44,32.91,66668
SYF,05/23/2022,33.29,34.58,33.00,34.10,70169
SYF,05/20/2022,33.00,33.05,31.36,32.46,72962
SYF,05/19/2022,32.48,33.25,32.18,32.56,68360
SYF,05/18/2022,34.81,35.04,32.94,33.08,68643
SYF,05/17/2022,34.26,35.51,34.15,35.40,57180
SYF,05/16/2022,33.55,33.76,32.65,33.16,55061
SYF,05/13/2022,33.35,34.35,33.33,33.55,69998
SYF,05/12/2022,34.19,34.57,32.04,33.03,103849
SYF,05/11/2022,36.22,37.33,35.28,35.33,63696
SYF,05/10/2022,37.41,37.70,35.21,36.16,71231
SYF,05/09/2022,37.45,38.19,36.83,37.03,79970
SYF,05/06/2022,39.28,39.46,37.71,38.05,82604
SYF,05/05/2022,39.54,40.21,38.80,39.33,78343
SYF,05/04/2022,38.38,40.38,38.23,40.14,86392
SYF,05/03/2022,37.53,38.70,37.31,38.29,58157
SYF,05/02/2022,37.07,37.40,36.56,37.33,66410
SYF,04/29/2022,37.83,38.49,36.68,36.81,62926
SYF,04/28/2022,37.31,38.35,37.01,38.07,55552
SYF,04/27/2022,37.01,37.50,36.37,36.82,63737
SYF,04/26/2022,37.77,38.32,37.42,37.51,49882
SYF,04/25/2022,37.43,38.43,36.98,38.29,55669
SYF,04/22/2022,39.54,39.65,37.93,37.98,58248
SYF,04/21/2022,40.79,41.23,39.76,39.80,53181
SYF,04/20/2022,41.02,41.88,40.31,40.48,58459
SYF,04/19/2022,40.07,41.04,40.07,40.70,80158
SYF,04/18/2022,37.94,40.52,37.80,40.03,103602
SYF,04/14/2022,37.49,38.08,37.26,37.70,65963
SYF,04/13/2022,36.36,37.51,36.34,37.47,47731
SYF,04/12/2022,36.20,37.70,36.16,36.87,56880
SYF,04/11/2022,36.30,37.42,36.21,36.52,57004
SYF,04/08/2022,35.89,36.99,35.86,36.64,55799
SYF,04/07/2022,35.63,35.93,34.75,35.65,64913
SYF,04/06/2022,35.58,36.51,35.22,35.77,94325
SYF,04/05/2022,35.48,35.93,35.19,35.27,68470
SYF,04/04/2022,35.56,35.94,34.97,35.57,63145
SYF,04/01/2022,35.23,35.53,34.68,35.16,52679
SYF,03/31/2022,35.74,35.87,34.81,34.81,56925
SYF,03/30/2022,36.70,37.00,35.53,35.73,64497
SYF,03/29/2022,36.79,37.13,36.36,36.76,80313
SYF,03/28/2022,35.72,35.88,34.66,35.85,94224
SYF,03/25/2022,36.61,36.85,36.27,36.67,51162
SYF,03/24/2022,36.61,36.77,36.03,36.40,62677
SYF,03/23/2022,37.19,37.37,36.15,36.34,53609
SYF,03/22/2022,37.05,38.20,36.69,37.60,60579
SYF,03/21/2022,37.46,37.63,36.12,36.38,84900
SYF,03/18/2022,37.28,37.74,36.56,37.59,184045
SYF,03/17/2022,36.31,37.46,36.22,37.45,74440
SYF,03/16/2022,36.87,38.39,36.61,37.67,93315
SYF,03/15/2022,35.86,36.92,35.47,36.14,68201
SYF,03/14/2022,35.71,36.59,35.31,35.48,76358
SYF,03/11/2022,35.85,36.10,34.95,35.04,57291
SYF,03/10/2022,35.43,36.06,34.72,35.43,71393
SYF,03/09/2022,36.81,37.59,35.91,36.20,72171
SYF,03/08/2022,35.20,36.05,33.75,35.06,106692
SYF,03/07/2022,36.82,36.88,34.48,34.76,106135
SYF,03/04/2022,37.86,38.00,36.68,37.28,85853
SYF,03/03/2022,40.01,40.30,37.99,38.89,95468
SYF,03/02/2022,39.84,40.29,38.84,39.76,90804
SYF,03/01/2022,42.47,42.49,39.26,39.47,74509
SYF,02/28/2022,41.84,42.95,41.83,42.78,83488
SYF,02/25/2022,41.57,43.58,41.55,43.19,64692
SYF,02/24/2022,39.92,41.36,39.38,41.24,82548
SYF,02/23/2022,43.06,43.17,41.52,41.60,59930
SYF,02/22/2022,43.25,43.69,42.37,42.71,49799
SYF,02/18/2022,43.45,44.42,43.24,43.42,56250
SYF,02/17/2022,44.34,44.73,43.49,43.66,42199
SYF,02/16/2022,44.46,45.36,44.46,44.85,50054
SYF,02/15/2022,44.76,45.29,44.43,44.79,54119
SYF,02/14/2022,44.04,45.09,43.74,44.03,55391
