TAP,06/23/2023,66.65,66.98,66.43,66.83,1797
TAP,06/22/2023,66.85,66.87,66.19,66.47,10372
TAP,06/21/2023,66.80,66.90,66.25,66.54,21250
TAP,06/20/2023,66.31,66.88,66.20,66.60,13947
TAP,06/16/2023,66.84,66.96,66.05,66.28,24595
TAP,06/15/2023,67.50,67.76,66.45,66.60,19926
TAP,06/14/2023,67.63,67.88,67.29,67.45,15559
TAP,06/13/2023,66.98,68.13,66.95,67.75,30341
TAP,06/12/2023,66.80,67.33,66.67,67.10,24515
TAP,06/09/2023,66.50,67.10,66.24,66.46,22051
TAP,06/08/2023,66.65,66.65,65.84,66.40,23581
TAP,06/07/2023,64.96,66.51,64.75,66.15,30530
TAP,06/06/2023,65.68,65.88,64.18,65.14,39228
TAP,06/05/2023,63.74,64.41,63.66,63.81,18568
TAP,06/02/2023,62.68,64.31,62.54,63.87,26464
TAP,06/01/2023,61.51,62.44,61.24,62.33,26568
TAP,05/31/2023,60.93,62.08,60.77,61.85,39120
TAP,05/30/2023,59.56,60.64,59.50,60.40,24292
TAP,05/26/2023,60.71,60.85,59.90,60.64,17393
TAP,05/25/2023,60.55,61.10,60.03,60.73,19640
TAP,05/24/2023,61.62,61.65,60.64,60.91,22871
TAP,05/23/2023,62.38,62.39,61.59,61.62,16214
TAP,05/22/2023,62.88,63.00,62.40,62.45,20894
TAP,05/19/2023,62.06,62.99,61.89,62.61,21030
TAP,05/18/2023,61.74,62.04,61.32,61.88,23091
TAP,05/17/2023,63.10,63.10,61.48,62.13,37942
TAP,05/16/2023,63.38,63.88,62.59,63.19,28866
TAP,05/15/2023,64.58,64.95,63.59,63.70,21341
TAP,05/12/2023,64.02,64.40,63.95,64.25,17091
TAP,05/11/2023,64.15,64.46,63.75,64.00,24040
TAP,05/10/2023,64.48,64.95,64.22,64.44,27868
TAP,05/09/2023,64.21,64.85,63.90,64.52,15608
TAP,05/08/2023,64.47,64.92,64.35,64.47,17904
TAP,05/05/2023,64.78,65.49,64.59,64.89,15806
TAP,05/04/2023,65.12,65.48,64.46,65.01,24596
TAP,05/03/2023,65.77,65.93,64.53,64.96,46552
TAP,05/02/2023,63.00,66.67,62.81,65.08,85571
TAP,05/01/2023,59.47,60.73,59.47,60.45,25211
TAP,04/28/2023,58.97,59.61,58.42,59.48,19040
TAP,04/27/2023,59.16,59.55,58.95,59.09,17211
TAP,04/26/2023,58.71,59.27,58.70,59.13,13103
TAP,04/25/2023,58.26,58.77,58.07,58.71,16602
TAP,04/24/2023,58.51,59.26,58.26,58.29,18584
TAP,04/21/2023,58.06,58.53,57.55,58.32,18887
TAP,04/20/2023,57.42,57.86,57.00,57.70,21615
TAP,04/19/2023,57.51,57.65,57.03,57.43,18877
TAP,04/18/2023,57.00,57.72,56.74,57.32,25693
TAP,04/17/2023,56.16,57.00,56.00,56.98,19836
TAP,04/14/2023,56.37,56.66,55.86,56.06,19042
TAP,04/13/2023,54.17,56.96,54.17,56.23,42493
TAP,04/12/2023,54.04,54.42,53.75,54.27,22745
TAP,04/11/2023,53.23,54.27,53.23,54.05,14836
TAP,04/10/2023,51.95,53.16,51.90,53.15,14644
TAP,04/06/2023,52.74,52.95,51.98,52.15,10553
TAP,04/05/2023,52.02,52.50,51.93,52.50,16858
TAP,04/04/2023,52.40,52.55,51.45,51.94,15798
TAP,04/03/2023,51.81,52.68,51.81,52.12,12636
TAP,03/31/2023,51.94,51.94,51.44,51.68,14381
TAP,03/30/2023,52.41,52.56,51.41,51.69,12684
TAP,03/29/2023,51.84,52.03,51.56,51.95,10123
TAP,03/28/2023,51.09,51.87,51.08,51.40,8570
TAP,03/27/2023,51.06,51.46,50.98,51.08,11248
TAP,03/24/2023,49.57,50.74,49.32,50.70,10813
TAP,03/23/2023,49.99,50.40,49.38,49.56,10857
TAP,03/22/2023,50.99,51.17,49.98,49.99,9962
TAP,03/21/2023,51.35,51.35,50.70,50.91,15171
TAP,03/20/2023,50.30,51.12,50.27,50.86,14838
TAP,03/17/2023,50.98,51.15,49.56,49.91,50144
TAP,03/16/2023,51.97,52.04,51.16,51.48,14125
TAP,03/15/2023,50.93,52.10,50.41,52.06,15212
TAP,03/14/2023,52.51,52.84,51.26,51.85,14567
TAP,03/13/2023,51.80,52.62,51.44,52.08,16639
TAP,03/10/2023,53.25,53.51,52.08,52.31,15453
TAP,03/09/2023,54.64,54.64,52.46,53.06,25623
TAP,03/08/2023,53.34,55.68,53.34,54.35,48998
TAP,03/07/2023,53.03,53.35,52.51,52.84,13773
TAP,03/06/2023,53.26,53.66,52.96,53.09,16637
TAP,03/03/2023,53.27,53.55,52.78,53.46,11589
TAP,03/02/2023,52.56,53.30,52.42,53.28,12780
TAP,03/01/2023,52.88,53.15,52.40,53.05,20546
TAP,02/28/2023,53.65,54.14,53.17,53.19,18136
TAP,02/27/2023,54.14,54.22,53.46,53.75,14398
TAP,02/24/2023,53.17,53.89,52.96,53.78,13341
TAP,02/23/2023,53.12,53.65,52.88,53.50,18277
TAP,02/22/2023,53.57,53.57,52.43,52.97,24747
TAP,02/21/2023,54.42,56.28,53.19,53.65,34054
TAP,02/17/2023,51.36,52.12,51.25,52.02,19187
TAP,02/16/2023,51.39,51.80,51.31,51.40,10265
TAP,02/15/2023,51.65,52.33,51.31,52.31,9124
TAP,02/14/2023,51.88,52.11,51.44,51.65,12075
TAP,02/13/2023,51.51,52.01,51.20,51.97,12320
TAP,02/10/2023,51.22,51.47,50.97,51.44,8757
TAP,02/09/2023,51.61,51.73,51.05,51.22,10869
TAP,02/08/2023,52.02,52.51,51.20,51.41,19790
TAP,02/07/2023,53.02,53.02,52.08,52.30,19894
TAP,02/06/2023,53.29,53.71,53.02,53.58,19201
TAP,02/03/2023,54.18,54.30,52.92,53.62,18505
TAP,02/02/2023,53.02,54.23,52.74,54.18,19975
TAP,02/01/2023,52.40,53.47,52.37,53.31,20114
TAP,01/31/2023,51.54,52.59,50.88,52.58,13790
TAP,01/30/2023,51.24,52.05,51.06,51.23,11191
TAP,01/27/2023,52.31,52.47,50.94,51.30,21887
TAP,01/26/2023,52.81,53.58,52.51,52.77,25764
TAP,01/25/2023,51.54,53.23,51.25,52.92,18981
TAP,01/24/2023,50.27,52.01,50.27,51.47,13210
TAP,01/23/2023,50.15,50.34,49.66,50.09,10698
TAP,01/20/2023,49.70,49.99,49.25,49.98,9062
TAP,01/19/2023,48.90,49.72,48.49,49.59,13127
TAP,01/18/2023,50.32,50.62,48.97,49.03,13582
TAP,01/17/2023,50.82,51.12,50.35,50.38,16903
TAP,01/13/2023,50.11,50.90,49.96,50.76,11259
TAP,01/12/2023,50.86,50.96,50.16,50.33,11429
TAP,01/11/2023,50.94,51.29,50.71,50.92,16369
TAP,01/10/2023,50.33,50.99,50.24,50.86,12241
TAP,01/09/2023,50.73,51.18,50.16,50.21,14667
TAP,01/06/2023,50.85,51.19,50.45,50.88,21450
TAP,01/05/2023,50.46,50.76,49.21,49.58,18492
TAP,01/04/2023,49.78,51.58,49.66,51.36,16713
TAP,01/03/2023,50.52,50.67,48.66,49.44,27703
TAP,12/30/2022,51.39,51.62,51.11,51.52,9930
TAP,12/29/2022,51.37,51.68,51.35,51.60,7449
TAP,12/28/2022,52.25,52.48,51.32,51.38,9198
TAP,12/27/2022,52.00,52.54,51.98,52.33,6399
TAP,12/23/2022,51.47,51.93,51.27,51.93,5362
TAP,12/22/2022,51.34,51.57,50.76,51.44,7631
TAP,12/21/2022,51.03,51.57,50.88,51.45,7914
TAP,12/20/2022,51.77,51.79,50.72,50.77,10160
TAP,12/19/2022,51.23,52.12,51.09,51.69,11572
TAP,12/16/2022,51.19,51.48,50.63,51.18,21003
TAP,12/15/2022,52.35,52.58,51.49,51.74,11445
TAP,12/14/2022,52.47,53.34,52.28,52.89,11636
TAP,12/13/2022,53.67,53.76,52.46,52.61,14724
TAP,12/12/2022,52.41,52.97,52.06,52.96,9536
TAP,12/09/2022,52.55,52.84,51.95,52.46,11564
TAP,12/08/2022,53.10,53.16,52.38,52.66,10651
TAP,12/07/2022,53.37,53.69,52.80,53.05,12109
TAP,12/06/2022,53.75,54.24,52.47,53.26,16640
TAP,12/05/2022,55.09,55.23,54.44,54.50,10638
TAP,12/02/2022,54.76,55.70,54.73,55.57,11116
TAP,12/01/2022,54.82,55.48,54.82,54.97,10647
TAP,11/30/2022,54.79,55.47,54.04,55.11,21005
TAP,11/29/2022,54.88,55.36,54.56,54.92,8605
TAP,11/28/2022,55.50,55.70,54.92,54.93,9762
TAP,11/25/2022,55.27,55.65,55.14,55.58,3782
TAP,11/23/2022,54.89,55.31,54.79,55.27,7346
TAP,11/22/2022,54.65,55.15,54.22,54.80,9468
TAP,11/21/2022,53.40,54.62,53.09,54.33,11521
TAP,11/18/2022,53.60,53.74,53.19,53.50,10299
TAP,11/17/2022,51.62,53.07,51.62,53.01,9474
TAP,11/16/2022,52.27,52.38,51.64,52.11,6462
TAP,11/15/2022,52.15,52.56,51.88,52.08,12381
TAP,11/14/2022,51.90,52.64,51.75,51.95,8056
TAP,11/11/2022,51.46,52.14,50.63,51.90,14402
TAP,11/10/2022,50.90,52.10,50.84,51.45,10598
TAP,11/09/2022,51.04,51.04,49.71,49.76,10717
TAP,11/08/2022,51.00,51.59,50.75,51.29,10056
TAP,11/07/2022,51.51,51.88,50.19,50.98,11199
TAP,11/04/2022,50.15,51.23,49.91,51.20,12462
TAP,11/03/2022,48.85,49.72,48.61,49.48,14011
TAP,11/02/2022,49.24,50.77,49.10,49.34,27945
TAP,11/01/2022,50.35,50.35,46.90,48.81,35080
TAP,10/31/2022,51.18,51.57,50.29,50.43,17161
TAP,10/28/2022,50.12,51.13,50.10,51.10,8885
TAP,10/27/2022,50.32,50.89,49.77,49.87,12889
TAP,10/26/2022,50.60,51.10,49.99,50.06,11456
TAP,10/25/2022,49.73,50.75,49.50,50.57,9927
TAP,10/24/2022,49.49,50.28,49.26,49.80,7981
TAP,10/21/2022,48.42,49.34,48.20,49.16,9542
TAP,10/20/2022,48.43,48.65,48.00,48.24,9105
TAP,10/19/2022,49.10,49.27,48.25,48.31,9210
TAP,10/18/2022,49.68,49.93,48.82,49.22,10237
TAP,10/17/2022,49.46,49.66,48.92,49.12,10132
TAP,10/14/2022,49.62,49.95,48.64,48.80,8850
TAP,10/13/2022,48.28,49.67,48.02,49.45,11945
TAP,10/12/2022,48.02,49.42,47.76,48.76,14108
TAP,10/11/2022,47.34,48.10,46.82,47.75,9875
TAP,10/10/2022,47.15,47.44,46.91,47.31,8386
TAP,10/07/2022,47.52,47.72,46.68,47.02,10324
TAP,10/06/2022,48.25,48.47,47.53,47.73,8918
TAP,10/05/2022,48.67,48.92,48.01,48.46,10587
TAP,10/04/2022,49.03,49.75,49.00,49.25,9664
TAP,10/03/2022,48.29,48.87,48.01,48.58,10875
TAP,09/30/2022,48.35,48.88,47.95,47.99,14167
TAP,09/29/2022,48.45,48.46,47.39,48.17,13612
TAP,09/28/2022,47.81,48.48,47.40,48.32,10950
TAP,09/27/2022,47.94,48.25,47.33,47.59,12534
TAP,09/26/2022,47.31,47.76,46.99,47.49,14593
TAP,09/23/2022,48.26,48.44,46.85,47.68,14386
TAP,09/22/2022,49.54,49.63,49.10,49.15,13750
TAP,09/21/2022,50.08,50.55,49.29,49.29,9452
TAP,09/20/2022,50.81,50.81,49.56,49.92,14782
TAP,09/19/2022,50.00,51.28,50.00,51.11,8608
TAP,09/16/2022,50.87,51.08,50.04,50.44,21940
TAP,09/15/2022,50.68,51.38,50.43,50.94,11194
TAP,09/14/2022,51.26,51.58,50.26,50.65,9470
TAP,09/13/2022,52.65,53.03,51.06,51.23,11608
TAP,09/12/2022,52.61,53.43,52.53,53.28,14736
TAP,09/09/2022,52.17,52.71,51.83,52.17,9013
TAP,09/08/2022,52.02,52.06,51.04,51.82,10367
TAP,09/07/2022,51.48,52.31,51.33,52.23,9424
TAP,09/06/2022,52.27,52.44,51.35,51.65,9925
TAP,09/02/2022,51.94,52.59,51.48,51.70,11358
TAP,09/01/2022,50.65,51.56,50.45,51.37,13575
TAP,08/31/2022,52.34,52.61,51.40,51.67,18207
TAP,08/30/2022,53.40,53.56,52.19,52.25,13486
TAP,08/29/2022,53.57,53.75,53.10,53.21,10171
TAP,08/26/2022,55.70,55.90,53.83,53.87,9720
TAP,08/25/2022,56.63,56.87,55.50,55.67,11805
TAP,08/24/2022,55.97,56.72,55.62,56.62,8829
TAP,08/23/2022,55.57,56.00,55.48,55.88,7554
TAP,08/22/2022,55.75,55.84,55.23,55.33,8241
TAP,08/19/2022,55.83,56.29,55.45,56.09,9368
TAP,08/18/2022,55.61,56.27,55.23,56.12,10183
TAP,08/17/2022,56.04,56.35,55.17,55.68,13551
TAP,08/16/2022,56.44,56.76,56.16,56.48,11903
TAP,08/15/2022,56.41,56.75,56.04,56.46,9860
TAP,08/12/2022,56.85,57.06,56.11,56.71,10751
TAP,08/11/2022,55.99,57.59,55.71,56.70,12740
TAP,08/10/2022,55.44,56.26,55.16,55.72,11409
TAP,08/09/2022,55.00,55.20,54.67,55.13,12188
TAP,08/08/2022,54.12,55.24,54.10,54.64,13689
TAP,08/05/2022,52.94,54.09,52.59,54.07,12425
TAP,08/04/2022,53.92,54.34,52.84,52.91,20759
TAP,08/03/2022,53.45,55.32,53.45,54.19,27815
TAP,08/02/2022,57.01,57.14,53.14,53.44,62044
TAP,08/01/2022,59.49,60.12,59.32,59.68,18710
TAP,07/29/2022,59.00,59.85,58.53,59.75,15759
TAP,07/28/2022,58.61,59.18,57.84,59.04,18302
TAP,07/27/2022,58.08,59.08,57.42,58.92,11946
TAP,07/26/2022,57.97,58.53,57.77,58.12,11619
TAP,07/25/2022,58.11,58.53,57.49,58.22,14705
TAP,07/22/2022,56.96,58.17,56.81,57.91,18332
TAP,07/21/2022,57.59,57.63,56.83,57.18,15420
TAP,07/20/2022,58.38,58.73,57.61,57.89,13431
TAP,07/19/2022,58.62,59.00,58.21,58.57,14109
TAP,07/18/2022,58.80,59.38,57.91,58.11,17992
TAP,07/15/2022,58.62,58.94,57.97,58.64,16741
TAP,07/14/2022,57.30,58.27,56.94,58.18,16350
TAP,07/13/2022,57.50,58.66,57.47,58.25,18798
TAP,07/12/2022,56.04,58.42,56.03,57.40,22933
TAP,07/11/2022,55.20,56.46,55.20,56.06,14771
TAP,07/08/2022,54.86,55.85,54.57,55.50,15248
TAP,07/07/2022,55.24,55.46,54.45,54.63,11838
TAP,07/06/2022,55.36,55.69,54.29,55.23,13830
TAP,07/05/2022,55.11,55.53,54.29,55.34,17659
TAP,07/01/2022,54.48,55.76,54.19,55.62,11488
TAP,06/30/2022,54.83,55.06,54.14,54.51,14127
TAP,06/29/2022,55.74,56.24,54.78,55.36,13382
TAP,06/28/2022,56.60,57.75,55.56,55.76,15842
TAP,06/27/2022,55.74,55.98,55.22,55.38,11853
TAP,06/24/2022,54.22,56.13,53.91,55.77,16327
TAP,06/23/2022,52.72,53.88,52.61,53.80,15132
TAP,06/22/2022,51.59,52.95,51.50,52.72,12903
TAP,06/21/2022,49.89,52.37,49.85,52.21,17535
TAP,06/17/2022,50.77,50.89,49.46,50.37,36915
TAP,06/16/2022,51.01,51.09,50.29,50.46,16276
TAP,06/15/2022,51.83,52.30,51.23,51.82,13221
TAP,06/14/2022,50.65,51.60,50.41,51.36,15804
TAP,06/13/2022,51.69,52.15,50.31,50.63,15685
TAP,06/10/2022,51.52,52.85,51.08,52.34,9057
TAP,06/09/2022,53.96,54.24,52.41,52.41,7883
TAP,06/08/2022,54.39,54.91,53.87,53.93,7038
TAP,06/07/2022,53.73,54.77,53.60,54.65,9313
TAP,06/06/2022,53.97,54.25,53.48,54.06,9527
TAP,06/03/2022,53.98,54.08,53.43,53.56,9430
TAP,06/02/2022,54.44,54.44,52.81,53.98,11460
TAP,06/01/2022,55.98,56.13,53.29,54.72,15945
TAP,05/31/2022,54.95,56.01,54.27,55.84,26528
TAP,05/27/2022,54.53,55.51,54.38,55.15,16287
TAP,05/26/2022,54.75,55.00,54.20,54.53,13241
TAP,05/25/2022,53.83,54.54,53.47,54.33,12133
TAP,05/24/2022,52.13,53.80,51.84,53.73,12925
TAP,05/23/2022,51.96,52.50,51.43,52.12,12012
TAP,05/20/2022,51.20,52.00,50.04,51.23,16160
TAP,05/19/2022,51.77,51.98,50.32,50.78,21434
TAP,05/18/2022,55.33,55.45,52.33,52.44,18556
TAP,05/17/2022,56.25,56.44,54.58,55.85,17376
TAP,05/16/2022,55.89,56.94,55.70,56.76,9182
TAP,05/13/2022,56.07,56.47,55.55,55.93,12494
TAP,05/12/2022,55.87,56.28,54.67,55.57,20483
TAP,05/11/2022,55.21,56.96,55.21,55.82,20649
TAP,05/10/2022,53.82,54.86,53.66,54.84,18184
TAP,05/09/2022,52.88,54.11,52.37,53.67,17631
TAP,05/06/2022,52.70,53.49,52.44,53.14,10069
TAP,05/05/2022,52.76,53.40,52.36,52.64,13659
TAP,05/04/2022,52.68,53.42,51.23,53.24,23381
TAP,05/03/2022,54.95,56.45,52.05,52.69,32261
TAP,05/02/2022,54.52,54.98,53.40,54.32,20735
TAP,04/29/2022,55.22,55.50,53.97,54.14,16392
TAP,04/28/2022,54.20,55.21,53.75,55.10,13808
TAP,04/27/2022,54.17,55.03,53.33,54.23,11178
TAP,04/26/2022,54.31,54.73,53.94,54.17,10393
TAP,04/25/2022,53.75,54.48,52.53,54.44,13081
TAP,04/22/2022,55.51,55.69,53.72,53.77,11452
TAP,04/21/2022,56.95,57.45,55.80,55.87,13399
TAP,04/20/2022,56.08,57.17,55.96,56.78,10025
TAP,04/19/2022,55.81,56.30,55.71,55.87,9959
TAP,04/18/2022,55.71,56.40,55.34,55.63,14990
TAP,04/14/2022,54.50,55.81,54.50,55.61,23296
TAP,04/13/2022,53.64,54.56,53.64,54.29,12573
TAP,04/12/2022,52.88,53.74,52.65,53.67,12982
TAP,04/11/2022,51.81,53.64,51.80,52.84,12197
TAP,04/08/2022,50.93,51.74,50.59,51.56,11336
TAP,04/07/2022,50.66,50.88,49.77,50.49,15149
TAP,04/06/2022,51.30,51.66,50.52,50.76,13679
TAP,04/05/2022,51.69,52.40,51.29,51.39,12926
TAP,04/04/2022,52.25,52.38,50.75,52.07,12782
TAP,04/01/2022,53.39,53.55,51.52,52.42,11879
TAP,03/31/2022,53.94,54.50,53.36,53.38,11569
TAP,03/30/2022,53.95,54.31,53.87,54.30,8606
TAP,03/29/2022,53.87,54.66,53.20,54.07,9062
TAP,03/28/2022,53.96,53.96,52.76,53.35,8485
TAP,03/25/2022,53.01,53.98,52.94,53.96,7275
TAP,03/24/2022,52.63,52.93,52.33,52.92,7284
TAP,03/23/2022,53.04,53.39,52.49,52.50,9373
TAP,03/22/2022,53.00,53.14,52.16,52.88,8763
TAP,03/21/2022,53.16,53.92,52.49,52.65,14294
TAP,03/18/2022,52.30,53.11,51.71,52.96,24670
TAP,03/17/2022,51.98,52.68,51.32,52.39,12030
TAP,03/16/2022,51.14,52.19,50.88,52.13,14049
TAP,03/15/2022,51.14,51.38,50.36,50.85,12217
TAP,03/14/2022,51.50,51.54,50.28,50.81,13303
TAP,03/11/2022,50.75,51.58,50.75,50.82,14336
TAP,03/10/2022,51.92,52.10,50.02,50.34,19542
TAP,03/09/2022,53.01,53.81,51.85,52.48,27724
TAP,03/08/2022,52.18,52.86,50.88,51.95,33936
TAP,03/07/2022,50.39,52.43,50.26,51.56,33961
TAP,03/04/2022,49.73,50.91,49.65,50.87,19148
TAP,03/03/2022,51.61,51.84,50.73,51.12,11998
TAP,03/02/2022,50.60,51.46,50.27,51.21,22296
TAP,03/01/2022,51.76,52.06,49.12,50.40,28186
TAP,02/28/2022,51.31,52.30,51.14,52.18,19112
TAP,02/25/2022,50.19,52.95,49.93,52.92,36531
TAP,02/24/2022,50.76,50.93,47.64,49.42,35861
TAP,02/23/2022,49.25,51.24,48.29,50.81,43230
TAP,02/22/2022,48.82,49.17,48.54,48.59,24137
TAP,02/18/2022,48.47,49.51,48.47,49.00,10034
TAP,02/17/2022,49.14,49.36,48.45,48.75,10595
TAP,02/16/2022,49.45,50.36,49.15,49.44,9192
TAP,02/15/2022,49.44,50.17,49.28,49.52,9720
TAP,02/14/2022,50.07,50.12,48.69,49.41,11657
