TXT,06/23/2023,64.73,64.99,64.45,64.88,761
TXT,06/22/2023,66.15,66.50,65.40,65.45,10328
TXT,06/21/2023,65.78,66.75,65.55,66.56,9635
TXT,06/20/2023,66.11,66.14,65.38,66.06,10555
TXT,06/16/2023,66.91,67.05,65.97,66.64,28888
TXT,06/15/2023,65.25,66.44,65.00,66.43,10353
TXT,06/14/2023,66.28,66.58,65.00,65.29,9329
TXT,06/13/2023,65.85,66.49,65.63,66.10,8096
TXT,06/12/2023,65.34,65.91,64.86,65.72,11303
TXT,06/09/2023,65.38,66.00,65.09,65.29,10573
TXT,06/08/2023,65.48,65.94,64.78,65.21,8504
TXT,06/07/2023,63.75,65.76,63.47,65.69,12377
TXT,06/06/2023,63.06,64.06,63.05,63.60,10199
TXT,06/05/2023,64.02,64.02,62.88,63.29,11773
TXT,06/02/2023,62.95,64.43,62.92,64.05,10898
TXT,06/01/2023,62.22,62.71,61.86,62.31,9609
TXT,05/31/2023,62.75,62.89,61.27,61.87,18777
TXT,05/30/2023,62.91,63.20,62.42,63.08,7875
TXT,05/26/2023,62.55,63.03,62.43,62.81,8626
TXT,05/25/2023,62.09,62.77,61.90,62.52,13766
TXT,05/24/2023,62.53,62.97,62.11,62.27,15679
TXT,05/23/2023,64.39,64.89,63.89,63.97,11655
TXT,05/22/2023,64.38,64.89,63.63,64.77,8341
TXT,05/19/2023,65.92,65.92,64.38,64.47,11432
TXT,05/18/2023,64.49,65.40,64.31,65.28,10269
TXT,05/17/2023,63.82,64.48,63.54,64.41,10964
TXT,05/16/2023,63.86,63.99,63.22,63.23,9011
TXT,05/15/2023,63.52,64.33,63.35,64.14,11864
TXT,05/12/2023,64.79,64.79,62.91,63.29,17323
TXT,05/11/2023,64.34,64.62,63.87,64.43,10396
TXT,05/10/2023,65.87,65.87,64.17,64.78,14897
TXT,05/09/2023,65.65,65.65,65.16,65.35,10308
TXT,05/08/2023,66.66,66.75,65.37,65.71,10261
TXT,05/05/2023,65.89,66.50,65.77,66.15,12701
TXT,05/04/2023,66.36,66.36,64.46,65.36,12312
TXT,05/03/2023,67.79,67.92,66.61,66.65,12326
TXT,05/02/2023,66.83,67.51,65.88,67.39,21226
TXT,05/01/2023,66.88,68.30,66.76,67.05,16274
TXT,04/28/2023,65.60,67.43,65.60,66.94,26277
TXT,04/27/2023,65.02,65.79,62.88,65.56,24769
TXT,04/26/2023,66.90,67.00,65.34,65.56,18982
TXT,04/25/2023,67.47,67.94,67.14,67.20,12300
TXT,04/24/2023,67.92,68.33,67.66,68.00,13796
TXT,04/21/2023,68.96,68.96,67.71,67.93,13225
TXT,04/20/2023,68.47,68.93,68.36,68.75,13708
TXT,04/19/2023,69.23,69.32,68.43,68.91,10661
TXT,04/18/2023,69.63,70.10,69.22,69.34,11121
TXT,04/17/2023,68.63,69.31,68.62,69.23,12351
TXT,04/14/2023,68.00,68.73,68.00,68.59,13082
TXT,04/13/2023,67.84,68.45,67.20,68.36,18757
TXT,04/12/2023,68.76,68.91,67.30,67.67,15304
TXT,04/11/2023,68.90,68.96,68.26,68.32,11256
TXT,04/10/2023,67.62,68.46,67.61,68.40,13232
TXT,04/06/2023,67.74,68.36,67.25,67.71,15559
TXT,04/05/2023,68.56,68.80,67.61,67.89,15025
TXT,04/04/2023,71.00,71.00,68.79,69.08,13018
TXT,04/03/2023,70.54,71.57,70.40,70.93,9243
TXT,03/31/2023,70.82,70.90,70.14,70.63,10144
TXT,03/30/2023,70.83,71.01,70.14,70.30,12886
TXT,03/29/2023,70.25,70.54,69.88,70.36,11187
TXT,03/28/2023,68.61,69.85,68.47,69.58,11949
TXT,03/27/2023,68.72,68.97,67.95,68.72,9390
TXT,03/24/2023,66.67,67.91,66.26,67.74,10277
TXT,03/23/2023,67.51,68.30,66.97,67.34,13120
TXT,03/22/2023,68.56,69.46,67.43,67.47,12837
TXT,03/21/2023,68.57,69.40,68.43,68.70,12547
TXT,03/20/2023,66.74,67.74,66.11,67.24,15912
TXT,03/17/2023,66.92,67.22,65.77,66.19,38298
TXT,03/16/2023,65.50,67.91,65.37,67.46,12525
TXT,03/15/2023,66.61,66.74,65.17,66.16,15492
TXT,03/14/2023,68.77,69.39,67.55,68.19,11882
TXT,03/13/2023,67.93,68.00,66.52,67.13,16860
TXT,03/10/2023,70.70,70.93,68.75,69.26,15933
TXT,03/09/2023,73.52,73.52,70.69,71.01,16518
TXT,03/08/2023,73.25,73.59,72.23,73.08,10780
TXT,03/07/2023,73.64,74.10,73.04,73.23,11595
TXT,03/06/2023,74.50,74.84,73.09,73.55,14946
TXT,03/03/2023,74.89,75.09,74.32,74.60,17756
TXT,03/02/2023,72.75,74.51,72.53,74.48,11481
TXT,03/01/2023,72.31,73.64,72.06,73.19,19986
TXT,02/28/2023,73.00,73.20,72.28,72.53,17822
TXT,02/27/2023,74.07,74.40,72.97,73.06,13680
TXT,02/24/2023,72.70,73.73,72.54,73.56,8660
TXT,02/23/2023,74.05,74.63,72.95,73.74,10600
TXT,02/22/2023,73.52,74.55,73.34,73.67,13192
TXT,02/21/2023,74.66,74.72,72.87,73.36,17102
TXT,02/17/2023,74.50,74.95,74.11,74.81,16491
TXT,02/16/2023,73.78,74.95,73.63,74.55,9067
TXT,02/15/2023,74.08,74.76,73.86,74.70,12383
TXT,02/14/2023,74.44,75.21,74.07,74.59,13294
TXT,02/13/2023,74.11,74.87,73.95,74.82,9797
TXT,02/10/2023,73.62,73.91,73.03,73.78,11670
TXT,02/09/2023,74.77,75.13,73.81,73.88,13672
TXT,02/08/2023,74.28,74.71,73.76,74.23,9983
TXT,02/07/2023,73.92,75.15,73.67,75.03,10960
TXT,02/06/2023,73.94,74.73,73.72,74.06,10715
TXT,02/03/2023,75.16,76.11,74.21,74.44,12397
TXT,02/02/2023,74.83,76.10,74.15,75.73,18931
TXT,02/01/2023,72.40,74.68,72.26,74.55,24858
TXT,01/31/2023,70.77,72.86,70.55,72.85,18932
TXT,01/30/2023,72.16,72.48,70.52,70.60,16082
TXT,01/27/2023,72.02,72.78,71.71,72.28,12645
TXT,01/26/2023,71.13,72.16,69.95,72.12,18579
TXT,01/25/2023,70.91,71.20,68.60,70.15,24555
TXT,01/24/2023,68.00,75.18,68.00,69.60,16907
TXT,01/23/2023,68.29,69.44,68.22,68.98,12589
TXT,01/20/2023,66.89,68.14,66.63,67.85,16057
TXT,01/19/2023,67.77,67.98,66.37,66.42,15929
TXT,01/18/2023,69.83,70.13,68.25,68.33,24283
TXT,01/17/2023,70.25,70.52,69.27,69.38,16324
TXT,01/13/2023,70.26,70.84,69.86,70.25,11124
TXT,01/12/2023,71.10,71.83,70.74,71.44,7811
TXT,01/11/2023,71.13,71.38,70.12,70.80,15960
TXT,01/10/2023,70.17,70.85,69.86,70.84,10453
TXT,01/09/2023,72.15,72.34,70.30,70.51,8678
TXT,01/06/2023,70.62,72.05,70.62,71.85,10953
TXT,01/05/2023,70.48,70.92,69.92,70.07,10383
TXT,01/04/2023,70.32,71.40,70.13,71.06,8621
TXT,01/03/2023,70.91,71.10,69.85,70.26,8184
TXT,12/30/2022,70.83,71.14,70.02,70.80,10089
TXT,12/29/2022,70.43,71.49,70.14,71.22,9111
TXT,12/28/2022,70.99,71.10,69.86,69.94,9062
TXT,12/27/2022,70.55,71.04,70.10,70.75,7921
TXT,12/23/2022,69.89,70.61,69.72,70.41,6575
TXT,12/22/2022,70.33,70.80,69.02,70.07,12890
TXT,12/21/2022,70.12,71.33,69.91,71.09,12835
TXT,12/20/2022,69.41,70.18,69.07,69.54,14960
TXT,12/19/2022,70.06,70.67,68.99,69.28,11906
TXT,12/16/2022,68.96,70.30,68.69,70.00,29439
TXT,12/15/2022,71.26,71.49,69.67,69.73,14310
TXT,12/14/2022,72.05,73.24,71.76,72.02,12480
TXT,12/13/2022,73.83,73.83,71.47,71.93,14290
TXT,12/12/2022,71.51,72.48,71.23,72.21,18962
TXT,12/09/2022,72.96,73.26,71.59,71.71,16697
TXT,12/08/2022,73.02,73.79,72.66,73.00,14390
TXT,12/07/2022,73.36,73.85,72.55,72.57,17340
TXT,12/06/2022,75.39,75.97,72.75,73.57,45364
TXT,12/05/2022,70.63,70.95,69.62,69.90,14382
TXT,12/02/2022,69.73,71.34,69.67,71.30,11052
TXT,12/01/2022,71.74,72.20,70.80,70.86,8878
TXT,11/30/2022,70.27,72.50,69.06,71.38,21599
TXT,11/29/2022,69.59,70.60,69.59,70.33,7988
TXT,11/28/2022,70.59,70.85,69.35,69.64,14798
TXT,11/25/2022,71.34,71.50,70.88,71.48,2989
TXT,11/23/2022,71.18,71.50,70.78,71.15,7050
TXT,11/22/2022,71.05,71.44,70.60,71.07,8884
TXT,11/21/2022,69.80,70.66,69.52,70.53,7163
TXT,11/18/2022,70.40,70.66,69.70,70.07,10372
TXT,11/17/2022,68.49,69.59,68.25,69.39,9048
TXT,11/16/2022,69.99,70.73,69.48,69.65,8562
TXT,11/15/2022,70.31,70.64,69.69,70.20,15812
TXT,11/14/2022,70.43,71.14,69.38,69.38,12252
TXT,11/11/2022,71.19,72.05,70.75,70.88,11833
TXT,11/10/2022,70.56,71.61,70.00,71.52,15026
TXT,11/09/2022,68.41,69.30,68.17,68.30,9426
TXT,11/08/2022,69.31,69.47,68.14,68.99,9455
TXT,11/07/2022,68.86,69.18,68.12,69.00,9850
TXT,11/04/2022,67.80,68.61,66.84,68.52,11862
TXT,11/03/2022,66.38,68.11,66.07,66.77,11935
TXT,11/02/2022,68.05,69.42,67.09,67.20,11397
TXT,11/01/2022,69.23,69.26,68.14,68.51,10456
TXT,10/31/2022,67.57,69.23,67.29,68.44,14684
TXT,10/28/2022,65.97,68.74,65.57,68.50,18028
TXT,10/27/2022,65.35,66.68,64.81,65.84,17270
TXT,10/26/2022,64.68,65.78,64.20,64.52,16756
TXT,10/25/2022,63.09,64.51,63.09,64.37,13787
TXT,10/24/2022,63.51,64.04,62.81,63.34,11414
TXT,10/21/2022,60.95,63.11,60.54,62.94,15776
TXT,10/20/2022,62.00,62.44,60.79,60.94,12373
TXT,10/19/2022,62.19,62.48,61.35,61.84,16031
TXT,10/18/2022,63.20,63.75,62.17,62.55,15137
TXT,10/17/2022,61.27,62.04,61.11,61.75,13066
TXT,10/14/2022,62.20,62.63,59.74,59.84,10491
TXT,10/13/2022,59.31,62.14,58.80,61.75,12638
TXT,10/12/2022,61.24,61.42,60.18,60.46,13572
TXT,10/11/2022,61.35,62.59,60.66,61.41,10095
TXT,10/10/2022,61.99,62.27,60.81,61.43,10099
TXT,10/07/2022,61.89,62.08,60.67,61.30,13533
TXT,10/06/2022,62.80,64.00,62.57,62.63,14643
TXT,10/05/2022,62.60,63.96,62.44,63.32,12092
TXT,10/04/2022,61.96,63.61,61.80,63.59,10674
TXT,10/03/2022,59.19,60.94,59.09,60.48,18427
TXT,09/30/2022,58.90,59.80,58.13,58.26,21428
TXT,09/29/2022,59.71,59.92,58.29,59.05,13864
TXT,09/28/2022,59.50,60.89,58.82,60.52,15391
TXT,09/27/2022,59.11,59.90,58.03,58.89,13923
TXT,09/26/2022,59.15,59.85,58.34,58.36,13174
TXT,09/23/2022,60.26,60.34,58.49,59.43,14786
TXT,09/22/2022,61.68,61.78,60.09,61.07,10069
TXT,09/21/2022,63.29,63.91,61.53,61.54,13209
TXT,09/20/2022,63.57,63.65,61.89,62.25,17873
TXT,09/19/2022,62.35,64.49,62.29,64.09,12630
TXT,09/16/2022,63.14,63.21,61.89,62.83,30500
TXT,09/15/2022,63.88,64.84,63.57,64.07,11822
TXT,09/14/2022,63.35,64.31,62.08,64.00,11453
TXT,09/13/2022,65.31,66.01,63.25,63.29,12415
TXT,09/12/2022,66.35,67.19,66.02,67.15,11892
TXT,09/09/2022,64.50,65.93,64.33,65.89,10715
TXT,09/08/2022,63.49,64.21,62.98,64.14,8151
TXT,09/07/2022,61.77,64.06,61.77,64.01,8731
TXT,09/06/2022,62.10,62.51,61.42,61.93,12706
TXT,09/02/2022,62.90,63.41,61.48,61.85,7495
TXT,09/01/2022,61.73,62.11,60.79,62.02,11831
TXT,08/31/2022,63.78,63.94,62.33,62.38,15952
TXT,08/30/2022,64.62,64.77,63.28,63.44,8189
TXT,08/29/2022,63.99,65.02,63.74,64.39,8061
TXT,08/26/2022,67.22,67.37,64.59,64.62,6658
TXT,08/25/2022,65.78,67.01,65.59,66.96,7077
TXT,08/24/2022,65.00,65.44,64.75,65.31,7175
TXT,08/23/2022,64.55,65.42,64.43,64.78,6081
TXT,08/22/2022,65.00,65.15,64.52,64.58,9221
TXT,08/19/2022,67.31,67.39,65.89,66.05,13683
TXT,08/18/2022,67.83,68.31,67.50,68.00,8509
TXT,08/17/2022,67.46,67.86,66.99,67.67,10974
TXT,08/16/2022,68.13,68.71,67.88,68.49,8096
TXT,08/15/2022,67.50,68.37,67.50,68.33,6538
TXT,08/12/2022,67.40,68.10,67.02,68.08,7750
TXT,08/11/2022,67.68,68.53,66.97,67.04,10433
TXT,08/10/2022,65.72,67.09,65.59,67.01,8869
TXT,08/09/2022,65.02,65.03,64.03,64.43,6599
TXT,08/08/2022,65.08,65.69,64.73,64.88,7362
TXT,08/05/2022,63.65,64.67,63.65,64.40,7037
TXT,08/04/2022,65.65,65.65,64.37,64.41,9154
TXT,08/03/2022,65.03,65.95,64.01,65.55,9496
TXT,08/02/2022,65.19,66.01,64.67,64.86,8637
TXT,08/01/2022,65.25,66.07,64.67,65.76,9577
TXT,07/29/2022,64.50,65.96,63.76,65.64,12363
TXT,07/28/2022,66.10,66.73,63.59,64.78,17491
TXT,07/27/2022,64.31,65.57,63.84,65.20,9775
TXT,07/26/2022,64.20,64.42,63.49,63.72,7379
TXT,07/25/2022,63.99,64.72,63.47,64.30,7450
TXT,07/22/2022,64.73,64.94,63.50,63.83,6656
TXT,07/21/2022,63.84,64.48,63.17,64.44,8187
TXT,07/20/2022,63.17,64.27,62.55,64.00,7725
TXT,07/19/2022,60.72,63.34,60.67,63.17,12390
TXT,07/18/2022,61.11,61.65,59.81,60.13,9715
TXT,07/15/2022,60.24,60.52,59.47,60.15,6550
TXT,07/14/2022,58.61,59.22,57.96,59.06,8202
TXT,07/13/2022,59.66,60.66,59.46,59.96,8939
TXT,07/12/2022,60.08,62.05,60.08,60.89,8050
TXT,07/11/2022,60.50,61.00,60.27,60.33,10084
TXT,07/08/2022,61.60,61.68,60.60,61.06,9211
TXT,07/07/2022,60.82,61.89,60.67,61.63,7654
TXT,07/06/2022,59.74,60.56,58.78,60.26,9559
TXT,07/05/2022,59.60,59.61,58.10,59.57,11249
TXT,07/01/2022,60.68,61.99,59.91,61.11,10985
TXT,06/30/2022,59.08,61.41,58.53,61.07,15129
TXT,06/29/2022,60.13,60.30,58.56,59.91,12061
TXT,06/28/2022,61.30,62.26,59.98,60.05,12151
TXT,06/27/2022,60.91,61.26,59.95,60.79,8880
TXT,06/24/2022,58.91,60.68,58.51,60.62,13767
TXT,06/23/2022,58.88,59.74,57.24,58.23,10441
TXT,06/22/2022,58.36,59.83,58.31,58.99,11891
TXT,06/21/2022,60.00,60.04,58.97,59.66,10564
TXT,06/17/2022,58.04,59.29,57.11,58.80,27883
TXT,06/16/2022,59.85,60.08,57.62,57.93,13487
TXT,06/15/2022,61.14,62.15,60.47,61.34,12916
TXT,06/14/2022,60.22,60.68,59.65,60.19,13603
TXT,06/13/2022,61.20,61.27,59.38,60.01,14554
TXT,06/10/2022,65.05,65.57,62.91,62.94,15110
TXT,06/09/2022,67.62,67.62,66.72,66.82,11603
TXT,06/08/2022,67.89,68.58,67.74,67.85,10656
TXT,06/07/2022,66.83,68.79,66.48,68.71,9732
TXT,06/06/2022,66.99,67.77,66.62,67.34,7020
TXT,06/03/2022,66.10,66.86,65.73,66.58,7402
TXT,06/02/2022,65.66,66.80,65.23,66.74,8547
TXT,06/01/2022,65.71,66.30,64.11,65.31,9527
TXT,05/31/2022,65.03,66.12,64.33,65.29,18291
TXT,05/27/2022,65.01,66.06,64.64,66.04,8766
TXT,05/26/2022,63.27,64.78,62.82,64.34,12691
TXT,05/25/2022,62.96,63.58,61.71,62.60,17564
TXT,05/24/2022,63.89,64.09,62.04,63.40,11443
TXT,05/23/2022,63.56,64.52,62.56,64.22,13003
TXT,05/20/2022,63.41,63.59,60.71,62.49,15809
TXT,05/19/2022,62.84,63.94,62.28,62.76,13110
TXT,05/18/2022,64.93,65.41,63.27,63.65,13621
TXT,05/17/2022,64.39,65.74,64.23,65.67,9755
TXT,05/16/2022,63.12,63.90,62.54,63.09,11193
TXT,05/13/2022,62.78,64.10,62.42,63.36,14191
TXT,05/12/2022,61.81,62.97,60.36,61.95,21797
TXT,05/11/2022,64.33,65.68,62.12,62.25,13360
TXT,05/10/2022,65.12,65.61,63.24,64.23,14084
TXT,05/09/2022,67.31,67.63,63.92,64.28,17804
TXT,05/06/2022,69.23,69.65,67.65,68.54,8912
TXT,05/05/2022,71.43,71.85,68.94,69.72,9438
TXT,05/04/2022,70.00,72.30,69.65,72.22,11246
TXT,05/03/2022,70.49,71.65,69.32,69.67,15407
TXT,05/02/2022,69.32,70.74,68.59,70.07,14972
TXT,04/29/2022,71.85,72.03,68.77,69.25,21029
TXT,04/28/2022,69.83,72.52,68.31,72.05,21172
TXT,04/27/2022,66.41,67.73,66.14,66.72,12554
TXT,04/26/2022,67.94,68.37,66.48,66.53,10883
TXT,04/25/2022,67.34,68.39,65.37,68.33,16875
TXT,04/22/2022,68.55,69.03,67.76,67.89,10942
TXT,04/21/2022,72.00,72.63,68.77,69.11,12134
TXT,04/20/2022,70.68,71.91,70.53,71.16,7997
TXT,04/19/2022,68.85,70.26,68.79,70.09,8176
TXT,04/18/2022,68.62,69.64,68.08,68.50,11453
TXT,04/14/2022,69.49,69.98,68.48,68.65,10470
TXT,04/13/2022,67.92,69.31,67.92,69.20,11872
TXT,04/12/2022,67.92,69.12,67.43,67.68,10861
TXT,04/11/2022,68.30,69.23,67.72,67.83,9410
TXT,04/08/2022,69.65,70.38,68.04,68.29,12750
TXT,04/07/2022,70.20,70.42,69.32,69.90,13082
TXT,04/06/2022,70.21,70.91,69.34,70.38,13014
TXT,04/05/2022,72.00,72.88,70.76,70.87,10195
TXT,04/04/2022,73.00,73.14,72.08,72.44,9513
TXT,04/01/2022,74.99,74.99,72.13,73.03,15629
TXT,03/31/2022,74.95,75.47,74.24,74.38,14251
TXT,03/30/2022,75.82,76.11,74.70,75.20,9816
TXT,03/29/2022,75.18,76.08,74.42,76.01,15139
TXT,03/28/2022,75.09,75.46,74.20,74.73,9485
TXT,03/25/2022,74.95,75.67,74.65,75.21,6407
TXT,03/24/2022,73.76,74.84,73.24,74.66,9736
TXT,03/23/2022,74.41,75.00,73.37,73.59,8016
TXT,03/22/2022,75.76,75.90,74.35,75.09,10898
TXT,03/21/2022,74.94,75.95,74.17,75.29,11930
TXT,03/18/2022,75.05,75.64,73.93,75.15,23437
TXT,03/17/2022,73.06,75.15,72.91,75.13,13296
TXT,03/16/2022,72.00,74.10,71.93,73.58,14531
TXT,03/15/2022,70.60,72.09,70.02,71.80,8395
TXT,03/14/2022,70.35,70.57,69.35,69.89,8991
TXT,03/11/2022,70.40,70.88,69.11,69.19,9416
TXT,03/10/2022,68.54,69.73,68.28,69.56,7819
TXT,03/09/2022,68.84,70.77,68.53,70.03,14122
TXT,03/08/2022,68.52,70.07,67.40,67.60,16454
TXT,03/07/2022,71.33,71.93,67.89,67.98,13992
TXT,03/04/2022,71.33,71.67,69.66,71.23,9153
TXT,03/03/2022,73.85,73.97,71.66,72.35,10232
TXT,03/02/2022,72.19,73.73,71.50,73.42,13893
TXT,03/01/2022,73.00,73.00,69.90,71.07,13281
TXT,02/28/2022,71.28,73.41,70.64,73.13,19602
TXT,02/25/2022,69.48,71.82,69.34,71.48,10400
TXT,02/24/2022,66.83,69.76,65.98,69.50,15006
TXT,02/23/2022,68.90,69.63,68.52,68.56,19353
TXT,02/22/2022,69.79,69.86,67.58,68.06,17481
TXT,02/18/2022,70.00,70.96,69.29,69.52,14839
TXT,02/17/2022,71.60,71.70,69.89,70.11,8274
TXT,02/16/2022,70.15,72.36,70.15,72.20,16543
TXT,02/15/2022,69.52,70.99,69.36,70.54,10661
TXT,02/14/2022,69.65,70.20,67.81,68.56,11383
