UGI,06/23/2023,26.88,27.00,26.68,26.87,1587
UGI,06/22/2023,26.82,26.95,26.50,26.93,18492
UGI,06/21/2023,27.12,27.24,26.53,26.78,16755
UGI,06/20/2023,27.61,27.63,27.14,27.34,18401
UGI,06/16/2023,28.11,28.15,27.66,27.80,30726
UGI,06/15/2023,27.54,28.00,27.38,27.97,21089
UGI,06/14/2023,28.42,28.71,27.60,27.70,24826
UGI,06/13/2023,29.09,29.41,28.64,28.76,23456
UGI,06/12/2023,29.34,29.72,28.97,29.12,21170
UGI,06/09/2023,29.56,29.64,29.27,29.38,13932
UGI,06/08/2023,29.54,29.74,29.32,29.56,21570
UGI,06/07/2023,28.48,29.76,28.18,29.65,18513
UGI,06/06/2023,27.61,28.42,27.50,28.41,17415
UGI,06/05/2023,27.97,28.03,27.39,27.58,20936
UGI,06/02/2023,27.89,28.33,27.69,28.06,31284
UGI,06/01/2023,28.20,28.32,27.68,27.78,16552
UGI,05/31/2023,28.07,28.23,27.52,27.97,94285
UGI,05/30/2023,28.51,28.60,28.07,28.25,20232
UGI,05/26/2023,27.96,28.38,27.80,28.30,20291
UGI,05/25/2023,27.85,27.90,27.00,27.55,25562
UGI,05/24/2023,28.16,28.29,27.66,27.82,45010
UGI,05/23/2023,28.39,28.55,28.06,28.23,29660
UGI,05/22/2023,28.19,28.60,27.94,28.36,19702
UGI,05/19/2023,28.31,28.35,27.73,28.03,13840
UGI,05/18/2023,27.95,28.15,27.63,28.02,16772
UGI,05/17/2023,27.40,28.23,27.27,28.22,20681
UGI,05/16/2023,28.17,28.29,27.23,27.27,15793
UGI,05/15/2023,28.73,28.84,28.14,28.27,14699
UGI,05/12/2023,28.91,29.15,28.49,28.72,11543
UGI,05/11/2023,29.40,29.53,28.70,28.77,16761
UGI,05/10/2023,30.00,30.10,29.30,29.65,19223
UGI,05/09/2023,29.88,30.04,29.30,29.59,27245
UGI,05/08/2023,30.50,30.67,30.01,30.10,16155
UGI,05/05/2023,29.97,30.94,29.97,30.50,21119
UGI,05/04/2023,32.04,32.50,29.61,29.69,29478
UGI,05/03/2023,32.55,33.14,32.23,32.25,17817
UGI,05/02/2023,33.72,33.74,32.32,32.67,14207
UGI,05/01/2023,34.00,34.25,33.75,33.82,9501
UGI,04/28/2023,33.83,34.11,33.66,33.88,27666
UGI,04/27/2023,33.25,34.08,33.23,34.02,11634
UGI,04/26/2023,33.57,33.83,33.12,33.16,9300
UGI,04/25/2023,34.20,34.27,33.87,33.90,7848
UGI,04/24/2023,35.02,35.14,34.26,34.43,11697
UGI,04/21/2023,35.18,35.18,34.78,34.99,9382
UGI,04/20/2023,34.81,35.05,34.62,34.97,10918
UGI,04/19/2023,34.46,34.96,34.22,34.92,9730
UGI,04/18/2023,34.70,34.70,34.23,34.59,10887
UGI,04/17/2023,34.57,35.01,34.46,34.89,9199
UGI,04/14/2023,34.78,34.90,34.35,34.55,9610
UGI,04/13/2023,34.93,35.06,34.37,34.83,8166
UGI,04/12/2023,35.37,35.37,34.69,35.03,14186
UGI,04/11/2023,35.00,35.47,34.92,35.34,13488
UGI,04/10/2023,34.67,35.06,34.45,35.00,12331
UGI,04/06/2023,34.75,34.88,34.47,34.72,14151
UGI,04/05/2023,34.16,34.80,34.16,34.75,18040
UGI,04/04/2023,34.30,34.34,33.84,34.09,9648
UGI,04/03/2023,34.72,34.97,34.10,34.18,12037
UGI,03/31/2023,34.22,34.86,34.03,34.76,16894
UGI,03/30/2023,33.94,34.19,33.69,33.96,8239
UGI,03/29/2023,33.84,33.84,33.49,33.69,12631
UGI,03/28/2023,33.52,33.70,33.25,33.50,10060
UGI,03/27/2023,33.54,33.71,33.12,33.56,14446
UGI,03/24/2023,32.29,33.17,32.10,33.17,11604
UGI,03/23/2023,34.08,34.42,32.67,32.68,18817
UGI,03/22/2023,35.22,35.33,34.20,34.27,13211
UGI,03/21/2023,35.67,35.87,35.17,35.42,16241
UGI,03/20/2023,35.30,35.87,35.23,35.49,14792
UGI,03/17/2023,35.57,35.57,34.51,35.03,42891
UGI,03/16/2023,34.41,35.42,34.19,35.15,15863
UGI,03/15/2023,34.98,35.13,34.30,34.66,14442
UGI,03/14/2023,35.46,35.85,35.07,35.46,13153
UGI,03/13/2023,34.68,36.10,34.68,35.03,19485
UGI,03/10/2023,36.20,36.24,34.87,35.12,9496
UGI,03/09/2023,36.80,37.02,36.23,36.24,7494
UGI,03/08/2023,36.78,36.86,36.47,36.76,8010
UGI,03/07/2023,37.14,37.67,36.79,36.87,9768
UGI,03/06/2023,37.56,37.57,36.97,37.11,13307
UGI,03/03/2023,37.46,37.60,37.19,37.60,6771
UGI,03/02/2023,36.93,37.32,36.69,37.30,5978
UGI,03/01/2023,37.00,37.18,36.49,37.06,11587
UGI,02/28/2023,37.52,37.85,37.20,37.23,33770
UGI,02/27/2023,38.13,38.44,37.56,37.70,8684
UGI,02/24/2023,37.74,38.12,37.33,37.71,7460
UGI,02/23/2023,38.27,38.47,37.86,38.06,8515
UGI,02/22/2023,38.14,38.56,37.97,38.00,9197
UGI,02/21/2023,38.74,38.93,38.14,38.15,6150
UGI,02/17/2023,38.50,39.23,38.34,39.15,11437
UGI,02/16/2023,39.16,39.27,38.68,38.70,9287
UGI,02/15/2023,39.02,39.92,38.70,39.62,8594
UGI,02/14/2023,39.76,39.96,39.29,39.45,10824
UGI,02/13/2023,39.32,39.98,39.22,39.95,10917
UGI,02/10/2023,38.48,39.44,38.12,39.37,12401
UGI,02/09/2023,39.80,39.99,38.18,38.52,8461
UGI,02/08/2023,40.16,40.36,39.43,39.70,8384
UGI,02/07/2023,39.97,40.83,39.77,40.65,9041
UGI,02/06/2023,41.84,42.25,39.92,40.14,14279
UGI,02/03/2023,42.46,42.52,40.94,41.98,13990
UGI,02/02/2023,40.89,43.19,40.33,42.62,22012
UGI,02/01/2023,39.56,40.84,39.56,40.48,11026
UGI,01/31/2023,39.27,40.07,38.88,39.83,36743
UGI,01/30/2023,39.50,39.82,39.06,39.10,8029
UGI,01/27/2023,39.67,40.08,39.53,39.81,8337
UGI,01/26/2023,39.93,39.99,39.47,39.66,7831
UGI,01/25/2023,39.21,40.02,39.18,39.77,10199
UGI,01/24/2023,39.86,39.86,39.13,39.48,6449
UGI,01/23/2023,39.49,39.86,39.20,39.75,6207
UGI,01/20/2023,39.08,39.42,38.60,39.41,8364
UGI,01/19/2023,38.86,39.24,38.70,38.90,7824
UGI,01/18/2023,39.75,40.15,38.93,39.16,10366
UGI,01/17/2023,40.41,40.79,40.19,40.49,7478
UGI,01/13/2023,41.21,41.30,40.42,40.72,7356
UGI,01/12/2023,41.20,41.50,40.95,41.45,9087
UGI,01/11/2023,40.66,41.12,40.65,41.01,10381
UGI,01/10/2023,39.92,40.61,39.87,40.45,9095
UGI,01/09/2023,39.46,40.17,39.03,39.95,11829
UGI,01/06/2023,38.65,39.54,38.42,39.46,8753
UGI,01/05/2023,38.23,38.44,37.75,38.12,8683
UGI,01/04/2023,38.37,38.90,38.31,38.63,9855
UGI,01/03/2023,37.44,38.11,37.07,38.05,14741
UGI,12/30/2022,37.36,37.62,36.86,37.07,8192
UGI,12/29/2022,37.22,37.83,37.14,37.64,9581
UGI,12/28/2022,38.01,38.01,37.08,37.08,6997
UGI,12/27/2022,37.33,37.88,37.11,37.82,5660
UGI,12/23/2022,36.93,37.46,36.65,37.33,7262
UGI,12/22/2022,37.34,37.34,36.12,36.84,8646
UGI,12/21/2022,36.63,37.60,36.62,37.58,12592
UGI,12/20/2022,36.68,37.07,36.27,36.36,10755
UGI,12/19/2022,36.67,37.11,36.47,36.79,10979
UGI,12/16/2022,37.59,37.73,36.23,36.69,32234
UGI,12/15/2022,38.56,38.67,37.99,38.05,10364
UGI,12/14/2022,38.80,39.26,38.50,38.84,10447
UGI,12/13/2022,39.58,40.17,38.98,39.08,11679
UGI,12/12/2022,38.39,38.99,38.31,38.98,10329
UGI,12/09/2022,38.18,38.65,38.06,38.36,10616
UGI,12/08/2022,38.80,38.95,38.23,38.34,8232
UGI,12/07/2022,38.50,38.80,38.24,38.73,9484
UGI,12/06/2022,38.86,38.90,37.80,38.54,18421
UGI,12/05/2022,38.70,39.11,38.22,38.60,11985
UGI,12/02/2022,38.26,38.81,37.88,38.72,13564
UGI,12/01/2022,38.78,39.06,38.43,38.60,13992
UGI,11/30/2022,37.87,39.00,37.77,38.65,55668
UGI,11/29/2022,38.20,38.38,37.58,37.84,14073
UGI,11/28/2022,39.11,39.61,38.39,38.43,14590
UGI,11/25/2022,38.97,39.81,38.83,39.71,7604
UGI,11/23/2022,39.59,39.80,38.68,38.94,18415
UGI,11/22/2022,40.84,41.52,40.41,40.43,21460
UGI,11/21/2022,38.81,40.97,38.71,40.84,29999
UGI,11/18/2022,38.08,38.81,36.76,38.61,22307
UGI,11/17/2022,36.54,36.93,36.17,36.64,12608
UGI,11/16/2022,37.87,38.09,36.77,36.93,11724
UGI,11/15/2022,37.72,38.32,37.50,38.07,10621
UGI,11/14/2022,37.23,37.67,36.90,37.32,11169
UGI,11/11/2022,36.81,37.46,36.57,37.29,10001
UGI,11/10/2022,36.12,37.06,36.01,36.69,12541
UGI,11/09/2022,35.26,35.83,35.15,35.19,10229
UGI,11/08/2022,35.42,35.76,35.10,35.44,7399
UGI,11/07/2022,35.03,35.21,34.49,35.21,10965
UGI,11/04/2022,34.81,35.57,34.49,34.94,11489
UGI,11/03/2022,34.28,34.93,33.88,34.67,9545
UGI,11/02/2022,35.43,35.82,34.62,34.70,12321
UGI,11/01/2022,35.44,35.82,35.01,35.63,14024
UGI,10/31/2022,35.05,35.46,34.90,35.33,53211
UGI,10/28/2022,34.57,35.39,34.53,35.22,9570
UGI,10/27/2022,34.45,34.97,34.36,34.58,12230
UGI,10/26/2022,34.25,34.45,33.80,34.06,10002
UGI,10/25/2022,32.77,34.23,32.77,34.07,15308
UGI,10/24/2022,33.00,33.37,32.55,32.84,10138
UGI,10/21/2022,32.73,33.01,32.43,32.80,11313
UGI,10/20/2022,32.79,33.21,32.27,32.53,9837
UGI,10/19/2022,33.18,33.33,32.51,32.60,10003
UGI,10/18/2022,33.45,33.83,33.21,33.60,11185
UGI,10/17/2022,32.65,33.50,32.65,32.99,12738
UGI,10/14/2022,32.86,33.04,32.01,32.28,11189
UGI,10/13/2022,31.37,32.78,31.19,32.59,11464
UGI,10/12/2022,32.74,32.77,31.73,31.76,11668
UGI,10/11/2022,32.59,33.39,32.57,32.80,14692
UGI,10/10/2022,32.50,32.96,32.33,32.60,9302
UGI,10/07/2022,32.54,32.64,32.03,32.33,13082
UGI,10/06/2022,33.14,33.29,32.52,32.59,10746
UGI,10/05/2022,33.64,33.88,32.69,33.20,8591
UGI,10/04/2022,33.69,34.28,33.56,34.19,13691
UGI,10/03/2022,33.13,33.80,32.74,33.47,15484
UGI,09/30/2022,33.25,33.28,32.28,32.33,12042
UGI,09/29/2022,33.27,33.47,32.61,32.93,10799
UGI,09/28/2022,33.30,33.94,33.11,33.62,13245
UGI,09/27/2022,33.87,34.17,32.53,32.88,11907
UGI,09/26/2022,34.01,34.39,33.43,33.64,13684
UGI,09/23/2022,34.84,34.88,33.69,34.09,9025
UGI,09/22/2022,35.39,35.42,34.83,35.21,11096
UGI,09/21/2022,36.43,36.62,35.49,35.49,7766
UGI,09/20/2022,36.67,36.76,35.97,36.10,7919
UGI,09/19/2022,36.38,37.16,36.20,37.04,11796
UGI,09/16/2022,37.37,37.70,36.36,36.50,25266
UGI,09/15/2022,38.27,38.39,37.49,37.61,11157
UGI,09/14/2022,38.27,38.49,37.93,38.46,10242
UGI,09/13/2022,39.29,39.49,38.29,38.62,13626
UGI,09/12/2022,39.92,40.15,39.60,39.94,11139
UGI,09/09/2022,40.29,40.37,39.57,39.71,9963
UGI,09/08/2022,39.42,40.03,38.95,39.96,8250
UGI,09/07/2022,38.52,39.54,38.23,39.53,9217
UGI,09/06/2022,39.18,39.25,38.48,38.57,6524
UGI,09/02/2022,39.34,39.95,39.00,39.04,9592
UGI,09/01/2022,39.59,39.79,38.86,39.08,10116
UGI,08/31/2022,39.53,39.88,39.15,39.50,14197
UGI,08/30/2022,39.88,40.29,39.32,39.51,7722
UGI,08/29/2022,40.06,40.25,39.64,39.93,5376
UGI,08/26/2022,40.66,40.93,40.05,40.19,7453
UGI,08/25/2022,40.36,41.06,40.22,40.65,5971
UGI,08/24/2022,40.31,40.46,40.02,40.26,7127
UGI,08/23/2022,40.76,41.06,40.43,40.45,5976
UGI,08/22/2022,41.07,41.16,40.54,40.58,11756
UGI,08/19/2022,41.73,41.85,41.34,41.40,8942
UGI,08/18/2022,41.94,42.12,41.66,41.72,5982
UGI,08/17/2022,41.81,42.01,41.58,41.92,5932
UGI,08/16/2022,41.34,41.97,41.33,41.95,5949
UGI,08/15/2022,41.30,41.87,41.16,41.68,6968
UGI,08/12/2022,41.20,41.68,41.17,41.66,4757
UGI,08/11/2022,40.45,41.34,40.45,41.00,7300
UGI,08/10/2022,40.28,40.76,40.25,40.43,7998
UGI,08/09/2022,40.10,40.15,39.51,40.06,9939
UGI,08/08/2022,40.26,40.76,39.95,39.99,6976
UGI,08/05/2022,40.83,41.21,39.75,40.05,13408
UGI,08/04/2022,43.10,43.16,40.77,40.99,17752
UGI,08/03/2022,42.96,43.48,42.61,43.19,12952
UGI,08/02/2022,43.58,43.75,42.80,42.96,17736
UGI,08/01/2022,42.94,43.56,42.64,43.55,9499
UGI,07/29/2022,42.96,43.48,42.67,43.16,46832
UGI,07/28/2022,41.97,42.84,41.25,42.76,16997
UGI,07/27/2022,41.55,42.11,41.03,41.92,14294
UGI,07/26/2022,41.83,41.93,41.30,41.65,11189
UGI,07/25/2022,41.58,41.76,41.16,41.66,9286
UGI,07/22/2022,41.20,41.32,40.88,41.23,9608
UGI,07/21/2022,40.58,41.03,40.11,41.02,10889
UGI,07/20/2022,41.16,41.21,40.10,40.87,12125
UGI,07/19/2022,40.83,41.22,40.83,41.16,9130
UGI,07/18/2022,40.57,40.87,40.34,40.36,8820
UGI,07/15/2022,40.51,40.67,40.06,40.34,9689
UGI,07/14/2022,39.04,39.95,38.90,39.92,9613
UGI,07/13/2022,39.43,39.94,39.29,39.72,6587
UGI,07/12/2022,39.78,40.59,39.50,39.75,11333
UGI,07/11/2022,39.22,40.32,39.10,40.03,12297
UGI,07/08/2022,39.55,39.81,38.70,39.26,10720
UGI,07/07/2022,39.20,39.67,39.20,39.33,11917
UGI,07/06/2022,38.38,38.89,37.83,38.75,12973
UGI,07/05/2022,39.19,39.51,37.61,38.50,14811
UGI,07/01/2022,38.76,39.74,38.45,39.72,12801
UGI,06/30/2022,38.35,39.07,38.10,38.61,12227
UGI,06/29/2022,39.64,39.67,38.62,38.95,9661
UGI,06/28/2022,39.88,40.29,39.55,39.71,9521
UGI,06/27/2022,39.45,39.94,39.03,39.66,11025
UGI,06/24/2022,38.90,39.80,38.79,39.47,14599
UGI,06/23/2022,38.40,38.69,38.15,38.58,10392
UGI,06/22/2022,38.02,38.64,37.88,38.39,10642
UGI,06/21/2022,37.99,38.66,37.70,38.52,12359
UGI,06/17/2022,38.45,38.77,37.46,37.65,21973
UGI,06/16/2022,38.62,38.77,37.97,38.24,14149
UGI,06/15/2022,39.89,40.29,39.08,39.49,10978
UGI,06/14/2022,40.28,40.43,39.38,39.71,13025
UGI,06/13/2022,41.42,41.60,40.25,40.54,12093
UGI,06/10/2022,42.55,42.71,42.16,42.19,11101
UGI,06/09/2022,43.55,43.68,43.02,43.21,9454
UGI,06/08/2022,44.18,44.25,43.42,43.56,9209
UGI,06/07/2022,43.66,44.54,43.54,44.54,11890
UGI,06/06/2022,43.37,43.88,43.23,43.71,11232
UGI,06/03/2022,44.06,44.28,43.00,43.21,10004
UGI,06/02/2022,43.15,44.32,42.85,44.28,16983
UGI,06/01/2022,42.77,43.24,42.18,43.12,16367
UGI,05/31/2022,42.38,42.90,41.74,42.74,27230
UGI,05/27/2022,42.10,42.87,42.08,42.76,15787
UGI,05/26/2022,42.30,42.72,42.19,42.31,9868
UGI,05/25/2022,41.22,42.27,41.12,42.18,15306
UGI,05/24/2022,40.58,41.32,40.12,41.24,11545
UGI,05/23/2022,40.79,41.27,40.49,40.89,11751
UGI,05/20/2022,40.37,40.55,39.43,40.48,11878
UGI,05/19/2022,39.79,40.49,39.22,40.04,15906
UGI,05/18/2022,40.40,40.61,39.61,39.96,17921
UGI,05/17/2022,40.00,40.77,39.69,40.61,15316
UGI,05/16/2022,39.08,39.75,38.61,39.62,13927
UGI,05/13/2022,38.24,38.98,37.96,38.89,12386
UGI,05/12/2022,37.95,38.01,37.04,37.87,14314
UGI,05/11/2022,37.25,38.61,37.17,38.06,15745
UGI,05/10/2022,37.74,38.07,36.40,37.13,15263
UGI,05/09/2022,37.38,37.98,36.88,37.60,14841
UGI,05/06/2022,37.10,37.90,36.89,37.69,15772
UGI,05/05/2022,36.91,39.47,36.46,37.10,23468
UGI,05/04/2022,35.79,37.10,35.54,37.10,24988
UGI,05/03/2022,34.75,35.83,34.60,35.50,14254
UGI,05/02/2022,34.52,34.88,34.11,34.71,13128
UGI,04/29/2022,35.29,35.55,34.22,34.30,63708
UGI,04/28/2022,35.61,35.83,35.28,35.66,22326
UGI,04/27/2022,35.74,35.95,35.29,35.41,17287
UGI,04/26/2022,36.01,36.45,35.67,35.68,14838
UGI,04/25/2022,36.56,36.58,35.37,36.29,13311
UGI,04/22/2022,37.31,37.31,36.61,36.63,10326
UGI,04/21/2022,37.71,38.20,37.22,37.35,13290
UGI,04/20/2022,36.86,37.49,36.72,37.44,13522
UGI,04/19/2022,36.06,36.84,35.81,36.72,9316
UGI,04/18/2022,35.75,36.15,35.67,35.87,9650
UGI,04/14/2022,36.01,36.29,35.65,35.73,9524
UGI,04/13/2022,35.92,36.15,35.76,35.92,11934
UGI,04/12/2022,36.05,36.52,35.86,35.97,10485
UGI,04/11/2022,36.51,36.70,35.79,36.04,13786
UGI,04/08/2022,36.44,36.58,36.21,36.35,14663
UGI,04/07/2022,36.48,36.58,35.66,36.30,15003
UGI,04/06/2022,36.13,36.97,36.04,36.48,20068
UGI,04/05/2022,36.32,36.61,35.80,36.08,21929
UGI,04/04/2022,36.47,36.69,35.90,36.27,27512
UGI,04/01/2022,36.47,36.71,36.24,36.70,21963
UGI,03/31/2022,36.56,36.94,36.22,36.22,16065
UGI,03/30/2022,36.44,36.69,36.14,36.51,16084
UGI,03/29/2022,35.81,36.62,35.81,36.60,12741
UGI,03/28/2022,35.84,35.91,35.27,35.58,20252
UGI,03/25/2022,35.56,35.91,35.49,35.80,18093
UGI,03/24/2022,35.11,35.55,34.89,35.42,14440
UGI,03/23/2022,34.89,35.16,34.83,34.86,17253
UGI,03/22/2022,35.35,35.76,34.92,35.05,26462
UGI,03/21/2022,35.35,36.06,34.76,35.24,32011
UGI,03/18/2022,35.18,35.63,34.68,35.26,101385
UGI,03/17/2022,35.59,35.97,35.29,35.37,34102
UGI,03/16/2022,35.62,36.53,35.39,35.82,27882
UGI,03/15/2022,34.93,36.26,34.93,35.47,26771
UGI,03/14/2022,33.80,35.86,33.42,35.18,40168
UGI,03/11/2022,34.33,34.33,33.04,33.11,15797
UGI,03/10/2022,34.35,34.63,33.92,34.22,15713
UGI,03/09/2022,34.84,35.41,34.59,34.74,25478
UGI,03/08/2022,34.66,35.10,33.40,34.26,24378
UGI,03/07/2022,35.92,35.99,33.93,34.31,30633
UGI,03/04/2022,37.00,37.10,36.06,36.34,23905
UGI,03/03/2022,37.33,37.66,37.03,37.20,24615
UGI,03/02/2022,36.64,37.60,36.52,37.24,23273
UGI,03/01/2022,38.20,38.38,36.21,36.42,26327
UGI,02/28/2022,38.29,38.86,38.12,38.44,34797
UGI,02/25/2022,37.63,38.77,37.63,38.74,14414
UGI,02/24/2022,37.28,37.65,36.57,37.35,24191
UGI,02/23/2022,38.28,38.60,37.51,37.52,15809
UGI,02/22/2022,38.24,38.78,37.84,38.41,16695
UGI,02/18/2022,38.37,38.62,37.94,38.04,14558
UGI,02/17/2022,38.67,38.79,37.73,38.58,20137
UGI,02/16/2022,38.05,38.47,37.83,37.98,12464
UGI,02/15/2022,37.69,38.31,37.48,38.13,15315
UGI,02/14/2022,38.77,38.90,37.34,37.49,23872
