VVV,06/23/2023,36.42,36.42,36.01,36.17,2169
VVV,06/22/2023,36.36,36.50,36.00,36.28,15377
VVV,06/21/2023,36.11,36.60,36.02,36.35,16662
VVV,06/20/2023,36.34,36.34,35.99,36.17,30498
VVV,06/16/2023,37.04,37.12,36.18,36.45,38992
VVV,06/15/2023,36.85,37.10,36.63,36.90,24301
VVV,06/14/2023,36.91,37.12,36.61,37.00,25159
VVV,06/13/2023,37.44,37.70,36.72,36.89,21870
VVV,06/12/2023,36.85,37.50,36.58,37.39,28760
VVV,06/09/2023,37.99,37.99,36.85,37.14,84911
VVV,06/08/2023,38.64,38.74,38.36,38.48,57064
VVV,06/07/2023,38.18,38.57,38.05,38.50,70667
VVV,06/06/2023,38.32,38.54,37.99,38.12,75118
VVV,06/05/2023,38.33,38.85,38.15,38.27,51626
VVV,06/02/2023,38.61,38.85,38.44,38.47,44671
VVV,06/01/2023,38.50,39.04,38.49,38.83,26230
VVV,05/31/2023,38.09,38.51,37.93,38.50,26633
VVV,05/30/2023,38.02,38.39,38.02,38.23,24447
VVV,05/26/2023,38.18,38.34,37.99,38.03,22689
VVV,05/25/2023,38.02,38.33,37.90,38.16,16798
VVV,05/24/2023,38.14,38.29,37.96,38.00,26804
VVV,05/23/2023,38.65,38.83,38.11,38.15,19670
VVV,05/22/2023,38.67,38.91,38.65,38.74,15849
VVV,05/19/2023,38.71,38.81,38.50,38.73,15510
VVV,05/18/2023,38.17,38.67,38.03,38.62,18253
VVV,05/17/2023,38.47,38.47,38.01,38.27,17327
VVV,05/16/2023,38.21,38.47,38.10,38.29,24932
VVV,05/15/2023,38.59,38.68,38.00,38.41,33654
VVV,05/12/2023,38.64,39.07,38.35,38.55,23254
VVV,05/11/2023,39.51,39.67,38.29,38.50,47209
VVV,05/10/2023,37.51,38.80,37.50,38.45,61913
VVV,05/09/2023,34.44,34.64,34.00,34.28,26124
VVV,05/08/2023,34.37,34.62,34.17,34.55,14613
VVV,05/05/2023,33.88,34.31,33.84,34.20,10739
VVV,05/04/2023,34.23,34.29,33.33,33.50,14995
VVV,05/03/2023,34.17,34.99,34.10,34.35,33445
VVV,05/02/2023,34.81,34.85,33.83,34.09,21535
VVV,05/01/2023,34.61,35.04,34.55,35.02,13054
VVV,04/28/2023,34.29,34.88,34.22,34.55,16704
VVV,04/27/2023,33.89,34.29,33.89,34.16,13980
VVV,04/26/2023,33.92,34.26,33.83,33.84,9588
VVV,04/25/2023,34.17,34.34,34.05,34.14,8082
VVV,04/24/2023,34.32,34.54,34.21,34.39,7507
VVV,04/21/2023,34.30,34.49,34.04,34.37,8957
VVV,04/20/2023,34.10,34.65,34.03,34.37,9125
VVV,04/19/2023,34.38,34.58,34.18,34.38,10562
VVV,04/18/2023,34.71,34.74,34.23,34.42,11207
VVV,04/17/2023,34.63,34.79,34.36,34.53,9941
VVV,04/14/2023,34.25,35.00,34.17,34.44,10664
VVV,04/13/2023,34.82,34.90,34.27,34.29,14177
VVV,04/12/2023,35.66,35.75,34.77,34.85,17376
VVV,04/11/2023,35.46,35.53,35.20,35.37,6767
VVV,04/10/2023,34.67,35.20,34.61,35.15,11606
VVV,04/06/2023,34.29,34.77,34.14,34.73,11616
VVV,04/05/2023,34.43,34.56,34.13,34.53,14356
VVV,04/04/2023,35.25,35.28,34.17,34.54,12706
VVV,04/03/2023,35.17,35.60,34.98,35.33,13993
VVV,03/31/2023,34.81,35.27,34.76,34.94,17490
VVV,03/30/2023,34.67,35.00,34.50,34.72,11715
VVV,03/29/2023,34.61,34.62,34.28,34.38,8563
VVV,03/28/2023,33.74,34.38,33.51,34.21,11519
VVV,03/27/2023,33.87,34.08,33.59,33.74,13403
VVV,03/24/2023,33.08,33.71,32.92,33.57,11881
VVV,03/23/2023,32.98,33.71,32.89,33.26,16358
VVV,03/22/2023,33.61,33.79,32.97,32.97,11146
VVV,03/21/2023,33.87,33.92,33.42,33.68,20631
VVV,03/20/2023,33.35,33.74,33.17,33.37,15852
VVV,03/17/2023,33.56,33.60,32.94,33.04,32111
VVV,03/16/2023,33.05,33.72,32.96,33.66,27231
VVV,03/15/2023,33.75,34.11,33.32,33.42,21332
VVV,03/14/2023,34.22,34.79,34.22,34.52,16933
VVV,03/13/2023,33.62,34.00,33.35,33.72,16476
VVV,03/10/2023,34.77,34.86,33.84,34.07,19280
VVV,03/09/2023,35.74,35.78,34.75,34.77,13573
VVV,03/08/2023,36.00,36.11,35.30,35.57,16017
VVV,03/07/2023,36.49,36.80,35.75,35.76,18399
VVV,03/06/2023,37.05,37.15,36.45,36.50,22957
VVV,03/03/2023,36.04,37.33,35.89,37.03,30335
VVV,03/02/2023,34.11,35.81,34.09,35.74,35486
VVV,03/01/2023,35.19,35.37,34.34,34.37,13348
VVV,02/28/2023,35.24,35.33,35.01,35.20,10100
VVV,02/27/2023,35.02,35.33,34.99,35.17,9611
VVV,02/24/2023,34.05,35.00,33.75,34.87,12163
VVV,02/23/2023,34.74,35.28,34.50,34.84,10110
VVV,02/22/2023,34.51,34.79,34.27,34.72,11721
VVV,02/21/2023,34.54,34.75,34.33,34.40,9865
VVV,02/17/2023,35.22,35.34,34.61,34.76,10990
VVV,02/16/2023,35.20,35.58,35.06,35.22,14132
VVV,02/15/2023,34.92,35.77,34.81,35.62,21238
VVV,02/14/2023,35.14,35.41,34.86,35.10,12550
VVV,02/13/2023,35.26,35.63,35.00,35.11,16075
VVV,02/10/2023,34.78,35.42,34.77,35.10,16798
VVV,02/09/2023,34.69,35.32,34.69,34.86,22861
VVV,02/08/2023,34.94,35.18,34.52,34.65,11290
VVV,02/07/2023,35.57,35.88,33.77,34.99,34332
VVV,02/06/2023,36.00,36.56,35.97,36.24,17553
VVV,02/03/2023,36.34,36.53,36.05,36.16,16863
VVV,02/02/2023,36.56,36.95,36.29,36.48,10446
VVV,02/01/2023,36.49,36.92,36.25,36.63,8391
VVV,01/31/2023,35.97,36.67,35.81,36.66,11891
VVV,01/30/2023,35.81,36.05,35.73,35.79,8036
VVV,01/27/2023,35.67,36.11,35.67,35.86,10591
VVV,01/26/2023,35.12,35.84,35.12,35.83,10229
VVV,01/25/2023,35.11,35.50,35.00,35.04,10623
VVV,01/24/2023,34.74,35.33,34.69,35.16,13190
VVV,01/23/2023,34.98,35.27,34.88,34.98,10497
VVV,01/20/2023,34.53,35.04,34.45,34.99,9827
VVV,01/19/2023,34.59,34.81,34.33,34.45,8167
VVV,01/18/2023,34.90,35.15,34.74,34.79,13031
VVV,01/17/2023,35.13,35.37,34.67,34.69,8790
VVV,01/13/2023,34.57,35.19,34.35,35.16,8559
VVV,01/12/2023,34.43,35.08,34.25,34.68,18721
VVV,01/11/2023,34.44,34.57,34.23,34.32,14229
VVV,01/10/2023,34.31,34.55,34.13,34.34,13934
VVV,01/09/2023,34.56,34.96,34.32,34.37,22264
VVV,01/06/2023,33.58,34.41,33.50,34.37,14809
VVV,01/05/2023,33.02,33.50,32.60,33.42,22161
VVV,01/04/2023,32.99,33.72,32.83,33.28,12621
VVV,01/03/2023,32.72,33.08,32.54,32.84,9631
VVV,12/30/2022,32.20,32.77,32.04,32.65,15268
VVV,12/29/2022,32.61,32.99,32.49,32.50,8320
VVV,12/28/2022,32.82,33.01,32.41,32.42,16470
VVV,12/27/2022,32.31,32.76,32.10,32.73,12410
VVV,12/23/2022,31.94,32.40,31.78,32.34,9518
VVV,12/22/2022,31.47,31.99,31.31,31.96,24808
VVV,12/21/2022,31.15,31.79,31.01,31.78,12601
VVV,12/20/2022,30.31,30.99,30.31,30.91,13191
VVV,12/19/2022,30.65,30.77,30.19,30.34,7672
VVV,12/16/2022,30.57,30.87,30.45,30.60,31125
VVV,12/15/2022,31.37,31.61,30.94,31.01,14236
VVV,12/14/2022,31.99,32.26,31.64,31.74,8263
VVV,12/13/2022,32.85,32.85,31.91,32.02,11206
VVV,12/12/2022,32.04,32.16,31.73,31.91,8362
VVV,12/09/2022,32.13,32.29,31.88,31.97,9340
VVV,12/08/2022,32.75,32.75,31.97,32.21,8414
VVV,12/07/2022,32.84,33.03,32.49,32.53,12087
VVV,12/06/2022,32.97,33.04,32.49,32.90,17666
VVV,12/05/2022,32.74,32.85,32.28,32.79,6151
VVV,12/02/2022,32.36,33.05,32.29,32.98,8415
VVV,12/01/2022,33.15,33.29,32.64,32.76,10075
VVV,11/30/2022,32.31,33.05,31.84,32.98,14679
VVV,11/29/2022,32.13,32.96,31.90,32.40,19282
VVV,11/28/2022,32.36,32.92,31.96,32.27,22442
VVV,11/25/2022,32.72,33.34,32.61,32.80,5466
VVV,11/23/2022,32.80,33.34,32.60,32.74,17253
VVV,11/22/2022,32.87,32.97,32.65,32.81,13745
VVV,11/21/2022,32.42,33.24,32.38,32.73,12613
VVV,11/18/2022,32.90,33.04,32.36,32.55,23117
VVV,11/17/2022,31.73,33.04,31.73,32.87,16554
VVV,11/16/2022,33.40,33.40,32.10,32.13,25289
VVV,11/15/2022,32.96,34.24,32.60,33.53,36366
VVV,11/14/2022,31.89,32.72,31.89,32.16,12979
VVV,11/11/2022,31.93,32.59,31.71,32.13,21460
VVV,11/10/2022,31.96,32.34,31.30,31.68,43527
VVV,11/09/2022,31.02,31.19,30.52,30.67,11304
VVV,11/08/2022,31.02,31.50,30.82,31.10,17654
VVV,11/07/2022,30.24,30.74,30.16,30.70,14804
VVV,11/04/2022,29.70,30.24,29.46,30.24,24452
VVV,11/03/2022,28.55,29.44,28.45,29.17,14484
VVV,11/02/2022,29.42,29.93,28.97,29.08,14663
VVV,11/01/2022,29.64,29.90,29.31,29.64,8942
VVV,10/31/2022,29.27,29.56,29.12,29.36,10830
VVV,10/28/2022,29.09,29.42,28.95,29.30,11615
VVV,10/27/2022,28.53,29.57,28.46,28.97,18633
VVV,10/26/2022,29.24,29.40,28.15,28.41,21813
VVV,10/25/2022,28.32,29.31,28.05,29.23,35122
VVV,10/24/2022,27.60,28.51,27.57,28.25,26127
VVV,10/21/2022,26.79,27.49,26.53,27.47,8867
VVV,10/20/2022,26.91,27.43,26.67,26.67,9563
VVV,10/19/2022,27.25,27.42,26.67,26.95,7290
VVV,10/18/2022,27.27,27.53,26.98,27.36,8595
VVV,10/17/2022,26.21,27.05,26.21,26.76,9235
VVV,10/14/2022,25.95,26.41,25.61,26.09,22876
VVV,10/13/2022,24.57,25.95,24.40,25.69,11459
VVV,10/12/2022,25.26,25.33,24.91,25.05,8534
VVV,10/11/2022,25.21,25.73,25.15,25.27,11862
VVV,10/10/2022,25.30,25.64,25.14,25.35,9496
VVV,10/07/2022,25.91,25.99,24.80,25.12,28973
VVV,10/06/2022,26.31,26.44,25.90,26.03,14385
VVV,10/05/2022,26.39,26.84,25.93,26.52,16951
VVV,10/04/2022,26.28,27.12,26.20,26.70,25818
VVV,10/03/2022,25.74,25.95,25.41,25.88,14862
VVV,09/30/2022,25.65,25.80,25.27,25.34,12208
VVV,09/29/2022,25.92,26.02,25.26,25.60,13508
VVV,09/28/2022,25.85,26.50,25.77,26.28,17747
VVV,09/27/2022,26.19,26.32,25.59,25.74,11962
VVV,09/26/2022,26.13,26.48,25.90,25.91,5926
VVV,09/23/2022,26.60,26.66,25.97,26.29,8781
VVV,09/22/2022,27.58,27.66,26.95,26.96,11059
VVV,09/21/2022,27.63,28.21,27.52,27.57,7563
VVV,09/20/2022,27.37,27.62,27.27,27.51,8178
VVV,09/19/2022,27.03,27.72,26.99,27.69,11648
VVV,09/16/2022,27.49,27.61,26.99,27.26,22794
VVV,09/15/2022,27.68,27.96,27.45,27.69,12401
VVV,09/14/2022,28.48,28.48,27.46,27.89,10659
VVV,09/13/2022,28.60,28.81,28.31,28.37,10231
VVV,09/12/2022,29.15,29.40,28.89,29.24,6362
VVV,09/09/2022,29.26,29.26,28.77,28.90,8572
VVV,09/08/2022,28.69,28.91,28.41,28.86,10421
VVV,09/07/2022,27.94,28.95,27.83,28.93,8366
VVV,09/06/2022,28.97,28.97,27.88,28.03,10090
VVV,09/02/2022,29.26,29.34,28.62,28.67,9680
VVV,09/01/2022,28.77,28.86,28.28,28.81,12340
VVV,08/31/2022,29.21,29.32,28.95,29.07,12718
VVV,08/30/2022,29.51,29.51,28.79,29.22,9858
VVV,08/29/2022,29.01,29.73,28.85,29.66,7645
VVV,08/26/2022,30.80,30.80,29.27,29.35,9056
VVV,08/25/2022,30.64,30.89,30.56,30.85,4648
VVV,08/24/2022,30.32,30.62,30.17,30.37,6489
VVV,08/23/2022,30.39,30.54,30.01,30.30,9063
VVV,08/22/2022,30.30,30.78,30.19,30.28,12591
VVV,08/19/2022,30.87,30.91,30.57,30.68,8767
VVV,08/18/2022,30.86,31.08,30.66,30.90,15879
VVV,08/17/2022,30.57,30.95,30.41,30.95,14055
VVV,08/16/2022,29.79,30.72,29.79,30.70,10168
VVV,08/15/2022,29.68,30.15,29.64,30.11,6663
VVV,08/12/2022,29.82,30.11,29.65,29.99,7359
VVV,08/11/2022,29.25,29.81,29.20,29.65,18330
VVV,08/10/2022,28.66,29.43,28.66,29.16,19258
VVV,08/09/2022,28.55,28.70,28.07,28.26,9450
VVV,08/08/2022,28.66,29.08,28.57,28.87,7940
VVV,08/05/2022,28.13,28.91,28.07,28.68,15116
VVV,08/04/2022,30.00,30.38,28.05,28.37,32476
VVV,08/03/2022,30.99,30.99,30.22,30.25,26938
VVV,08/02/2022,31.09,31.46,30.05,30.68,30279
VVV,08/01/2022,33.00,33.19,31.24,31.35,56710
VVV,07/29/2022,31.95,32.31,31.74,32.22,9114
VVV,07/28/2022,31.58,31.93,31.47,31.84,10394
VVV,07/27/2022,31.03,31.51,30.93,31.42,8352
VVV,07/26/2022,31.00,31.09,30.62,30.99,7256
VVV,07/25/2022,31.31,31.48,30.83,31.04,6006
VVV,07/22/2022,31.48,31.56,30.80,31.04,5845
VVV,07/21/2022,30.72,31.20,30.68,31.17,5764
VVV,07/20/2022,30.87,31.08,30.61,30.85,6649
VVV,07/19/2022,30.40,30.98,30.33,30.96,7086
VVV,07/18/2022,30.39,30.61,29.88,29.95,7465
VVV,07/15/2022,30.15,30.47,29.87,30.04,9622
VVV,07/14/2022,29.16,29.96,29.08,29.76,13412
VVV,07/13/2022,29.02,29.90,28.85,29.75,8750
VVV,07/12/2022,29.20,29.93,29.20,29.54,7128
VVV,07/11/2022,29.38,29.90,29.38,29.45,4526
VVV,07/08/2022,29.89,30.45,29.61,29.64,7179
VVV,07/07/2022,29.77,30.12,28.72,29.87,10550
VVV,07/06/2022,29.66,29.98,29.14,29.48,9869
VVV,07/05/2022,28.76,29.85,28.56,29.71,10275
VVV,07/01/2022,28.79,29.49,28.58,29.31,6082
VVV,06/30/2022,28.59,29.29,28.47,28.83,12955
VVV,06/29/2022,29.46,29.47,28.53,29.07,12355
VVV,06/28/2022,30.00,30.21,29.20,29.39,7974
VVV,06/27/2022,29.35,29.73,29.24,29.69,8498
VVV,06/24/2022,28.97,29.86,28.83,29.35,34164
VVV,06/23/2022,28.55,29.03,28.34,28.76,14025
VVV,06/22/2022,27.85,28.97,27.85,28.55,10155
VVV,06/21/2022,29.05,29.19,28.61,28.67,9930
VVV,06/17/2022,28.37,28.82,27.69,28.56,21795
VVV,06/16/2022,29.93,30.04,28.34,28.47,13696
VVV,06/15/2022,30.86,31.03,30.07,30.70,12987
VVV,06/14/2022,30.42,30.92,30.19,30.55,14732
VVV,06/13/2022,31.00,31.28,30.24,30.42,14501
VVV,06/10/2022,32.42,32.57,31.86,32.01,7842
VVV,06/09/2022,33.71,33.97,32.94,32.99,8560
VVV,06/08/2022,34.25,34.36,33.62,33.68,5877
VVV,06/07/2022,33.67,34.71,33.54,34.69,7894
VVV,06/06/2022,34.75,34.81,33.78,34.14,10003
VVV,06/03/2022,34.00,34.52,33.75,34.46,8551
VVV,06/02/2022,33.54,34.26,33.33,34.21,7995
VVV,06/01/2022,33.54,33.97,33.29,33.52,9785
VVV,05/31/2022,33.43,34.14,32.89,33.46,11749
VVV,05/27/2022,32.96,33.56,32.89,33.51,16236
VVV,05/26/2022,33.60,34.24,32.77,32.88,29181
VVV,05/25/2022,29.82,36.65,29.82,33.48,141408
VVV,05/24/2022,29.79,29.85,29.21,29.78,8355
VVV,05/23/2022,30.26,30.34,29.62,29.88,10338
VVV,05/20/2022,29.99,30.08,29.09,29.88,12929
VVV,05/19/2022,28.93,30.09,28.85,29.67,17942
VVV,05/18/2022,30.20,30.49,29.07,29.21,9953
VVV,05/17/2022,29.90,30.66,29.82,30.60,13736
VVV,05/16/2022,29.17,29.87,28.59,29.34,15962
VVV,05/13/2022,28.45,29.35,28.33,29.17,13320
VVV,05/12/2022,28.58,29.05,27.77,28.25,20231
VVV,05/11/2022,27.21,28.75,27.11,27.80,19805
VVV,05/10/2022,28.34,28.64,26.69,27.04,35091
VVV,05/09/2022,29.07,29.49,28.69,28.79,12391
VVV,05/06/2022,29.81,29.81,28.92,29.53,11366
VVV,05/05/2022,30.79,30.87,29.65,30.00,8554
VVV,05/04/2022,30.69,31.05,30.07,31.01,10097
VVV,05/03/2022,30.13,30.82,30.13,30.55,10900
VVV,05/02/2022,30.30,30.60,29.35,30.02,10423
VVV,04/29/2022,30.74,31.11,30.09,30.23,20768
VVV,04/28/2022,30.80,30.92,29.69,30.73,9616
VVV,04/27/2022,29.82,30.62,29.65,30.47,13284
VVV,04/26/2022,30.32,30.52,29.68,29.72,9777
VVV,04/25/2022,30.36,30.63,29.51,30.51,14728
VVV,04/22/2022,31.67,31.69,30.67,30.71,9550
VVV,04/21/2022,32.75,32.85,31.69,31.84,6790
VVV,04/20/2022,31.94,32.66,31.85,32.32,7670
VVV,04/19/2022,30.72,31.95,30.72,31.76,9690
VVV,04/18/2022,30.83,31.00,30.62,30.75,6261
VVV,04/14/2022,30.97,31.28,30.55,30.56,6248
VVV,04/13/2022,30.62,30.94,30.51,30.92,6275
VVV,04/12/2022,30.76,31.15,30.35,30.47,10026
VVV,04/11/2022,30.88,31.38,30.59,30.66,7436
VVV,04/08/2022,30.81,31.44,30.78,30.91,8468
VVV,04/07/2022,30.92,31.16,30.35,30.81,9588
VVV,04/06/2022,31.42,31.45,30.85,31.01,13963
VVV,04/05/2022,31.74,32.14,31.46,31.72,19702
VVV,04/04/2022,31.98,32.12,31.53,31.74,14494
VVV,04/01/2022,31.79,32.10,31.61,31.83,10249
VVV,03/31/2022,31.84,32.01,31.51,31.56,10197
VVV,03/30/2022,32.21,32.36,31.75,31.82,8031
VVV,03/29/2022,31.05,32.32,31.05,32.29,13562
VVV,03/28/2022,31.32,31.32,30.51,30.79,14933
VVV,03/25/2022,30.75,31.40,30.53,31.35,10493
VVV,03/24/2022,30.65,30.84,30.37,30.69,8421
VVV,03/23/2022,31.10,31.21,30.41,30.45,8071
VVV,03/22/2022,31.43,31.48,30.82,30.96,9042
VVV,03/21/2022,31.22,31.48,30.95,31.36,13287
VVV,03/18/2022,30.67,31.22,30.39,31.15,17276
VVV,03/17/2022,30.66,30.75,30.35,30.69,10376
VVV,03/16/2022,30.07,30.96,29.92,30.74,12809
VVV,03/15/2022,30.25,30.47,29.70,29.84,13633
VVV,03/14/2022,30.15,30.70,29.97,30.22,10179
VVV,03/11/2022,29.56,30.02,29.44,29.50,14279
VVV,03/10/2022,29.64,29.83,29.04,29.55,8568
VVV,03/09/2022,29.17,30.54,28.97,30.04,18883
VVV,03/08/2022,28.69,29.78,28.15,29.52,18923
VVV,03/07/2022,30.38,30.50,28.32,28.65,28211
VVV,03/04/2022,31.23,31.28,30.49,30.56,12391
VVV,03/03/2022,32.24,32.41,31.64,31.81,13033
VVV,03/02/2022,31.65,32.19,31.34,32.01,15271
VVV,03/01/2022,32.35,32.42,30.98,31.58,13218
VVV,02/28/2022,32.35,32.50,31.92,32.33,14259
VVV,02/25/2022,31.64,33.13,31.64,33.01,9278
VVV,02/24/2022,31.03,31.64,30.84,31.55,13179
VVV,02/23/2022,33.28,33.37,31.72,31.81,10990
VVV,02/22/2022,33.38,33.55,33.01,33.10,13945
VVV,02/18/2022,33.12,33.50,33.08,33.25,20690
VVV,02/17/2022,32.84,33.68,32.84,33.07,19772
VVV,02/16/2022,32.87,33.31,32.87,33.19,10429
VVV,02/15/2022,32.30,33.09,32.18,32.91,8394
VVV,02/14/2022,32.00,32.46,31.81,32.13,20803
