WAT,06/23/2023,257.96,261.86,257.71,261.54,207
WAT,06/22/2023,264.39,264.91,259.08,260.27,4029
WAT,06/21/2023,261.78,266.48,260.76,264.48,4664
WAT,06/20/2023,262.00,267.46,258.00,263.27,6911
WAT,06/16/2023,271.19,274.27,267.24,269.20,16408
WAT,06/15/2023,261.77,268.84,261.77,268.09,5124
WAT,06/14/2023,264.34,267.20,261.09,262.08,10037
WAT,06/13/2023,256.90,264.30,256.90,263.27,8392
WAT,06/12/2023,249.32,257.73,249.32,256.93,5262
WAT,06/09/2023,250.62,251.61,248.18,249.28,4418
WAT,06/08/2023,256.40,257.97,249.84,249.96,5701
WAT,06/07/2023,256.85,257.51,254.76,257.14,5452
WAT,06/06/2023,260.17,261.27,255.01,256.63,2936
WAT,06/05/2023,257.63,259.81,254.93,259.54,4481
WAT,06/02/2023,259.07,260.33,255.70,258.77,4233
WAT,06/01/2023,252.86,256.67,250.37,256.04,4885
WAT,05/31/2023,253.91,254.09,248.60,251.22,11879
WAT,05/30/2023,258.75,260.93,255.05,255.57,4543
WAT,05/26/2023,261.70,261.92,258.39,260.61,3989
WAT,05/25/2023,257.00,260.53,255.51,259.56,5833
WAT,05/24/2023,260.44,260.72,252.18,256.99,6871
WAT,05/23/2023,267.24,271.36,263.66,265.92,4393
WAT,05/22/2023,266.87,270.00,265.39,267.81,4560
WAT,05/19/2023,269.97,269.97,264.61,267.48,4411
WAT,05/18/2023,264.19,268.86,262.01,268.05,5180
WAT,05/17/2023,266.62,266.99,261.01,263.93,6527
WAT,05/16/2023,270.53,272.55,265.19,266.20,6743
WAT,05/15/2023,272.22,274.16,269.44,273.30,7084
WAT,05/12/2023,270.25,273.68,267.26,271.00,6097
WAT,05/11/2023,271.00,273.34,262.74,268.97,8236
WAT,05/10/2023,276.84,277.86,269.99,272.43,9475
WAT,05/09/2023,270.00,281.09,268.06,276.76,15966
WAT,05/08/2023,299.07,301.43,295.67,296.50,8811
WAT,05/05/2023,298.06,298.91,292.31,296.79,5643
WAT,05/04/2023,297.56,298.29,294.22,296.00,7209
WAT,05/03/2023,300.01,301.32,294.03,296.50,5608
WAT,05/02/2023,297.73,300.16,293.12,298.01,5268
WAT,05/01/2023,302.52,303.44,297.85,298.22,4553
WAT,04/28/2023,297.56,303.17,296.85,300.36,5919
WAT,04/27/2023,296.95,299.30,294.48,298.34,4262
WAT,04/26/2023,289.22,301.70,288.43,296.72,6154
WAT,04/25/2023,306.74,307.87,291.37,292.71,5625
WAT,04/24/2023,308.38,311.73,306.99,310.13,3881
WAT,04/21/2023,302.07,307.00,300.97,306.90,4219
WAT,04/20/2023,303.85,303.85,296.00,299.61,4375
WAT,04/19/2023,306.82,309.37,305.29,308.45,2943
WAT,04/18/2023,311.07,311.46,305.37,308.39,2749
WAT,04/17/2023,308.27,310.20,304.88,309.60,3634
WAT,04/14/2023,311.02,312.97,306.66,307.17,2286
WAT,04/13/2023,303.58,313.25,302.47,312.38,4048
WAT,04/12/2023,304.69,306.57,301.90,303.27,3484
WAT,04/11/2023,301.05,305.73,300.01,302.18,4312
WAT,04/10/2023,298.16,299.42,295.37,299.42,2923
WAT,04/06/2023,302.94,304.11,298.30,300.00,3073
WAT,04/05/2023,301.98,305.21,300.48,302.66,3720
WAT,04/04/2023,308.40,308.59,301.70,302.73,3312
WAT,04/03/2023,307.47,308.94,304.25,307.46,2437
WAT,03/31/2023,306.97,311.09,306.77,309.63,3035
WAT,03/30/2023,304.25,306.53,302.59,304.67,2273
WAT,03/29/2023,301.54,302.36,298.72,300.47,2595
WAT,03/28/2023,302.02,302.47,298.79,299.53,1786
WAT,03/27/2023,302.01,305.50,300.81,302.74,2458
WAT,03/24/2023,295.73,300.64,291.95,299.96,3446
WAT,03/23/2023,304.16,307.80,297.22,298.17,3188
WAT,03/22/2023,307.84,310.94,301.96,302.26,3610
WAT,03/21/2023,302.95,308.90,302.53,308.63,3598
WAT,03/20/2023,298.11,304.22,298.06,300.51,3247
WAT,03/17/2023,305.40,307.39,298.54,298.97,7386
WAT,03/16/2023,300.36,307.35,298.62,307.28,4328
WAT,03/15/2023,305.92,305.92,296.15,301.85,5177
WAT,03/14/2023,311.09,314.36,308.55,311.73,4974
WAT,03/13/2023,303.52,307.23,300.48,306.34,3657
WAT,03/10/2023,308.99,309.66,302.36,304.96,4518
WAT,03/09/2023,311.20,313.05,307.58,309.35,3109
WAT,03/08/2023,309.15,312.65,306.72,309.82,3233
WAT,03/07/2023,322.17,322.17,308.72,309.13,4897
WAT,03/06/2023,326.65,331.48,320.85,321.59,3657
WAT,03/03/2023,324.10,327.45,321.05,326.89,3326
WAT,03/02/2023,307.73,322.12,305.82,321.36,5475
WAT,03/01/2023,308.70,310.78,303.15,309.25,6340
WAT,02/28/2023,308.92,314.75,308.92,310.89,5016
WAT,02/27/2023,317.60,318.08,308.91,310.04,3384
WAT,02/24/2023,321.78,321.78,311.77,314.05,3570
WAT,02/23/2023,322.95,325.39,321.03,323.06,3805
WAT,02/22/2023,320.18,323.84,317.26,321.10,4274
WAT,02/21/2023,326.64,328.69,317.98,320.20,5240
WAT,02/17/2023,326.11,329.55,323.60,328.73,6002
WAT,02/16/2023,332.25,332.25,325.39,327.33,4784
WAT,02/15/2023,338.42,341.00,328.39,336.90,8868
WAT,02/14/2023,338.56,341.94,334.34,339.32,3515
WAT,02/13/2023,335.76,339.94,332.53,339.05,3053
WAT,02/10/2023,335.97,337.75,332.49,333.78,1965
WAT,02/09/2023,345.34,346.24,335.39,336.67,2044
WAT,02/08/2023,342.93,345.02,340.59,342.29,2260
WAT,02/07/2023,335.98,344.88,334.67,343.63,2415
WAT,02/06/2023,338.99,341.52,336.57,337.04,2354
WAT,02/03/2023,340.50,344.24,337.46,341.39,2057
WAT,02/02/2023,340.10,346.99,339.24,344.24,3130
WAT,02/01/2023,329.95,340.45,329.48,338.03,3040
WAT,01/31/2023,324.60,328.58,320.85,328.58,3560
WAT,01/30/2023,329.73,330.55,321.81,324.32,3431
WAT,01/27/2023,331.23,335.57,330.37,333.13,2184
WAT,01/26/2023,335.73,336.84,327.59,333.54,2356
WAT,01/25/2023,330.13,334.72,327.28,334.36,1404
WAT,01/24/2023,339.18,342.45,332.09,334.03,2322
WAT,01/23/2023,338.08,344.73,336.88,343.70,3425
WAT,01/20/2023,332.54,339.73,331.37,338.75,2667
WAT,01/19/2023,326.73,334.16,323.07,332.04,2690
WAT,01/18/2023,333.28,334.32,327.48,328.89,2647
WAT,01/17/2023,338.18,341.04,331.93,332.25,2160
WAT,01/13/2023,331.80,339.88,331.24,339.08,1826
WAT,01/12/2023,342.00,343.53,335.70,335.70,2430
WAT,01/11/2023,336.53,345.33,335.41,342.66,3115
WAT,01/10/2023,321.37,336.63,319.46,335.93,4935
WAT,01/09/2023,325.00,327.93,317.76,320.40,5946
WAT,01/06/2023,350.97,350.97,311.46,322.21,12701
WAT,01/05/2023,346.87,349.84,344.82,347.03,4073
WAT,01/04/2023,348.52,350.86,345.96,349.77,2389
WAT,01/03/2023,345.00,347.87,340.20,345.59,2408
WAT,12/30/2022,343.31,343.31,338.28,342.58,2304
WAT,12/29/2022,344.36,348.99,341.34,345.88,2079
WAT,12/28/2022,348.03,349.88,340.27,340.71,1843
WAT,12/27/2022,348.08,348.45,342.23,346.53,1372
WAT,12/23/2022,342.96,347.09,342.96,346.66,1790
WAT,12/22/2022,343.40,344.66,338.55,344.30,1733
WAT,12/21/2022,341.62,346.95,340.66,346.78,2630
WAT,12/20/2022,337.30,341.18,334.06,339.14,3709
WAT,12/19/2022,338.63,340.35,335.36,337.30,2772
WAT,12/16/2022,340.00,342.16,335.23,338.48,8681
WAT,12/15/2022,338.62,343.42,336.62,342.43,4986
WAT,12/14/2022,343.09,348.89,339.91,343.97,4861
WAT,12/13/2022,351.56,352.71,343.05,344.62,2316
WAT,12/12/2022,337.83,341.75,337.54,340.86,3202
WAT,12/09/2022,341.26,344.30,336.04,336.53,2565
WAT,12/08/2022,341.35,345.47,339.03,343.04,2107
WAT,12/07/2022,338.62,344.54,335.23,340.64,2890
WAT,12/06/2022,339.68,341.80,334.49,337.59,2636
WAT,12/05/2022,342.85,343.44,335.95,340.29,3005
WAT,12/02/2022,343.50,349.40,342.96,347.37,2757
WAT,12/01/2022,349.41,353.71,343.84,346.93,2695
WAT,11/30/2022,331.59,347.75,331.21,346.60,5648
WAT,11/29/2022,330.39,333.52,327.61,330.16,2665
WAT,11/28/2022,336.35,338.25,329.69,331.60,2936
WAT,11/25/2022,335.77,339.34,333.76,338.03,861
WAT,11/23/2022,338.17,339.10,334.30,334.57,1969
WAT,11/22/2022,325.73,337.25,325.73,336.97,2934
WAT,11/21/2022,320.01,325.55,318.58,322.89,2877
WAT,11/18/2022,325.31,325.31,318.02,321.16,3284
WAT,11/17/2022,325.41,325.41,316.36,319.81,2977
WAT,11/16/2022,330.25,332.20,326.76,329.53,3486
WAT,11/15/2022,330.65,333.37,326.65,329.79,2336
WAT,11/14/2022,330.92,335.88,325.27,325.88,3312
WAT,11/11/2022,334.10,338.42,330.29,331.85,3497
WAT,11/10/2022,323.23,333.01,321.60,331.85,3940
WAT,11/09/2022,311.21,316.93,308.05,309.52,3744
WAT,11/08/2022,307.36,315.23,304.31,312.56,5194
WAT,11/07/2022,305.51,307.06,302.58,306.47,2192
WAT,11/04/2022,302.14,305.86,295.60,305.07,3589
WAT,11/03/2022,293.18,302.93,287.56,298.93,3316
WAT,11/02/2022,304.77,308.65,295.32,295.74,4831
WAT,11/01/2022,307.43,310.74,292.96,307.44,6039
WAT,10/31/2022,300.73,301.93,296.57,299.17,5647
WAT,10/28/2022,302.69,305.29,298.52,302.68,3377
WAT,10/27/2022,302.30,303.86,296.80,300.96,3112
WAT,10/26/2022,297.04,306.42,297.04,301.73,3847
WAT,10/25/2022,288.06,297.53,288.06,296.81,4507
WAT,10/24/2022,285.00,288.44,282.27,287.41,2814
WAT,10/21/2022,275.14,282.41,272.14,282.12,3571
WAT,10/20/2022,274.66,282.31,272.02,275.01,4072
WAT,10/19/2022,280.57,280.99,270.28,277.36,4695
WAT,10/18/2022,287.42,289.98,282.16,283.94,4164
WAT,10/17/2022,275.19,281.86,275.19,279.60,4642
WAT,10/14/2022,278.76,280.48,270.76,272.19,3132
WAT,10/13/2022,266.10,278.57,265.61,276.79,3999
WAT,10/12/2022,274.48,275.26,270.13,270.72,2262
WAT,10/11/2022,273.12,277.21,269.59,271.99,4924
WAT,10/10/2022,277.94,277.94,270.62,272.26,3003
WAT,10/07/2022,283.17,284.24,275.44,276.50,3858
WAT,10/06/2022,289.94,290.86,286.43,287.55,3082
WAT,10/05/2022,284.67,291.64,284.57,290.84,3734
WAT,10/04/2022,281.54,289.16,281.54,288.20,3521
WAT,10/03/2022,271.97,279.60,271.36,277.35,2337
WAT,09/30/2022,276.16,277.90,269.37,269.53,4429
WAT,09/29/2022,270.84,276.24,270.14,274.56,3617
WAT,09/28/2022,272.33,275.84,270.93,272.75,2866
WAT,09/27/2022,276.41,279.18,270.05,270.49,3967
WAT,09/26/2022,274.77,278.01,271.52,273.65,3157
WAT,09/23/2022,273.48,276.76,270.37,275.50,3047
WAT,09/22/2022,278.96,279.44,274.67,275.12,4083
WAT,09/21/2022,283.40,289.86,280.43,280.94,3250
WAT,09/20/2022,286.92,286.92,279.15,281.98,3535
WAT,09/19/2022,281.10,290.57,281.10,290.46,4146
WAT,09/16/2022,291.87,292.29,280.75,283.93,8723
WAT,09/15/2022,298.25,304.26,294.87,295.76,4015
WAT,09/14/2022,300.80,303.04,296.31,298.04,5023
WAT,09/13/2022,309.45,309.45,298.60,299.93,4090
WAT,09/12/2022,313.37,316.80,311.50,316.02,4319
WAT,09/09/2022,308.67,314.69,306.90,312.28,3373
WAT,09/08/2022,301.51,308.67,300.85,308.62,2802
WAT,09/07/2022,298.02,303.88,296.53,302.58,2077
WAT,09/06/2022,298.12,301.69,295.62,297.89,3560
WAT,09/02/2022,305.00,307.00,296.71,298.32,2534
WAT,09/01/2022,298.96,300.45,294.49,300.35,2524
WAT,08/31/2022,301.25,303.75,295.28,298.60,6576
WAT,08/30/2022,302.82,303.33,296.66,299.39,2957
WAT,08/29/2022,298.34,303.72,296.93,302.19,3689
WAT,08/26/2022,319.79,319.79,300.42,300.81,3157
WAT,08/25/2022,319.58,320.55,314.77,320.32,2194
WAT,08/24/2022,316.83,318.62,314.56,316.88,1948
WAT,08/23/2022,316.01,317.01,311.81,314.83,3017
WAT,08/22/2022,323.19,326.25,316.66,317.61,2565
WAT,08/19/2022,329.01,329.70,325.99,327.98,1901
WAT,08/18/2022,335.80,336.01,326.35,331.19,1943
WAT,08/17/2022,326.99,336.81,326.99,335.42,4310
WAT,08/16/2022,329.26,331.57,325.19,329.20,2446
WAT,08/15/2022,334.80,334.80,329.92,331.76,3020
WAT,08/12/2022,332.00,336.16,330.56,335.23,2045
WAT,08/11/2022,332.76,339.60,331.00,331.62,2478
WAT,08/10/2022,328.50,331.79,325.74,330.79,3222
WAT,08/09/2022,331.39,331.73,321.56,323.81,2869
WAT,08/08/2022,338.51,339.11,330.51,332.15,3129
WAT,08/05/2022,332.78,338.03,329.39,337.87,2822
WAT,08/04/2022,338.85,339.41,333.88,334.56,3008
WAT,08/03/2022,342.38,345.71,336.95,338.88,4238
WAT,08/02/2022,344.68,354.04,338.00,340.55,9522
WAT,08/01/2022,362.40,369.00,361.05,365.55,5025
WAT,07/29/2022,362.98,365.00,360.03,364.03,3346
WAT,07/28/2022,356.24,362.79,353.29,362.00,3145
WAT,07/27/2022,351.00,358.13,347.27,355.33,3491
WAT,07/26/2022,345.17,349.27,341.89,349.14,2418
WAT,07/25/2022,346.47,346.65,342.86,344.94,1708
WAT,07/22/2022,351.40,353.14,342.53,345.68,2529
WAT,07/21/2022,334.30,349.75,333.42,349.48,4273
WAT,07/20/2022,328.60,333.39,328.60,329.90,2250
WAT,07/19/2022,327.08,331.40,325.08,330.76,3629
WAT,07/18/2022,333.97,335.26,322.13,323.39,3939
WAT,07/15/2022,334.38,336.39,326.32,334.01,4180
WAT,07/14/2022,331.33,332.04,318.82,328.55,3819
WAT,07/13/2022,337.46,343.13,336.05,336.44,3278
WAT,07/12/2022,347.03,352.42,339.42,341.41,4183
WAT,07/11/2022,345.29,352.05,345.13,349.94,2372
WAT,07/08/2022,342.06,348.06,341.72,346.25,3792
WAT,07/07/2022,340.50,343.29,336.97,342.94,3880
WAT,07/06/2022,340.74,344.49,339.46,342.27,4352
WAT,07/05/2022,333.08,339.91,331.99,339.66,3785
WAT,07/01/2022,331.79,337.61,327.08,336.89,3026
WAT,06/30/2022,325.27,333.61,324.19,330.98,3408
WAT,06/29/2022,329.96,333.89,327.00,329.60,1707
WAT,06/28/2022,330.24,335.08,327.18,329.44,3750
WAT,06/27/2022,330.86,332.39,326.79,330.24,2396
WAT,06/24/2022,325.48,328.71,324.10,328.58,5249
WAT,06/23/2022,313.52,322.75,312.74,321.44,2947
WAT,06/22/2022,305.42,312.99,305.01,312.00,3294
WAT,06/21/2022,313.50,316.10,306.50,308.51,5477
WAT,06/17/2022,320.40,322.87,310.34,310.83,9256
WAT,06/16/2022,317.16,318.63,313.16,318.09,3899
WAT,06/15/2022,326.20,327.21,318.02,324.26,4395
WAT,06/14/2022,319.89,323.50,316.58,321.49,4820
WAT,06/13/2022,321.66,324.85,316.71,320.45,6232
WAT,06/10/2022,330.89,332.67,327.56,329.71,4689
WAT,06/09/2022,336.81,344.15,334.92,336.98,2662
WAT,06/08/2022,340.24,343.48,337.33,338.74,2999
WAT,06/07/2022,336.38,343.81,336.38,342.75,2846
WAT,06/06/2022,339.73,342.11,336.13,337.16,3588
WAT,06/03/2022,329.86,341.73,326.69,339.01,6429
WAT,06/02/2022,322.23,333.86,321.29,333.03,2641
WAT,06/01/2022,329.59,332.17,320.02,321.80,2337
WAT,05/31/2022,331.57,331.62,324.52,327.95,6761
WAT,05/27/2022,322.31,335.24,322.03,335.06,4122
WAT,05/26/2022,308.99,320.94,308.99,319.89,3816
WAT,05/25/2022,316.97,316.97,304.62,307.81,4864
WAT,05/24/2022,320.79,320.79,313.75,317.45,2937
WAT,05/23/2022,322.65,323.74,314.25,321.16,2720
WAT,05/20/2022,325.24,327.63,309.94,318.95,5146
WAT,05/19/2022,328.78,330.47,318.20,323.83,4795
WAT,05/18/2022,328.30,332.56,327.51,330.19,3475
WAT,05/17/2022,330.87,334.61,325.60,331.86,4327
WAT,05/16/2022,317.82,321.74,315.59,320.93,2588
WAT,05/13/2022,317.59,326.32,316.91,320.42,2539
WAT,05/12/2022,309.40,314.85,306.09,313.95,3433
WAT,05/11/2022,320.27,324.35,311.23,311.66,3083
WAT,05/10/2022,320.29,323.34,309.66,321.43,4261
WAT,05/09/2022,323.81,324.92,314.71,316.29,5496
WAT,05/06/2022,330.05,331.16,321.69,327.93,3872
WAT,05/05/2022,336.89,337.89,325.75,333.24,6400
WAT,05/04/2022,327.12,344.12,322.73,342.47,6516
WAT,05/03/2022,313.46,329.52,313.00,326.93,8937
WAT,05/02/2022,301.18,305.22,296.56,302.38,6666
WAT,04/29/2022,304.91,313.11,302.79,303.02,7040
WAT,04/28/2022,299.84,307.92,299.15,306.12,5760
WAT,04/27/2022,289.63,297.98,289.63,293.76,4485
WAT,04/26/2022,293.03,298.17,288.71,288.88,5558
WAT,04/25/2022,296.44,296.65,288.32,296.20,3210
WAT,04/22/2022,305.33,305.33,295.99,296.44,3531
WAT,04/21/2022,315.50,316.12,305.93,307.38,3423
WAT,04/20/2022,303.81,314.23,301.57,313.64,3890
WAT,04/19/2022,292.70,301.24,292.00,300.80,4150
WAT,04/18/2022,293.83,295.85,290.36,292.39,3062
WAT,04/14/2022,299.50,300.79,293.41,295.39,2728
WAT,04/13/2022,292.24,299.76,292.24,298.59,4020
WAT,04/12/2022,302.61,306.21,292.51,293.93,3764
WAT,04/11/2022,309.95,310.00,301.04,302.58,2197
WAT,04/08/2022,313.49,317.05,311.65,312.12,2856
WAT,04/07/2022,302.94,315.49,302.88,313.75,3915
WAT,04/06/2022,302.04,304.34,296.37,304.14,5742
WAT,04/05/2022,307.47,310.33,303.47,305.35,4404
WAT,04/04/2022,308.70,313.29,308.02,310.31,3466
WAT,04/01/2022,312.20,312.20,304.01,308.58,3591
WAT,03/31/2022,322.41,322.94,310.21,310.39,4406
WAT,03/30/2022,326.38,327.40,320.14,321.66,5010
WAT,03/29/2022,332.47,334.64,325.68,326.83,4787
WAT,03/28/2022,327.13,329.47,323.87,327.81,2452
WAT,03/25/2022,327.28,327.44,321.59,325.97,1773
WAT,03/24/2022,325.14,325.33,320.48,325.11,2611
WAT,03/23/2022,336.69,336.69,323.30,323.86,3793
WAT,03/22/2022,338.61,341.67,336.11,339.80,3803
WAT,03/21/2022,338.80,342.10,335.95,338.08,3928
WAT,03/18/2022,329.67,338.88,328.79,338.14,9010
WAT,03/17/2022,326.12,331.36,325.58,330.79,2949
WAT,03/16/2022,321.08,327.80,318.76,327.04,3079
WAT,03/15/2022,314.97,318.39,313.24,317.34,2894
WAT,03/14/2022,316.01,321.10,310.11,311.00,4029
WAT,03/11/2022,322.18,325.00,312.13,312.97,2867
WAT,03/10/2022,318.18,321.43,315.16,319.59,2558
WAT,03/09/2022,315.08,322.19,312.18,321.08,3231
WAT,03/08/2022,312.19,317.58,307.11,307.11,4226
WAT,03/07/2022,321.01,321.01,307.48,315.29,4801
WAT,03/04/2022,319.54,323.89,312.72,323.01,3193
WAT,03/03/2022,319.02,323.05,315.79,321.49,2866
WAT,03/02/2022,314.08,317.85,313.74,315.78,2308
WAT,03/01/2022,316.05,317.67,311.51,313.59,2612
WAT,02/28/2022,320.37,322.72,313.36,316.73,4297
WAT,02/25/2022,312.00,324.66,310.85,323.65,4042
WAT,02/24/2022,298.07,313.45,297.65,312.44,4540
WAT,02/23/2022,315.78,318.67,306.27,306.54,3020
WAT,02/22/2022,314.20,318.89,312.44,314.48,2527
WAT,02/18/2022,315.98,319.00,313.64,316.18,3009
WAT,02/17/2022,318.31,320.23,312.20,314.98,3913
WAT,02/16/2022,318.57,320.66,313.55,319.56,2953
WAT,02/15/2022,322.82,328.09,317.34,319.90,3158
WAT,02/14/2022,320.46,323.89,316.52,318.05,3071
