WMG,06/23/2023,26.03,26.14,25.95,26.06,447
WMG,06/22/2023,26.38,26.62,26.10,26.34,10688
WMG,06/21/2023,26.55,26.68,26.11,26.44,13285
WMG,06/20/2023,27.04,27.04,26.34,26.51,11121
WMG,06/16/2023,27.04,27.79,26.86,27.16,19114
WMG,06/15/2023,25.98,26.94,25.71,26.86,20592
WMG,06/14/2023,25.02,26.11,24.91,25.96,21542
WMG,06/13/2023,24.99,25.43,24.74,24.97,11709
WMG,06/12/2023,24.88,25.01,24.55,24.90,10775
WMG,06/09/2023,24.85,25.05,24.56,24.84,7980
WMG,06/08/2023,24.82,25.10,24.52,24.80,13306
WMG,06/07/2023,24.61,25.29,24.38,24.82,36689
WMG,06/06/2023,24.09,24.85,24.02,24.48,14224
WMG,06/05/2023,24.34,24.49,23.99,24.23,12881
WMG,06/02/2023,24.14,24.45,23.97,24.34,23280
WMG,06/01/2023,24.53,24.86,24.08,24.39,15998
WMG,05/31/2023,24.21,24.48,23.62,24.45,21017
WMG,05/30/2023,25.02,25.02,24.03,24.27,27074
WMG,05/26/2023,25.21,25.27,24.64,24.96,23157
WMG,05/25/2023,25.49,25.52,25.00,25.21,15377
WMG,05/24/2023,25.81,26.08,25.26,25.39,23006
WMG,05/23/2023,25.98,26.35,25.64,26.00,17268
WMG,05/22/2023,25.63,26.37,25.37,26.25,17292
WMG,05/19/2023,26.10,26.12,25.51,25.62,16644
WMG,05/18/2023,26.17,26.40,25.77,26.07,12519
WMG,05/17/2023,25.60,26.44,25.60,26.18,11129
WMG,05/16/2023,26.15,26.26,25.43,25.50,23577
WMG,05/15/2023,25.17,26.66,25.11,26.34,16276
WMG,05/12/2023,25.78,25.93,24.84,25.29,26481
WMG,05/11/2023,26.04,26.27,25.61,25.85,22235
WMG,05/10/2023,26.00,26.62,25.43,26.22,68607
WMG,05/09/2023,28.50,28.67,25.01,25.76,51192
WMG,05/08/2023,27.63,28.66,27.63,28.49,22765
WMG,05/05/2023,26.84,27.58,26.73,27.56,18030
WMG,05/04/2023,27.68,27.87,26.57,26.63,20959
WMG,05/03/2023,29.33,29.79,27.90,27.92,23843
WMG,05/02/2023,30.98,31.00,29.22,29.39,14170
WMG,05/01/2023,30.47,31.07,30.47,31.07,13416
WMG,04/28/2023,30.45,30.69,30.13,30.47,17698
WMG,04/27/2023,30.57,30.64,29.94,30.40,10731
WMG,04/26/2023,31.14,31.56,30.49,30.70,12323
WMG,04/25/2023,31.21,31.64,30.75,30.98,19211
WMG,04/24/2023,31.02,31.91,30.89,31.35,10893
WMG,04/21/2023,31.37,31.41,30.87,31.13,7177
WMG,04/20/2023,30.62,31.41,30.53,31.25,12196
WMG,04/19/2023,30.59,30.99,30.45,30.75,15415
WMG,04/18/2023,31.32,31.49,30.69,30.72,9356
WMG,04/17/2023,31.35,31.35,30.86,31.07,8531
WMG,04/14/2023,31.61,31.80,31.00,31.36,6536
WMG,04/13/2023,31.87,32.56,31.73,31.84,13821
WMG,04/12/2023,32.25,32.31,31.55,31.66,7766
WMG,04/11/2023,32.33,33.01,31.95,31.98,7768
WMG,04/10/2023,31.34,32.34,31.17,32.12,9186
WMG,04/06/2023,31.50,31.61,30.65,31.54,15579
WMG,04/05/2023,32.75,32.85,31.19,31.84,18342
WMG,04/04/2023,33.47,33.93,32.85,33.14,12867
WMG,04/03/2023,33.28,33.78,33.05,33.56,9908
WMG,03/31/2023,33.05,33.42,32.62,33.37,5979
WMG,03/30/2023,32.97,33.03,32.00,32.89,7153
WMG,03/29/2023,32.75,32.97,32.53,32.63,10014
WMG,03/28/2023,31.71,32.51,31.71,32.43,7248
WMG,03/27/2023,31.72,32.00,31.53,31.86,7943
WMG,03/24/2023,31.07,31.66,30.75,31.50,7206
WMG,03/23/2023,30.99,31.78,30.92,31.35,8840
WMG,03/22/2023,31.26,31.70,30.85,30.87,16805
WMG,03/21/2023,30.56,30.91,30.43,30.57,6898
WMG,03/20/2023,30.08,30.49,29.79,30.34,7059
WMG,03/17/2023,29.94,30.27,29.46,30.21,8717
WMG,03/16/2023,29.84,30.11,29.43,30.10,7452
WMG,03/15/2023,29.07,30.23,28.99,30.00,10228
WMG,03/14/2023,29.85,30.33,29.53,29.75,10449
WMG,03/13/2023,29.59,30.17,28.99,29.47,8988
WMG,03/10/2023,29.88,30.22,29.40,29.75,14022
WMG,03/09/2023,30.94,30.94,29.91,30.04,9001
WMG,03/08/2023,31.47,31.99,30.83,30.96,10031
WMG,03/07/2023,32.11,32.55,31.49,31.51,12749
WMG,03/06/2023,31.90,32.22,31.84,32.11,20522
WMG,03/03/2023,31.31,32.00,31.23,31.81,23498
WMG,03/02/2023,30.95,31.33,30.68,31.17,12555
WMG,03/01/2023,31.32,31.61,30.92,31.21,10465
WMG,02/28/2023,32.00,32.18,31.48,31.56,39756
WMG,02/27/2023,32.66,32.66,31.86,31.90,7836
WMG,02/24/2023,32.30,32.40,31.95,32.20,6942
WMG,02/23/2023,32.78,33.17,32.36,32.94,7321
WMG,02/22/2023,32.21,33.04,32.05,32.75,9592
WMG,02/21/2023,32.52,32.86,31.84,31.91,9985
WMG,02/17/2023,33.40,33.47,32.74,33.19,10582
WMG,02/16/2023,34.29,34.56,33.66,33.69,9068
WMG,02/15/2023,34.03,34.77,33.99,34.74,8817
WMG,02/14/2023,33.98,34.30,33.44,34.02,11096
WMG,02/13/2023,34.54,34.54,33.72,34.07,8851
WMG,02/10/2023,35.09,35.09,33.59,34.33,14920
WMG,02/09/2023,33.41,35.80,32.45,35.09,29181
WMG,02/08/2023,36.80,37.09,36.50,36.66,9503
WMG,02/07/2023,36.85,36.97,36.20,36.97,13306
WMG,02/06/2023,36.91,37.16,36.25,37.00,11200
WMG,02/03/2023,36.81,37.56,36.66,37.04,6921
WMG,02/02/2023,37.36,37.75,37.02,37.42,12404
WMG,02/01/2023,36.26,37.28,36.07,36.99,13175
WMG,01/31/2023,36.00,36.86,36.00,36.45,13373
WMG,01/30/2023,35.69,36.46,35.37,36.11,9781
WMG,01/27/2023,36.34,36.66,35.76,35.77,11063
WMG,01/26/2023,36.10,36.61,35.99,36.47,10044
WMG,01/25/2023,35.13,36.52,34.86,36.03,11180
WMG,01/24/2023,35.53,36.11,35.33,35.47,9569
WMG,01/23/2023,34.57,36.00,34.25,35.55,13297
WMG,01/20/2023,34.76,35.79,34.75,35.57,14761
WMG,01/19/2023,33.30,34.81,33.30,34.40,13610
WMG,01/18/2023,33.07,33.79,33.07,33.57,13675
WMG,01/17/2023,32.50,33.38,32.04,33.15,19685
WMG,01/13/2023,33.00,33.18,31.35,32.58,33900
WMG,01/12/2023,37.56,37.93,34.16,34.45,45255
WMG,01/11/2023,38.61,38.61,37.36,37.78,14827
WMG,01/10/2023,38.21,38.75,37.78,38.44,11423
WMG,01/09/2023,37.98,38.72,37.87,38.59,10723
WMG,01/06/2023,37.30,38.41,36.99,37.91,14724
WMG,01/05/2023,36.73,37.48,36.27,37.05,12766
WMG,01/04/2023,35.63,36.52,35.38,36.51,22122
WMG,01/03/2023,35.59,35.90,34.93,35.35,11103
WMG,12/30/2022,34.83,35.22,34.73,35.02,9111
WMG,12/29/2022,35.05,35.82,34.85,35.32,5907
WMG,12/28/2022,35.09,35.59,34.69,34.75,7068
WMG,12/27/2022,35.62,35.62,35.05,35.26,4213
WMG,12/23/2022,35.53,36.00,35.18,35.62,5441
WMG,12/22/2022,35.10,35.48,34.95,35.39,5978
WMG,12/21/2022,35.77,36.54,35.18,35.34,9621
WMG,12/20/2022,34.14,35.59,33.75,35.48,14901
WMG,12/19/2022,34.38,34.73,33.96,34.03,22715
WMG,12/16/2022,33.29,33.97,33.13,33.64,13299
WMG,12/15/2022,33.41,33.90,33.07,33.42,8966
WMG,12/14/2022,34.00,34.77,33.75,34.15,10468
WMG,12/13/2022,34.65,34.69,33.95,34.28,14294
WMG,12/12/2022,33.00,33.45,32.46,33.33,14585
WMG,12/09/2022,33.20,33.94,33.04,33.31,13135
WMG,12/08/2022,33.16,33.67,32.84,33.22,9905
WMG,12/07/2022,33.28,33.42,32.78,33.00,8125
WMG,12/06/2022,33.89,33.92,32.82,33.25,13217
WMG,12/05/2022,34.26,34.43,33.66,33.75,12557
WMG,12/02/2022,33.88,34.59,33.74,34.34,7565
WMG,12/01/2022,34.49,34.75,34.05,34.21,12988
WMG,11/30/2022,33.47,34.37,32.90,34.27,19251
WMG,11/29/2022,32.60,32.97,32.20,32.90,17930
WMG,11/28/2022,32.29,32.66,31.95,32.61,15447
WMG,11/25/2022,32.66,32.81,32.23,32.60,6824
WMG,11/23/2022,31.85,32.41,31.65,32.19,18019
WMG,11/22/2022,28.30,31.69,28.30,31.09,34714
WMG,11/21/2022,27.11,27.29,26.60,26.98,13288
WMG,11/18/2022,28.17,28.17,27.25,27.38,5084
WMG,11/17/2022,27.59,28.19,27.14,27.74,5857
WMG,11/16/2022,28.80,29.01,27.92,28.15,6923
WMG,11/15/2022,29.00,29.49,28.76,28.88,8342
WMG,11/14/2022,28.54,29.27,27.98,28.50,16190
WMG,11/11/2022,27.48,28.70,27.33,28.47,9446
WMG,11/10/2022,27.73,27.84,26.87,27.32,12695
WMG,11/09/2022,26.25,26.73,25.89,26.58,6680
WMG,11/08/2022,27.11,27.39,26.25,26.59,8317
WMG,11/07/2022,25.50,26.90,25.39,26.85,10150
WMG,11/04/2022,25.43,25.69,25.10,25.53,7997
WMG,11/03/2022,24.87,25.33,24.36,25.13,6462
WMG,11/02/2022,26.59,26.59,25.31,25.41,9237
WMG,11/01/2022,26.52,26.90,26.36,26.68,6105
WMG,10/31/2022,26.17,26.34,25.71,26.02,8174
WMG,10/28/2022,26.54,26.54,25.91,26.20,9216
WMG,10/27/2022,26.90,27.42,25.37,26.58,26084
WMG,10/26/2022,26.93,27.99,26.89,27.03,16952
WMG,10/25/2022,25.67,27.75,25.46,27.33,22051
WMG,10/24/2022,23.73,27.40,22.63,25.81,99886
WMG,10/21/2022,23.83,24.06,23.46,23.85,6855
WMG,10/20/2022,23.70,24.27,23.62,24.00,6794
WMG,10/19/2022,24.10,24.53,23.64,23.82,14148
WMG,10/18/2022,24.55,24.85,23.71,24.01,9598
WMG,10/17/2022,23.45,24.20,23.31,23.94,7823
WMG,10/14/2022,24.07,24.29,23.10,23.22,10741
WMG,10/13/2022,22.96,24.17,22.57,23.76,13862
WMG,10/12/2022,22.60,23.85,22.33,23.67,18588
WMG,10/11/2022,23.30,23.52,21.57,22.71,18967
WMG,10/10/2022,22.86,23.20,22.08,22.35,7814
WMG,10/07/2022,23.55,23.56,22.38,22.78,8144
WMG,10/06/2022,24.50,24.55,23.58,23.83,8163
WMG,10/05/2022,24.56,24.68,24.12,24.50,5934
WMG,10/04/2022,24.54,25.15,24.54,25.02,11824
WMG,10/03/2022,23.35,24.45,23.26,24.14,8190
WMG,09/30/2022,23.06,24.02,22.79,23.21,14448
WMG,09/29/2022,23.66,23.66,22.75,23.13,10179
WMG,09/28/2022,23.93,24.30,23.78,24.08,10481
WMG,09/27/2022,24.24,24.60,23.74,23.78,8336
WMG,09/26/2022,25.01,25.32,23.95,24.00,9501
WMG,09/23/2022,24.99,25.13,24.46,25.04,11672
WMG,09/22/2022,25.59,25.65,24.83,25.06,19293
WMG,09/21/2022,25.63,26.73,25.32,25.70,22265
WMG,09/20/2022,26.48,26.49,25.23,25.70,12627
WMG,09/19/2022,26.62,26.92,26.08,26.72,11999
WMG,09/16/2022,26.70,26.99,26.53,26.85,10301
WMG,09/15/2022,27.40,28.05,27.18,27.27,4721
WMG,09/14/2022,27.57,27.86,27.18,27.65,5510
WMG,09/13/2022,27.63,27.89,27.42,27.59,5083
WMG,09/12/2022,28.38,28.76,28.09,28.68,6022
WMG,09/09/2022,27.74,28.33,27.74,28.14,6253
WMG,09/08/2022,27.06,27.80,26.81,27.49,4585
WMG,09/07/2022,26.58,27.48,26.58,27.30,4449
WMG,09/06/2022,26.54,26.80,26.27,26.80,3637
WMG,09/02/2022,27.49,27.49,26.58,26.79,3189
WMG,09/01/2022,26.44,27.27,26.30,27.23,8782
WMG,08/31/2022,27.27,27.65,26.76,26.77,3717
WMG,08/30/2022,27.50,27.71,26.82,27.14,11029
WMG,08/29/2022,27.15,27.54,27.13,27.22,6866
WMG,08/26/2022,28.83,28.92,27.32,27.40,7933
WMG,08/25/2022,28.20,28.95,28.02,28.82,8411
WMG,08/24/2022,28.43,28.95,27.98,28.02,10249
WMG,08/23/2022,27.79,28.57,27.79,28.39,9327
WMG,08/22/2022,27.84,28.18,27.61,28.07,10086
WMG,08/19/2022,28.91,29.05,27.94,28.33,5678
WMG,08/18/2022,29.00,29.26,28.74,29.26,9405
WMG,08/17/2022,30.01,30.06,29.17,29.30,9024
WMG,08/16/2022,30.20,30.36,29.69,30.19,5488
WMG,08/15/2022,30.19,30.60,30.10,30.27,6006
WMG,08/12/2022,30.60,30.75,30.08,30.30,5950
WMG,08/11/2022,30.31,31.01,29.55,29.97,9933
WMG,08/10/2022,30.17,30.40,29.46,29.89,16593
WMG,08/09/2022,31.00,31.30,28.86,29.50,24138
WMG,08/08/2022,31.59,32.20,31.43,32.03,22532
WMG,08/05/2022,31.37,31.85,31.16,31.50,10249
WMG,08/04/2022,32.01,32.36,31.66,31.91,6747
WMG,08/03/2022,31.17,32.15,31.17,32.01,5984
WMG,08/02/2022,30.83,31.33,30.07,31.13,11679
WMG,08/01/2022,29.80,31.22,29.56,31.14,8748
WMG,07/29/2022,29.48,30.06,29.19,30.00,7472
WMG,07/28/2022,29.35,29.68,28.91,29.64,5049
WMG,07/27/2022,28.20,29.42,28.07,29.35,9035
WMG,07/26/2022,27.84,28.14,27.69,27.86,18528
WMG,07/25/2022,27.57,28.32,27.50,28.18,8029
WMG,07/22/2022,28.29,28.42,27.44,27.49,9087
WMG,07/21/2022,28.40,28.78,27.99,28.43,9921
WMG,07/20/2022,27.24,28.51,27.15,28.32,11745
WMG,07/19/2022,26.52,27.16,26.37,27.02,10638
WMG,07/18/2022,25.85,26.57,25.83,26.31,7920
WMG,07/15/2022,25.18,25.90,24.90,25.74,5325
WMG,07/14/2022,25.47,25.81,24.62,24.89,7561
WMG,07/13/2022,24.92,25.59,24.41,25.48,11362
WMG,07/12/2022,25.25,26.24,25.25,25.50,7530
WMG,07/11/2022,25.26,25.54,24.80,25.23,6380
WMG,07/08/2022,25.54,25.92,25.16,25.28,5895
WMG,07/07/2022,25.23,25.90,25.08,25.85,5177
WMG,07/06/2022,25.54,25.77,24.97,25.05,4491
WMG,07/05/2022,24.06,25.65,24.01,25.64,4792
WMG,07/01/2022,24.17,24.82,24.09,24.57,6000
WMG,06/30/2022,24.53,24.60,23.73,24.36,6831
WMG,06/29/2022,24.70,25.04,24.20,24.89,8361
WMG,06/28/2022,25.53,25.88,24.64,24.70,9974
WMG,06/27/2022,26.18,26.21,25.00,25.32,7260
WMG,06/24/2022,25.49,26.23,25.49,26.19,4596
WMG,06/23/2022,25.39,25.77,25.00,25.18,5839
WMG,06/22/2022,24.65,25.51,24.65,25.19,8381
WMG,06/21/2022,25.45,25.83,25.12,25.39,7135
WMG,06/17/2022,24.46,25.39,24.27,25.09,6909
WMG,06/16/2022,25.38,25.66,24.19,24.39,11454
WMG,06/15/2022,25.96,26.46,25.61,26.19,10950
WMG,06/14/2022,26.23,26.62,25.72,26.08,7460
WMG,06/13/2022,26.58,26.82,25.73,26.05,8668
WMG,06/10/2022,27.88,27.92,27.05,27.41,4949
WMG,06/09/2022,28.41,28.73,28.10,28.25,6208
WMG,06/08/2022,28.72,29.55,28.51,28.71,7313
WMG,06/07/2022,28.35,28.98,28.13,28.68,8057
WMG,06/06/2022,29.54,29.56,28.44,28.65,8175
WMG,06/03/2022,30.47,30.48,29.29,29.42,5458
WMG,06/02/2022,29.15,30.76,28.97,30.41,7634
WMG,06/01/2022,29.96,30.14,28.90,29.33,11217
WMG,05/31/2022,29.72,30.05,29.05,29.69,5865
WMG,05/27/2022,28.99,29.93,28.62,29.72,8603
WMG,05/26/2022,28.04,29.24,27.80,28.94,7828
WMG,05/25/2022,27.36,28.01,27.20,27.96,6247
WMG,05/24/2022,28.44,28.44,26.35,27.56,14953
WMG,05/23/2022,29.86,29.95,28.76,29.19,6435
WMG,05/20/2022,30.27,30.53,29.14,29.76,7690
WMG,05/19/2022,28.83,30.95,28.77,30.07,24818
WMG,05/18/2022,28.79,29.96,28.67,29.13,10797
WMG,05/17/2022,28.96,29.62,28.36,29.14,11106
WMG,05/16/2022,29.02,29.73,28.74,28.80,8117
WMG,05/13/2022,28.75,29.70,28.65,29.08,19373
WMG,05/12/2022,25.33,28.85,25.23,28.77,24052
WMG,05/11/2022,25.77,26.00,24.39,25.39,39972
WMG,05/10/2022,27.80,28.42,25.35,25.78,28706
WMG,05/09/2022,28.42,29.40,27.10,27.27,25878
WMG,05/06/2022,29.20,29.20,28.17,29.14,37058
WMG,05/05/2022,30.78,30.78,27.88,29.13,37192
WMG,05/04/2022,30.05,30.84,28.75,30.70,30315
WMG,05/03/2022,30.39,30.92,29.58,29.87,26179
WMG,05/02/2022,29.88,30.68,29.52,30.38,26528
WMG,04/29/2022,30.04,30.85,29.67,29.77,17054
WMG,04/28/2022,30.22,30.65,29.42,30.25,22145
WMG,04/27/2022,29.69,30.13,29.36,29.80,13810
WMG,04/26/2022,31.03,31.03,29.83,29.86,17819
WMG,04/25/2022,30.79,31.33,30.12,31.20,20526
WMG,04/22/2022,31.91,32.17,31.29,31.34,15810
WMG,04/21/2022,32.81,33.18,31.79,31.88,17476
WMG,04/20/2022,34.36,34.44,32.43,32.67,34897
WMG,04/19/2022,34.71,35.72,34.71,34.81,11068
WMG,04/18/2022,35.70,35.70,34.43,34.89,11730
WMG,04/14/2022,37.07,37.23,35.60,35.65,11015
WMG,04/13/2022,36.68,37.93,36.36,37.31,11951
WMG,04/12/2022,37.68,38.39,36.59,36.72,5478
WMG,04/11/2022,37.16,37.89,36.63,37.09,7783
WMG,04/08/2022,37.32,37.73,36.81,37.30,9935
WMG,04/07/2022,36.92,37.79,36.85,37.57,11603
WMG,04/06/2022,35.80,36.35,35.30,36.28,12031
WMG,04/05/2022,38.05,38.22,35.91,36.08,12500
WMG,04/04/2022,37.12,38.12,37.01,37.83,17300
WMG,04/01/2022,37.91,38.15,36.90,36.98,7215
WMG,03/31/2022,37.62,38.39,37.50,37.85,7470
WMG,03/30/2022,38.68,38.89,37.75,37.82,5793
WMG,03/29/2022,38.24,39.31,38.08,38.99,9301
WMG,03/28/2022,37.78,38.23,37.33,38.05,5472
WMG,03/25/2022,38.39,38.89,37.59,37.91,5856
WMG,03/24/2022,38.05,38.39,36.70,38.27,10801
WMG,03/23/2022,36.48,37.86,36.48,37.42,6083
WMG,03/22/2022,36.29,37.25,36.29,36.88,8497
WMG,03/21/2022,36.84,37.22,35.82,36.16,7333
WMG,03/18/2022,35.80,37.34,35.58,37.21,18943
WMG,03/17/2022,35.25,36.49,35.09,36.18,10400
WMG,03/16/2022,35.49,36.78,34.76,35.47,12796
WMG,03/15/2022,33.03,35.13,32.70,34.99,13457
WMG,03/14/2022,31.88,33.87,31.88,32.75,15221
WMG,03/11/2022,33.93,34.00,31.52,31.79,21117
WMG,03/10/2022,32.58,33.57,32.32,33.25,12033
WMG,03/09/2022,32.56,34.40,32.11,33.44,20208
WMG,03/08/2022,30.57,32.38,29.34,31.77,38449
WMG,03/07/2022,33.30,33.35,30.13,30.30,24637
WMG,03/04/2022,34.73,34.80,32.73,33.02,26325
WMG,03/03/2022,35.67,35.69,34.36,34.56,12157
WMG,03/02/2022,36.16,36.66,34.97,35.63,9738
WMG,03/01/2022,36.34,36.72,35.40,35.71,12337
WMG,02/28/2022,36.04,36.47,35.12,36.22,16929
WMG,02/25/2022,36.60,37.01,36.00,36.51,7005
WMG,02/24/2022,34.60,36.78,34.55,36.49,17315
WMG,02/23/2022,36.01,36.61,35.30,35.47,9209
WMG,02/22/2022,36.21,37.08,35.96,36.09,10100
WMG,02/18/2022,36.25,36.88,36.08,36.63,13205
WMG,02/17/2022,36.66,37.35,36.21,36.31,11793
WMG,02/16/2022,37.61,38.26,36.82,37.01,12154
WMG,02/15/2022,38.14,38.40,37.49,38.08,16974
WMG,02/14/2022,38.00,38.50,37.15,37.55,9832
