WYNN,06/23/2023,103.77,104.00,101.89,103.83,2914
WYNN,06/22/2023,105.60,106.97,104.81,105.32,11972
WYNN,06/21/2023,105.08,106.88,104.80,106.35,15946
WYNN,06/20/2023,104.96,107.14,104.62,106.17,27199
WYNN,06/16/2023,105.30,105.30,103.41,103.73,21718
WYNN,06/15/2023,103.43,105.61,102.34,104.57,22338
WYNN,06/14/2023,103.94,104.75,102.78,103.50,15889
WYNN,06/13/2023,104.09,105.37,103.37,104.00,17749
WYNN,06/12/2023,103.10,103.74,102.32,103.58,17245
WYNN,06/09/2023,103.05,103.37,101.11,102.21,16274
WYNN,06/08/2023,100.83,103.23,100.04,103.06,25826
WYNN,06/07/2023,102.52,103.66,101.81,103.26,15504
WYNN,06/06/2023,100.24,104.23,100.16,102.74,25700
WYNN,06/05/2023,100.00,101.44,98.65,100.57,17952
WYNN,06/02/2023,97.96,101.55,97.48,100.35,38116
WYNN,06/01/2023,97.51,98.96,95.07,96.48,54737
WYNN,05/31/2023,98.81,99.03,96.44,98.70,32062
WYNN,05/30/2023,102.18,102.44,98.75,99.51,31209
WYNN,05/26/2023,100.88,101.90,100.54,101.13,17794
WYNN,05/25/2023,101.18,102.75,100.35,101.02,18311
WYNN,05/24/2023,100.58,102.24,100.09,101.09,21134
WYNN,05/23/2023,107.19,107.19,101.29,101.88,37155
WYNN,05/22/2023,110.25,111.40,108.20,108.41,16545
WYNN,05/19/2023,109.91,110.40,108.98,110.28,18418
WYNN,05/18/2023,108.98,110.44,107.80,110.30,24219
WYNN,05/17/2023,106.39,111.05,105.50,108.92,55819
WYNN,05/16/2023,105.00,105.51,102.14,103.05,21962
WYNN,05/15/2023,106.00,106.53,105.01,105.71,22916
WYNN,05/12/2023,106.75,107.90,104.60,105.39,23626
WYNN,05/11/2023,110.39,110.69,105.62,106.90,44631
WYNN,05/10/2023,113.49,113.50,108.01,111.50,50097
WYNN,05/09/2023,111.32,112.48,108.53,111.70,28566
WYNN,05/08/2023,111.98,113.16,110.78,112.76,17730
WYNN,05/05/2023,110.75,111.85,109.39,110.78,15095
WYNN,05/04/2023,108.62,110.38,108.48,109.25,16005
WYNN,05/03/2023,111.82,112.08,108.47,109.33,24521
WYNN,05/02/2023,114.82,115.24,112.61,113.20,17429
WYNN,05/01/2023,115.00,117.86,114.79,115.60,27701
WYNN,04/28/2023,109.99,115.01,109.80,114.28,26178
WYNN,04/27/2023,111.40,111.47,107.54,110.22,22263
WYNN,04/26/2023,111.67,112.54,109.07,109.45,13548
WYNN,04/25/2023,113.34,113.63,111.19,111.63,18628
WYNN,04/24/2023,113.84,115.18,113.01,114.48,16504
WYNN,04/21/2023,112.86,114.60,112.57,114.11,19154
WYNN,04/20/2023,115.00,116.99,112.81,113.69,49810
WYNN,04/19/2023,111.06,113.93,110.95,112.12,19699
WYNN,04/18/2023,112.55,114.25,112.09,112.15,19446
WYNN,04/17/2023,111.88,113.25,111.22,111.34,11720
WYNN,04/14/2023,109.89,111.62,109.44,110.99,11058
WYNN,04/13/2023,107.62,110.98,107.31,110.26,20528
WYNN,04/12/2023,108.13,108.53,105.51,106.06,18203
WYNN,04/11/2023,110.45,110.76,107.80,107.98,16120
WYNN,04/10/2023,108.55,110.89,108.48,109.92,17256
WYNN,04/06/2023,108.35,109.15,107.06,109.12,13447
WYNN,04/05/2023,111.41,111.95,108.13,108.60,21827
WYNN,04/04/2023,112.80,112.91,110.50,112.10,21371
WYNN,04/03/2023,115.13,117.17,112.71,113.33,36979
WYNN,03/31/2023,109.46,112.04,109.46,111.91,35666
WYNN,03/30/2023,110.27,110.68,108.10,109.00,18855
WYNN,03/29/2023,108.49,111.30,108.38,109.05,29976
WYNN,03/28/2023,106.68,107.87,105.73,107.21,16410
WYNN,03/27/2023,106.72,107.39,104.98,106.34,14469
WYNN,03/24/2023,104.53,106.70,103.02,106.58,22685
WYNN,03/23/2023,106.71,108.93,104.88,106.20,21658
WYNN,03/22/2023,108.90,108.90,105.73,105.75,21394
WYNN,03/21/2023,109.58,110.73,108.05,108.19,16165
WYNN,03/20/2023,106.84,109.33,106.50,107.64,14513
WYNN,03/17/2023,107.24,107.63,104.69,107.04,20541
WYNN,03/16/2023,103.26,108.43,103.08,107.44,25883
WYNN,03/15/2023,105.75,106.42,101.35,104.86,30518
WYNN,03/14/2023,107.77,109.20,107.34,108.33,20264
WYNN,03/13/2023,107.29,107.51,105.64,106.25,25829
WYNN,03/10/2023,108.49,111.45,106.14,108.34,33624
WYNN,03/09/2023,112.69,113.48,109.53,109.63,27982
WYNN,03/08/2023,113.46,113.66,112.04,113.54,9715
WYNN,03/07/2023,115.01,115.23,112.56,113.16,20820
WYNN,03/06/2023,116.36,116.36,114.33,115.40,22627
WYNN,03/03/2023,114.00,116.51,113.45,115.83,25582
WYNN,03/02/2023,111.76,114.34,111.16,113.41,38807
WYNN,03/01/2023,110.00,112.74,109.75,112.22,32874
WYNN,02/28/2023,105.12,108.99,104.94,108.37,26943
WYNN,02/27/2023,106.43,106.50,104.17,105.14,19520
WYNN,02/24/2023,104.31,106.24,103.76,105.53,19303
WYNN,02/23/2023,108.63,109.88,105.37,105.84,17690
WYNN,02/22/2023,107.00,108.88,106.19,107.67,32589
WYNN,02/21/2023,107.23,108.97,106.32,107.15,18045
WYNN,02/17/2023,107.65,109.14,106.51,109.01,26598
WYNN,02/16/2023,107.55,109.19,107.02,108.47,20108
WYNN,02/15/2023,108.00,109.08,107.44,108.46,17480
WYNN,02/14/2023,108.35,110.20,108.13,109.08,19721
WYNN,02/13/2023,108.35,110.33,108.32,109.28,22662
WYNN,02/10/2023,107.82,110.56,107.50,108.64,27129
WYNN,02/09/2023,109.05,111.77,107.74,108.59,69953
WYNN,02/08/2023,103.43,104.38,102.72,103.62,24044
WYNN,02/07/2023,102.94,104.04,101.01,103.54,19993
WYNN,02/06/2023,101.62,104.12,101.02,102.94,21403
WYNN,02/03/2023,101.71,104.62,101.61,102.96,21388
WYNN,02/02/2023,104.48,105.47,101.17,102.96,27094
WYNN,02/01/2023,104.51,105.30,101.80,104.32,23791
WYNN,01/31/2023,99.36,104.48,99.10,103.64,29674
WYNN,01/30/2023,100.93,101.84,99.30,99.36,21691
WYNN,01/27/2023,102.22,104.34,102.06,102.99,18636
WYNN,01/26/2023,102.35,103.29,99.42,102.85,49848
WYNN,01/25/2023,98.00,99.43,97.17,98.59,22360
WYNN,01/24/2023,99.83,99.90,98.51,99.13,15138
WYNN,01/23/2023,99.27,100.93,99.01,100.29,16524
WYNN,01/20/2023,99.13,100.26,98.79,99.27,19051
WYNN,01/19/2023,98.16,99.89,97.61,98.93,20378
WYNN,01/18/2023,99.00,99.30,97.60,98.35,18011
WYNN,01/17/2023,99.20,99.71,97.51,98.01,21902
WYNN,01/13/2023,98.73,100.39,97.88,100.25,18172
WYNN,01/12/2023,96.24,99.77,95.69,98.61,26291
WYNN,01/11/2023,96.79,97.64,95.53,96.24,36645
WYNN,01/10/2023,94.10,97.60,94.10,97.47,25795
WYNN,01/09/2023,94.60,95.89,94.20,94.33,26664
WYNN,01/06/2023,92.00,94.72,91.64,93.57,28768
WYNN,01/05/2023,89.55,92.40,89.17,91.34,28446
WYNN,01/04/2023,86.70,92.35,86.70,90.90,56486
WYNN,01/03/2023,86.12,86.50,83.93,85.61,32819
WYNN,12/30/2022,80.17,82.66,80.10,82.47,15841
WYNN,12/29/2022,80.45,82.13,79.33,81.26,14214
WYNN,12/28/2022,83.52,83.85,80.06,80.09,20951
WYNN,12/27/2022,81.45,86.00,81.44,84.33,40036
WYNN,12/23/2022,80.71,81.35,79.63,80.72,10189
WYNN,12/22/2022,82.05,82.83,80.11,81.24,17018
WYNN,12/21/2022,83.32,84.80,82.40,82.60,16572
WYNN,12/20/2022,81.34,82.75,80.75,82.57,15421
WYNN,12/19/2022,84.83,84.96,80.74,81.56,32835
WYNN,12/16/2022,84.55,86.26,83.95,86.01,28153
WYNN,12/15/2022,85.59,86.76,84.02,84.95,24825
WYNN,12/14/2022,86.54,87.65,85.58,86.32,15816
WYNN,12/13/2022,87.73,88.61,85.87,86.67,21768
WYNN,12/12/2022,84.16,86.57,83.25,86.41,18256
WYNN,12/09/2022,86.47,87.00,84.62,84.99,18881
WYNN,12/08/2022,87.72,89.65,85.79,86.43,27406
WYNN,12/07/2022,83.96,85.44,82.83,84.96,16274
WYNN,12/06/2022,85.87,86.50,84.90,85.41,19977
WYNN,12/05/2022,86.54,87.34,84.58,85.77,23911
WYNN,12/02/2022,82.55,85.79,82.53,85.15,25060
WYNN,12/01/2022,83.65,85.14,83.03,84.04,24331
WYNN,11/30/2022,80.97,83.93,80.76,83.66,39448
WYNN,11/29/2022,80.61,82.41,79.73,80.29,44534
WYNN,11/28/2022,78.80,79.50,75.62,78.20,74211
WYNN,11/25/2022,75.83,75.87,74.31,74.93,13015
WYNN,11/23/2022,75.03,75.75,74.44,75.36,10718
WYNN,11/22/2022,74.37,75.68,73.39,75.57,12966
WYNN,11/21/2022,74.12,74.61,72.73,74.34,20595
WYNN,11/18/2022,78.73,78.98,75.58,76.00,18222
WYNN,11/17/2022,75.24,79.01,74.80,78.03,23701
WYNN,11/16/2022,77.95,78.42,76.47,77.08,24206
WYNN,11/15/2022,80.00,80.50,77.54,78.40,26627
WYNN,11/14/2022,78.37,79.88,77.32,78.07,31879
WYNN,11/11/2022,75.00,78.83,74.76,77.98,62584
WYNN,11/10/2022,71.80,74.13,71.42,72.00,48095
WYNN,11/09/2022,69.49,70.27,67.97,68.28,40161
WYNN,11/08/2022,72.50,72.72,68.98,70.42,35571
WYNN,11/07/2022,70.37,72.79,69.87,72.28,33650
WYNN,11/04/2022,69.29,71.26,68.34,70.81,40458
WYNN,11/03/2022,66.25,67.96,65.13,66.48,28193
WYNN,11/02/2022,66.93,70.08,66.51,67.13,53302
WYNN,11/01/2022,67.10,68.32,65.70,67.86,73440
WYNN,10/31/2022,61.70,65.34,61.22,63.90,138213
WYNN,10/28/2022,55.40,58.45,55.23,58.30,34699
WYNN,10/27/2022,57.28,58.10,55.56,55.79,33503
WYNN,10/26/2022,57.36,58.96,57.02,57.13,44738
WYNN,10/25/2022,56.99,58.14,56.65,57.44,35998
WYNN,10/24/2022,56.67,57.49,53.81,56.53,54788
WYNN,10/21/2022,55.82,58.93,55.39,58.80,39869
WYNN,10/20/2022,54.69,58.08,54.69,56.13,48388
WYNN,10/19/2022,54.50,56.52,54.18,54.48,49129
WYNN,10/18/2022,58.60,60.47,56.42,56.59,45115
WYNN,10/17/2022,57.44,58.25,56.29,57.30,28366
WYNN,10/14/2022,57.54,58.35,55.08,56.35,46595
WYNN,10/13/2022,56.37,59.57,55.34,57.10,51768
WYNN,10/12/2022,59.82,59.83,56.85,58.71,54065
WYNN,10/11/2022,63.54,63.98,57.42,59.64,89120
WYNN,10/10/2022,72.21,72.40,63.63,64.14,57215
WYNN,10/07/2022,72.90,73.79,71.47,73.09,29325
WYNN,10/06/2022,72.23,74.37,72.13,74.17,33751
WYNN,10/05/2022,69.63,72.69,68.84,72.18,31258
WYNN,10/04/2022,66.00,70.79,66.00,70.74,38091
WYNN,10/03/2022,63.23,65.20,61.37,64.61,28710
WYNN,09/30/2022,64.00,65.06,62.83,63.03,28158
WYNN,09/29/2022,65.66,65.92,63.42,64.35,23218
WYNN,09/28/2022,67.05,67.71,65.72,66.76,35561
WYNN,09/27/2022,68.08,69.10,65.89,66.56,56905
WYNN,09/26/2022,63.68,68.89,63.49,66.80,135998
WYNN,09/23/2022,59.17,59.69,57.64,59.65,31114
WYNN,09/22/2022,64.03,64.57,59.56,60.19,38751
WYNN,09/21/2022,67.50,67.50,63.95,63.99,43416
WYNN,09/20/2022,67.50,70.22,66.70,67.80,62594
WYNN,09/19/2022,64.32,67.33,64.32,65.89,31851
WYNN,09/16/2022,64.20,65.62,62.77,65.42,37813
WYNN,09/15/2022,62.10,66.95,61.37,65.23,69851
WYNN,09/14/2022,62.64,62.70,58.18,60.69,42674
WYNN,09/13/2022,62.42,64.10,61.86,62.68,25648
WYNN,09/12/2022,63.40,64.80,63.35,64.51,20530
WYNN,09/09/2022,62.54,63.23,62.10,62.78,12538
WYNN,09/08/2022,59.35,61.76,58.90,61.67,15127
WYNN,09/07/2022,57.91,60.38,57.91,60.31,15118
WYNN,09/06/2022,59.29,59.51,57.19,58.20,15756
WYNN,09/02/2022,59.64,60.40,58.29,59.18,14159
WYNN,09/01/2022,59.84,59.92,57.25,59.18,22469
WYNN,08/31/2022,60.75,61.63,59.86,60.59,14267
WYNN,08/30/2022,62.72,63.36,59.39,60.21,17186
WYNN,08/29/2022,61.66,62.98,61.11,62.41,11149
WYNN,08/26/2022,65.27,66.11,62.29,62.33,15526
WYNN,08/25/2022,63.60,65.72,63.60,64.95,14464
WYNN,08/24/2022,61.50,63.45,61.04,62.82,13166
WYNN,08/23/2022,60.23,62.23,60.23,61.49,13838
WYNN,08/22/2022,62.08,62.13,60.34,60.50,25335
WYNN,08/19/2022,64.79,65.25,63.56,63.67,13292
WYNN,08/18/2022,65.24,65.56,64.12,65.51,18977
WYNN,08/17/2022,66.78,66.81,64.77,65.42,20677
WYNN,08/16/2022,68.00,68.58,67.15,67.84,15087
WYNN,08/15/2022,68.09,69.54,67.77,68.33,14960
WYNN,08/12/2022,67.61,68.77,66.94,68.74,17674
WYNN,08/11/2022,66.37,68.94,65.92,67.57,26431
WYNN,08/10/2022,64.92,67.11,63.75,65.35,40271
WYNN,08/09/2022,65.44,66.10,64.01,66.03,24323
WYNN,08/08/2022,67.11,68.92,65.86,65.89,22823
WYNN,08/05/2022,65.85,67.06,65.72,66.71,17539
WYNN,08/04/2022,66.81,67.88,66.50,67.10,16065
WYNN,08/03/2022,65.30,66.67,65.00,66.29,19677
WYNN,08/02/2022,62.58,65.14,62.30,64.41,18566
WYNN,08/01/2022,62.69,63.79,61.07,63.54,21854
WYNN,07/29/2022,63.30,63.68,61.63,63.48,17552
WYNN,07/28/2022,63.19,63.84,61.81,63.65,15396
WYNN,07/27/2022,62.08,63.49,61.75,63.29,17582
WYNN,07/26/2022,61.89,62.16,60.85,61.25,12997
WYNN,07/25/2022,61.86,62.36,60.05,62.23,21584
WYNN,07/22/2022,63.93,64.17,61.17,61.73,24663
WYNN,07/21/2022,62.00,63.84,61.21,63.68,29123
WYNN,07/20/2022,60.36,61.96,59.75,61.92,22972
WYNN,07/19/2022,57.34,59.85,57.34,59.57,25045
WYNN,07/18/2022,56.38,58.07,56.23,56.55,23569
WYNN,07/15/2022,54.61,55.73,53.85,55.47,20790
WYNN,07/14/2022,53.64,54.87,53.18,54.28,19991
WYNN,07/13/2022,53.64,55.02,52.81,54.49,26507
WYNN,07/12/2022,52.81,55.19,52.74,54.73,46343
WYNN,07/11/2022,53.80,54.27,50.81,52.81,91869
WYNN,07/08/2022,57.52,57.59,55.76,56.46,23089
WYNN,07/07/2022,56.54,58.70,56.36,57.86,23962
WYNN,07/06/2022,57.12,58.22,55.40,55.84,30981
WYNN,07/05/2022,56.72,57.83,55.52,57.79,23508
WYNN,07/01/2022,56.72,58.30,56.02,58.18,16846
WYNN,06/30/2022,56.84,58.01,55.05,56.98,33129
WYNN,06/29/2022,58.58,59.20,56.97,58.00,28219
WYNN,06/28/2022,61.24,62.99,59.41,59.51,51763
WYNN,06/27/2022,58.55,59.24,56.68,57.69,23044
WYNN,06/24/2022,52.71,58.30,52.69,58.29,70399
WYNN,06/23/2022,53.42,53.97,50.20,52.02,55610
WYNN,06/22/2022,53.08,54.95,52.88,53.40,28149
WYNN,06/21/2022,56.10,56.54,54.25,54.30,31192
WYNN,06/17/2022,55.11,55.82,53.60,54.96,32737
WYNN,06/16/2022,57.63,58.13,54.20,54.49,41283
WYNN,06/15/2022,58.58,60.95,58.14,59.34,33566
WYNN,06/14/2022,58.11,59.86,57.39,58.01,38773
WYNN,06/13/2022,59.32,59.95,56.79,57.61,64535
WYNN,06/10/2022,64.59,65.62,61.68,62.29,29959
WYNN,06/09/2022,69.37,69.39,66.21,66.28,27172
WYNN,06/08/2022,67.50,70.74,67.31,70.28,25075
WYNN,06/07/2022,65.49,67.51,65.18,67.46,12931
WYNN,06/06/2022,66.76,69.33,66.16,66.84,23980
WYNN,06/03/2022,65.61,66.33,64.84,65.23,14475
WYNN,06/02/2022,65.22,67.06,65.13,66.67,19149
WYNN,06/01/2022,67.13,68.34,63.97,65.13,29521
WYNN,05/31/2022,66.02,67.17,64.61,66.10,25407
WYNN,05/27/2022,65.07,65.86,64.60,65.26,20131
WYNN,05/26/2022,60.30,65.21,60.29,64.43,27264
WYNN,05/25/2022,57.57,60.22,57.50,59.72,28175
WYNN,05/24/2022,60.76,61.00,57.41,58.19,40016
WYNN,05/23/2022,63.43,63.69,61.12,61.94,22998
WYNN,05/20/2022,64.11,64.50,61.17,63.07,23276
WYNN,05/19/2022,62.12,64.53,62.00,62.80,20542
WYNN,05/18/2022,65.70,65.96,62.25,62.82,27761
WYNN,05/17/2022,65.96,67.13,64.66,66.40,35307
WYNN,05/16/2022,64.93,67.57,63.79,63.94,35596
WYNN,05/13/2022,60.77,66.72,60.73,66.27,59514
WYNN,05/12/2022,58.00,59.90,56.36,58.56,53823
WYNN,05/11/2022,61.15,63.38,58.60,58.85,66881
WYNN,05/10/2022,62.64,63.41,59.72,61.65,57216
WYNN,05/09/2022,64.83,65.30,61.03,61.33,46203
WYNN,05/06/2022,68.10,68.61,65.37,66.30,27088
WYNN,05/05/2022,70.99,71.16,67.53,68.49,28919
WYNN,05/04/2022,72.03,72.63,68.14,71.96,35140
WYNN,05/03/2022,71.80,73.18,70.44,71.69,17959
WYNN,05/02/2022,70.96,72.25,69.02,71.71,20945
WYNN,04/29/2022,70.91,74.29,70.29,70.48,23389
WYNN,04/28/2022,68.98,71.47,66.81,70.74,24669
WYNN,04/27/2022,68.12,69.60,66.01,67.95,29885
WYNN,04/26/2022,71.15,71.60,67.90,68.22,36527
WYNN,04/25/2022,71.02,72.58,70.08,72.21,24572
WYNN,04/22/2022,75.42,76.35,73.05,73.20,22988
WYNN,04/21/2022,78.66,79.72,74.84,75.42,25523
WYNN,04/20/2022,77.82,79.28,77.56,77.75,18940
WYNN,04/19/2022,73.80,78.66,73.76,77.80,34966
WYNN,04/18/2022,73.50,73.78,72.25,73.46,16226
WYNN,04/14/2022,73.42,74.78,73.11,73.97,15480
WYNN,04/13/2022,72.35,74.46,72.18,73.57,21328
WYNN,04/12/2022,72.60,73.62,71.11,71.50,19466
WYNN,04/11/2022,71.30,73.76,70.38,71.29,24718
WYNN,04/08/2022,73.54,74.25,72.01,72.23,23916
WYNN,04/07/2022,75.94,76.14,71.53,73.97,33796
WYNN,04/06/2022,77.49,77.77,75.06,76.17,28983
WYNN,04/05/2022,81.66,82.39,78.28,79.07,27807
WYNN,04/04/2022,81.04,83.18,80.27,81.84,21436
WYNN,04/01/2022,81.68,83.27,80.15,80.63,30788
WYNN,03/31/2022,81.37,82.71,79.69,79.74,22857
WYNN,03/30/2022,81.35,82.55,80.30,81.17,14170
WYNN,03/29/2022,81.69,83.76,81.06,81.75,27135
WYNN,03/28/2022,80.50,81.08,77.87,80.13,19802
WYNN,03/25/2022,80.76,81.71,79.79,80.27,16167
WYNN,03/24/2022,79.31,81.79,77.70,81.37,25721
WYNN,03/23/2022,79.15,80.37,78.47,78.64,16249
WYNN,03/22/2022,78.33,81.24,78.23,79.93,25372
WYNN,03/21/2022,78.97,79.64,77.29,78.30,23633
WYNN,03/18/2022,75.70,79.71,75.31,79.65,34320
WYNN,03/17/2022,74.01,77.43,73.80,76.91,27900
WYNN,03/16/2022,72.62,75.87,72.13,75.17,45709
WYNN,03/15/2022,66.38,70.40,66.33,69.52,45668
WYNN,03/14/2022,70.20,70.43,66.36,66.88,58667
WYNN,03/11/2022,77.65,77.93,72.17,72.32,33939
WYNN,03/10/2022,75.38,78.05,74.82,76.53,22677
WYNN,03/09/2022,75.13,78.85,74.96,77.27,55408
WYNN,03/08/2022,73.01,75.53,70.28,71.74,49295
WYNN,03/07/2022,80.54,80.88,72.00,72.07,63043
WYNN,03/04/2022,84.26,84.87,80.26,81.27,49259
WYNN,03/03/2022,87.88,88.22,84.60,85.29,40296
WYNN,03/02/2022,83.91,89.91,83.62,88.63,69338
WYNN,03/01/2022,85.91,86.63,81.01,81.64,43793
WYNN,02/28/2022,86.65,87.62,84.45,86.52,23404
WYNN,02/25/2022,86.93,87.79,84.70,87.77,25686
WYNN,02/24/2022,82.31,86.80,81.70,86.48,44124
WYNN,02/23/2022,89.99,90.53,86.87,87.19,20886
WYNN,02/22/2022,91.71,91.89,87.40,88.55,42763
WYNN,02/18/2022,93.16,95.05,92.14,93.15,29555
WYNN,02/17/2022,93.50,95.47,93.04,93.87,26182
WYNN,02/16/2022,93.27,95.67,91.88,94.23,40177
WYNN,02/15/2022,93.69,96.50,92.85,96.26,36806
WYNN,02/14/2022,92.15,94.39,91.35,92.06,22104
